learning evaluation instances,evaluation time (cpu seconds),model cost (RAM-Hours),classified instances,classifications correct (percent),Kappa Statistic (percent),Kappa Temporal Statistic (percent),Kappa M Statistic (percent),model training instances,model serialized size (bytes)
100.0,0.536904763,1.1043140697078986E-7,100.0,56.00000000000001,3.0409872190392555,12.00000000000001,-4.76190476190474,100.0,795056.0
200.0,1.018177438,2.0942031952928338E-7,200.0,53.5,6.155398587285586,3.1250000000000027,0.0,200.0,795056.0
300.0,1.299018506,2.6718414732832876E-7,300.0,56.99999999999999,14.403255772803671,13.99999999999999,6.5217391304347645,300.0,795056.0
400.0,1.5349741,3.1571586100219026E-7,400.0,57.25,14.61100569259963,18.181818181818187,8.064516129032254,400.0,795056.0
500.0,1.821938912,3.7473922999448247E-7,500.0,55.800000000000004,11.404380872967524,12.648221343873528,5.555555555555561,500.0,795056.0
600.0,2.183730934,4.491531759558204E-7,600.0,55.666666666666664,11.333333333333329,11.333333333333329,5.338078291814951,600.0,795056.0
700.0,2.522035995,5.187362872376417E-7,700.0,56.14285714285714,12.512823853181123,14.48467966573815,4.953560371517015,700.0,795056.0
800.0,2.845247952,5.852150254068771E-7,800.0,56.375,12.997955825896193,13.613861386138609,5.9299191374663005,800.0,795056.0
900.0,3.176431606,6.533333946174465E-7,900.0,56.44444444444444,13.081183357313202,12.69487750556793,6.888361045130627,900.0,795056.0
1000.0,3.496899371,7.192477031067055E-7,1000.0,57.599999999999994,15.362503992334704,14.170040485829949,9.594882729211072,1000.0,795056.0
1100.0,4.202169178,8.644225454432723E-7,1100.0,56.18181818181818,12.643466054193345,10.074626865671638,5.49019607843136,1100.0,795680.0
1200.0,4.509324182,9.276482483388276E-7,1200.0,55.25,10.679137951109166,7.093425605536334,4.107142857142857,1200.0,795680.0
1300.0,4.815729023,9.907195354431909E-7,1300.0,54.53846153846153,9.199423263289761,5.741626794258371,3.7459283387622113,1300.0,795680.0
1400.0,5.135535657,1.0565494876236591E-6,1400.0,54.0,8.053854171128348,4.451038575667663,4.1666666666666705,1400.0,795680.0
1500.0,5.504448081,1.1324875222008303E-6,1500.0,53.46666666666666,6.9624437509330255,3.32409972299167,3.7241379310344636,1500.0,795680.0
1600.0,5.872175483,1.2081816283121746E-6,1600.0,53.0,5.986485557298877,2.0833333333333353,2.5906735751295473,1600.0,795680.0
1700.0,6.211542095,1.2780378647516213E-6,1700.0,52.470588235294116,4.914197107829894,1.3431013431013428,1.3431013431013428,1700.0,795680.0
1800.0,6.533572491,1.3443255627402043E-6,1800.0,52.05555555555556,4.07629435869316,0.8045977011494133,0.576036866359445,1800.0,795680.0
1900.0,6.853017082,1.4100809909088373E-6,1900.0,52.1578947368421,4.331690023818765,0.9803921568627435,0.8724100327153697,1900.0,795680.0
2000.0,7.173636527,1.476078254531825E-6,2000.0,51.949999999999996,3.8819298028029117,0.6204756980351608,0.3112033195020635,2000.0,795680.0
2100.0,7.496435822,1.5425228888512322E-6,2100.0,52.095238095238095,4.124733150350704,1.8536585365853726,-0.19920318725099062,2100.0,795664.0
2200.0,7.811899532,1.6074575748207092E-6,2200.0,51.90909090909091,3.7745224899561727,1.6728624535315977,0.09442870632670665,2200.0,795664.0
2300.0,8.121804947,1.6712481477625713E-6,2300.0,52.347826086956516,4.645469373674159,3.008849557522124,0.904159132007228,2300.0,795664.0
2400.0,8.430022057,1.7346912019518146E-6,2400.0,52.33333333333333,4.632758314067232,3.4599156118143473,1.3793103448275723,2400.0,795664.0
2500.0,8.731002365,1.7966446411698357E-6,2500.0,52.52,5.03161239200647,3.7307380373073746,2.3848684210526425,2500.0,795664.0
2600.0,9.0313355,1.8584648670444807E-6,2600.0,52.730769230769226,5.479212170978675,3.532182103610663,2.6148969889064926,2600.0,795664.0
2700.0,9.329944439,1.919930186404491E-6,2700.0,52.77777777777778,5.564157119296682,4.351087771942998,2.9680365296803726,2700.0,795664.0
2800.0,9.626177944,1.980906549171582E-6,2800.0,53.107142857142854,6.218304929788723,5.130057803468207,3.5976505139500654,2800.0,795664.0
2900.0,9.991010248,2.056003209550555E-6,2900.0,53.03448275862069,6.068965517241387,4.353932584269676,3.060498220640582,2900.0,795664.0
3000.0,10.365016746,2.1329882754339613E-6,3000.0,53.0,5.984957593214926,4.600811907983774,2.5570145127850674,3000.0,795664.0
3100.0,10.690668004,2.200021302465068E-6,3100.0,53.12903225806451,6.258064516129025,5.280312907431551,2.939211756847021,3100.0,795680.0
3200.0,11.001880323,2.2640821751915005E-6,3200.0,53.125,6.242528701505903,5.183312262958283,2.5974025974025885,3200.0,795680.0
3300.0,11.322913652,2.3301646339325114E-6,3300.0,53.24242424242425,6.470694555062153,5.453431372549022,2.465233881163089,3300.0,795680.0
3400.0,11.644269737,2.3963135297320043E-6,3400.0,52.70588235294118,5.387243960458963,4.56973293768547,1.2891344383057184,3400.0,795680.0
3500.0,11.965053372,2.462344590714707E-6,3500.0,52.400000000000006,4.79673588808758,4.032258064516133,1.1275964391691438,3500.0,795680.0
3600.0,12.277946562,2.5267514589452583E-6,3600.0,52.5,4.984603986757122,4.415874790385688,1.2131715771230551,3600.0,795680.0
3700.0,12.575317585,2.587963197986128E-6,3700.0,52.35135135135135,4.66654702060854,3.9237057220708493,0.6760563380281621,3700.0,795680.0
3800.0,12.873523931,2.6493468824067963E-6,3800.0,52.34210526315789,4.661656801913795,3.7725823591923398,0.9841443411700367,3800.0,795680.0
3900.0,13.172185795,2.7108243320123274E-6,3900.0,52.53846153846153,5.0467078281320195,4.043545878693605,1.332622601279313,3900.0,795680.0
4000.0,13.484644897,2.7751418462731858E-6,4000.0,52.47500000000001,4.935502664156294,3.989898989898999,1.5535991714137882,4000.0,795680.0
4100.0,13.816708909,2.8434935192468685E-6,4100.0,52.41463414634146,4.800498901512185,4.174852652259336,1.265182186234819,4100.0,795664.0
4200.0,14.115632512,2.905023608681465E-6,4200.0,52.38095238095239,4.739093987131622,4.214559386973179,1.380670611439851,4200.0,795664.0
4300.0,14.341762417,2.951569927335622E-6,4300.0,52.3953488372093,4.7710853592778815,4.3010752688172005,1.5392015392015437,4300.0,795664.0
4400.0,14.662239252,3.0175365091691297E-6,4400.0,52.45454545454545,4.895041312921226,4.735883424408023,1.8301267010793143,4400.0,795664.0
4500.0,14.987673125,3.0845234419833215E-6,4500.0,52.37777777777778,4.752771043973246,4.882379050155347,1.8772893772893688,4500.0,795664.0
4600.0,15.3090205,3.1506692147656827E-6,4600.0,52.3695652173913,4.728108431448023,4.614714845450575,1.6606822262118328,4600.0,795664.0
4700.0,15.558528469,3.202027647131475E-6,4700.0,52.297872340425535,4.598422316802334,4.55512984248617,1.5803336259877017,4700.0,795664.0
4800.0,15.826612242,3.2572097015530997E-6,4800.0,52.29166666666667,4.585934029228718,4.304220643543674,1.4205768402927403,4800.0,795664.0
4900.0,16.06727714,3.3067478863906083E-6,4900.0,52.204081632653065,4.413068017501147,4.290968532897432,0.9725158562367981,4900.0,795664.0
5000.0,16.316667221,3.358082052826543E-6,5000.0,52.059999999999995,4.110365009476147,4.081632653061219,0.580671920364976,5000.0,795664.0
5100.0,16.587699822,3.413869968739012E-6,5100.0,51.98039215686274,3.94633748836041,4.073638856247551,0.40666937779585055,5100.0,795648.0
5200.0,16.895440078,3.477213594049274E-6,5200.0,52.07692307692307,4.142714797502363,4.6306926903941825,0.7171314741035739,5200.0,795648.0
5300.0,17.206807464,3.5413038085989744E-6,5300.0,52.15094339622641,4.303944479086326,4.733283245679932,0.8600469116497124,5300.0,795648.0
5400.0,17.521707518,3.606121168830056E-6,5400.0,52.11111111111111,4.220106918685023,4.7864506627393135,0.7293666026871314,5400.0,795648.0
5500.0,17.830439119,3.6696688473475566E-6,5500.0,52.18181818181819,4.361499119781982,4.882459312839069,0.8669430833019212,5500.0,795648.0
5600.0,18.14075059,3.733541717943012E-6,5600.0,52.28571428571429,4.581834506568486,5.079928952042637,0.816629547141812,5600.0,795648.0
5700.0,18.450912513,3.797383806369761E-6,5700.0,52.21052631578947,4.441052657492431,4.855047153335656,0.5476451259583807,5700.0,795648.0
5800.0,18.747522814,3.858436500657856E-6,5800.0,52.224137931034484,4.454001805361508,4.972565157750348,0.8941344778254839,5800.0,795648.0
5900.0,19.044179541,3.919498751028041E-6,5900.0,52.305084745762706,4.613939994787897,5.252525252525247,1.1591148577449881,5900.0,795648.0
6000.0,19.339737276,3.9803347907023225E-6,6000.0,52.2,4.394486748735842,4.875621890547269,0.9668508287292902,6000.0,795648.0
6100.0,19.640049982,4.042150811495186E-6,6100.0,52.24590163934426,4.484451584771261,4.8971596474045,0.7495741056218056,6100.0,795664.0
6200.0,19.936199551,4.103109896972913E-6,6200.0,52.32258064516129,4.6398326316465335,5.07385998715478,1.0046885465505548,6200.0,795664.0
6300.0,20.229779219,4.163539996994888E-6,6300.0,52.20634920634921,4.410925836266459,4.745333755140794,0.8887425938117289,6300.0,795664.0
6400.0,20.521105024,4.223506164458271E-6,6400.0,52.4375,4.875000000000007,5.34825870646767,1.1367327054238434,6400.0,795664.0
6500.0,20.830818263,4.287257180114096E-6,6500.0,52.41538461538462,4.822118744046806,5.1226993865030765,0.9606147934678344,6500.0,795664.0
6600.0,21.128962653,4.348626877244112E-6,6600.0,52.530303030303024,5.04447495671899,5.518697225572977,1.1047979797979695,6600.0,795664.0
6700.0,21.423165747,4.409185302554391E-6,6700.0,52.537313432835816,5.066548322891365,5.525846702317287,1.3341607198262475,6700.0,795664.0
6800.0,21.719276322,4.470136361552164E-6,6800.0,52.51470588235294,5.016856899424077,5.50190225343869,1.25382262996941,6800.0,795664.0
6900.0,21.969471624,4.521636273749381E-6,6900.0,52.43478260869565,4.859101916774553,5.3633217993079585,1.1743450767841082,6900.0,795664.0
7000.0,22.182135009,4.565410659469313E-6,7000.0,52.528571428571425,5.057142857142849,5.4084827782521945,1.5407407407407225,7000.0,795664.0
7100.0,22.405985968,4.611487882509108E-6,7100.0,52.54929577464789,5.095895602509456,5.285352825414671,1.4912280701754412,7100.0,795664.0
7200.0,22.670845912,4.666006347690201E-6,7200.0,52.541666666666664,5.076887936835212,5.2412645590682185,1.4421690222093977,7200.0,795664.0
7300.0,22.989315076,4.7315596728422506E-6,7300.0,52.47945205479452,4.9525545335736485,5.088919288645689,1.3647995450668173,7300.0,795664.0
7400.0,23.307872038,4.797131070233287E-6,7400.0,52.391891891891895,4.773600332424157,4.732287723093571,1.1503928170594835,7400.0,795664.0
7500.0,23.607186042,4.858741519359136E-6,7500.0,52.400000000000006,4.790947946482099,4.749199573105666,1.2448132780082999,7500.0,795664.0
7600.0,23.901198185,4.919260639535964E-6,7600.0,52.434210526315795,4.870832221288588,4.968454258675093,1.44492911668485,7600.0,795664.0
7700.0,24.194300121,4.97959240375444E-6,7700.0,52.41558441558441,4.834693591041904,4.855881589197613,1.4258810868980467,7700.0,795664.0
7800.0,24.487409551,5.039925710529226E-6,7800.0,52.43589743589744,4.861267686621747,4.774127310061602,1.2772751463544485,7800.0,795664.0
7900.0,24.792465659,5.102718107715105E-6,7900.0,52.44303797468355,4.882710799959096,4.813782619711176,1.4944939695857402,7900.0,795664.0
8000.0,25.10993354,5.16806532993008E-6,8000.0,52.425,4.848852239280138,4.659318637274548,1.4245014245014171,8000.0,795664.0
8100.0,25.395254933,5.22679555615746E-6,8100.0,52.456790123456784,4.914716458806515,4.725383473527944,1.2817226352217208,8100.0,795664.0
8200.0,25.615106587,5.2720495668719096E-6,8200.0,52.47560975609756,4.942488471278982,4.881620698071764,1.0913705583756355,8200.0,795664.0
8300.0,25.851785653,5.320767312650843E-6,8300.0,52.51807228915663,5.018143662122993,4.852728150651855,1.0047726701833788,8300.0,795664.0
8400.0,26.108699734,5.373650210562846E-6,8400.0,52.55952380952381,5.09516000626007,5.073844687946641,0.9691848906560694,8400.0,795664.0
8500.0,26.428791166,5.439537461487652E-6,8500.0,52.48235294117647,4.940496957010494,4.650613786591114,0.8347655290940346,8500.0,795664.0
8600.0,26.707025644,5.4968089253108955E-6,8600.0,52.48837209302326,4.950357500543563,4.710820895522406,0.8011653313911333,8600.0,795664.0
8700.0,27.025717253,5.562408038285007E-6,8700.0,52.42528735632184,4.82144144742309,4.675264854905571,0.6481036965914536,8700.0,795664.0
8800.0,27.33977815,5.627053970845641E-6,8800.0,52.38636363636363,4.7379487511246365,4.512306289881487,0.47505938242278856,8800.0,795664.0
8900.0,27.660777816,5.693128171608755E-6,8900.0,52.438202247191015,4.843709460884828,4.49007220216606,0.6804317221961643,8900.0,795664.0
9000.0,27.980024695,5.758841580718794E-6,9000.0,52.36666666666666,4.699279209104044,4.372072273031432,0.579777365491649,9000.0,795664.0
9100.0,28.307009654,5.826147787285018E-6,9100.0,52.32967032967033,4.624396862707571,4.386158254353094,0.5274019720247677,9100.0,795664.0
9200.0,28.629603252,5.892550081171354E-6,9200.0,52.25,4.464431511883289,4.458460200086986,0.36289408029030856,9200.0,795664.0
9300.0,28.949949447,5.958489772218041E-6,9300.0,52.25806451612903,4.475308213568886,4.433921653034859,0.31432420296362057,9300.0,795664.0
9400.0,29.270355759,6.024441837678624E-6,9400.0,52.297872340425535,4.553919508412927,4.473796335747775,0.4440497335701721,9400.0,795664.0
9500.0,29.588017312,6.089828925114549E-6,9500.0,52.33684210526316,4.62507205888874,4.673684210526319,0.43975373790676897,9500.0,795664.0
9600.0,29.903647719,6.15479792380211E-6,9600.0,52.35416666666667,4.660684365471725,4.648738795080252,0.5435964340073852,9600.0,795664.0
9700.0,30.21838432,6.21958294249423E-6,9700.0,52.350515463917525,4.646743721624837,4.602683178534569,0.47372954349699287,9700.0,795664.0
9800.0,30.499895917,6.277528964710101E-6,9800.0,52.408163265306115,4.7667465360975,4.660670482420267,0.7237122179650771,9800.0,795664.0
9900.0,30.717055047,6.322228749392005E-6,9900.0,52.43434343434343,4.819578782367796,4.733967226380749,0.8422825858075437,9900.0,795664.0
10000.0,30.925528978,6.365140782735896E-6,10000.0,52.470000000000006,4.890413666068951,4.730406895169385,0.9585330277141172,10000.0,795664.0
