learning evaluation instances,evaluation time (cpu seconds),model cost (RAM-Hours),classified instances,classifications correct (percent),Kappa Statistic (percent),Kappa Temporal Statistic (percent),Kappa M Statistic (percent),model training instances,model serialized size (bytes)
100.0,0.530507276,1.091155618914134E-7,100.0,56.00000000000001,3.0409872190392555,12.00000000000001,-4.76190476190474,100.0,795056.0
200.0,0.969665506,1.9944230988061262E-7,200.0,53.5,6.155398587285586,3.1250000000000027,0.0,200.0,795056.0
300.0,1.315063413,2.704842887627706E-7,300.0,56.99999999999999,14.403255772803671,13.99999999999999,6.5217391304347645,300.0,795056.0
400.0,1.666539563,3.427764501217049E-7,400.0,57.25,14.61100569259963,18.181818181818187,8.064516129032254,400.0,795056.0
500.0,2.050912761,4.218349274945383E-7,500.0,55.800000000000004,11.404380872967524,12.648221343873528,5.555555555555561,500.0,795056.0
600.0,2.412536482,4.962142570443535E-7,600.0,55.666666666666664,11.333333333333329,11.333333333333329,5.338078291814951,600.0,795056.0
700.0,2.752781774,5.661964380568681E-7,700.0,56.14285714285714,12.512823853181123,14.48467966573815,4.953560371517015,700.0,795056.0
800.0,3.070432289,6.315312901830467E-7,800.0,56.375,12.997955825896193,13.613861386138609,5.9299191374663005,800.0,795056.0
900.0,3.41011203,7.013971477859965E-7,900.0,56.44444444444444,13.081183357313202,12.69487750556793,6.888361045130627,900.0,795056.0
1000.0,3.730587602,7.673130620311615E-7,1000.0,57.599999999999994,15.362503992334704,14.170040485829949,9.594882729211072,1000.0,795056.0
1100.0,4.487027189,9.337071639917088E-7,1100.0,57.45454545454546,15.159545539943252,12.686567164179117,8.235294117647065,1100.0,850288.0
1200.0,4.87185915,1.0183586942087694E-6,1200.0,58.166666666666664,16.549146512768356,13.148788927335644,10.357142857142858,1200.0,850288.0
1300.0,5.273112029,1.1066223356253697E-6,1300.0,56.92307692307692,14.007961350830978,10.685805422647526,8.794788273615632,1300.0,850288.0
1400.0,5.62708992,1.1844868925563826E-6,1400.0,57.214285714285715,14.487208771128374,11.127596439169146,10.86309523809524,1400.0,850288.0
1500.0,5.948633491,1.2552168684291715E-6,1500.0,57.13333333333333,14.295311078252956,10.94182825484764,11.310344827586203,1500.0,850288.0
1600.0,6.273608965,1.3267017603950824E-6,1600.0,56.875,13.735982097090767,10.156249999999991,10.62176165803109,1600.0,850288.0
1700.0,6.601224015,1.3987672801938365E-6,1700.0,57.05882352941176,14.084945827131435,10.86691086691087,10.86691086691087,1700.0,850288.0
1800.0,6.928271655,1.4707079867503752E-6,1800.0,57.166666666666664,14.299688025669344,11.379310344827575,11.175115207373269,1800.0,850288.0
1900.0,7.256113024,1.5428232899652918E-6,1900.0,57.263157894736835,14.540803608917269,11.546840958605658,11.450381679389302,1900.0,850288.0
2000.0,7.582120808,1.6145352592792776E-6,2000.0,57.35,14.681229870571519,11.789038262668056,11.514522821576763,2000.0,850288.0
2100.0,7.999513143,1.7063542816926622E-6,2100.0,56.952380952380956,13.854441959747927,11.8048780487805,9.960159362549811,2100.0,850336.0
2200.0,8.295120392,1.7713827126088408E-6,2200.0,56.40909090909091,12.789640245898656,10.873605947955397,9.442870632672324,2200.0,850336.0
2300.0,8.570429451,1.831945896307288E-6,2300.0,56.434782608695656,12.841094406641709,11.3274336283186,9.403254972875235,2300.0,850336.0
2400.0,8.867664002,1.897332305236674E-6,2400.0,56.25,12.488331777570345,11.392405063291143,9.482758620689644,2400.0,850336.0
2500.0,9.212673733,1.973228419197475E-6,2500.0,56.279999999999994,12.55742569061232,11.354420113544188,10.115131578947372,2500.0,850336.0
2600.0,9.561739588,2.050016809583207E-6,2600.0,56.11538461538461,12.23471607193995,10.439560439560431,9.587955625990489,2600.0,850336.0
2700.0,9.967182371,2.139207139299305E-6,2700.0,55.592592592592595,11.18664713338053,10.052513128282081,8.751902587519032,2700.0,850336.0
2800.0,10.310243796,2.2146746599744096E-6,2800.0,55.57142857142857,11.14344649754874,10.115606936416192,8.66372980910426,2800.0,850336.0
2900.0,10.62617595,2.284174214941644E-6,2900.0,55.79310344827586,11.58620689655172,9.971910112359552,8.754448398576512,2900.0,850336.0
3000.0,10.970957954,2.3600202329405314E-6,3000.0,56.03333333333333,12.066822992314693,10.757780784844394,8.845888044229435,3000.0,850336.0
3100.0,11.329576573,2.438905611337361E-6,3100.0,56.16129032258065,12.322580645161295,11.40808344198176,9.218436873747503,3100.0,850288.0
3200.0,11.66035294,2.511666526396051E-6,3200.0,56.03125,12.061469470345358,11.061946902654867,8.636363636363626,3200.0,850288.0
3300.0,11.998827744,2.5861208675169528E-6,3300.0,56.151515151515156,12.3016129553609,11.335784313725487,8.533501896333751,3300.0,850288.0
3400.0,12.348820433,2.663108799110903E-6,3400.0,56.294117647058826,12.586753201005841,11.810089020771525,8.77839165131984,3400.0,850288.0
3500.0,12.694388867,2.73912352682946E-6,3500.0,56.34285714285714,12.68545768787564,11.98156682027649,9.317507418397618,3500.0,850288.0
3600.0,13.040240557,2.815200562402544E-6,3600.0,56.388888888888886,12.777104761610811,12.241475684740072,9.300982091276717,3600.0,850288.0
3700.0,13.386948524,2.8914659533246773E-6,3700.0,56.4054054054054,12.809129409069689,12.09809264305178,9.126760563380282,3700.0,850288.0
3800.0,13.73304857,2.967597619795319E-6,3800.0,56.44736842105264,12.89439903645057,12.061636556854419,9.51339529797705,3800.0,850288.0
3900.0,14.068880007,3.041470499176677E-6,3900.0,56.43589743589743,12.872024005196572,11.923276308968358,9.434968017057562,3900.0,850288.0
4000.0,14.396401402,3.113515417674432E-6,4000.0,56.525000000000006,13.050000000000006,12.171717171717177,9.94303469704817,4000.0,850288.0
4100.0,14.75001502,3.1912881359799452E-6,4100.0,56.634146341463406,13.266641601743753,12.671905697445961,10.020242914979743,4100.0,850160.0
4200.0,15.082254525,3.264359895994369E-6,4200.0,56.64285714285714,13.283669274740282,12.787356321839066,10.207100591715971,4200.0,850160.0
4300.0,15.477369079,3.351260205661319E-6,4300.0,56.81395348837209,13.627122193430433,13.18373071528752,10.678210678210688,4300.0,850160.0
4400.0,15.825204158,3.4277620094347326E-6,4400.0,57.06818181818182,14.135121788951501,13.979963570127513,11.356170811825443,4400.0,850160.0
4500.0,16.157162784,3.5007719937645306E-6,4500.0,57.08888888888889,14.177676062430896,14.292055037727472,11.584249084249075,4500.0,850160.0
4600.0,16.401704531,3.5545557719768534E-6,4600.0,57.28260869565217,14.564635978619139,14.453635176316922,11.804308797127455,4600.0,850160.0
4700.0,16.760505001,3.6334692709507413E-6,4700.0,57.340425531914896,14.68109825304264,14.64452958705833,11.98419666374012,4700.0,850160.0
4800.0,17.10751303,3.7097891758282973E-6,4800.0,57.458333333333336,14.916829151888766,14.667781027998327,12.096427034007757,4800.0,850160.0
4900.0,17.445940691,3.7842219403089537E-6,4900.0,57.57142857142858,15.143055059929903,15.038823048630977,12.09302325581396,4900.0,850160.0
5000.0,17.776357677,3.856892860962057E-6,5000.0,57.64,15.279240901998492,15.246098439375757,12.15263376192451,5000.0,850160.0
5100.0,18.12900752,3.934374786103053E-6,5100.0,57.84313725490197,15.685029721315367,15.785350567959277,12.56608377389184,5100.0,849296.0
5200.0,18.444630074,4.003721316626925E-6,5200.0,57.86538461538462,15.72939796357634,16.15001913509377,12.709163346613545,5200.0,849296.0
5300.0,18.759088554,4.072812084398262E-6,5300.0,58.0377358490566,16.075722664268294,16.453794139744552,13.057075840500385,5300.0,849296.0
5400.0,18.998197966,4.125347646029269E-6,5400.0,58.22222222222222,16.444112054766748,16.936671575846827,13.39731285988483,5400.0,849296.0
5500.0,19.334049806,4.199138823430547E-6,5500.0,58.418181818181814,16.83607771742422,17.287522603978296,13.79570297776101,5500.0,849296.0
5600.0,19.667782678,4.272464434993044E-6,5600.0,58.57142857142858,17.144283867560958,17.584369449378336,13.882702301410552,5600.0,849296.0
5700.0,19.987945581,4.3428085414078876E-6,5700.0,58.64912280701754,17.30058736410048,17.673768774013258,13.946695874406709,5700.0,849296.0
5800.0,20.302836651,4.411994355034659E-6,5800.0,58.758620689655174,17.51791810507145,17.969821673525374,14.449213161659522,5800.0,849296.0
5900.0,20.617231253,4.481071087948155E-6,5900.0,59.016949152542374,18.034463422257353,18.585858585858592,15.068493150684937,5900.0,849296.0
6000.0,20.931895008,4.550206957404631E-6,6000.0,59.233333333333334,18.465824146849535,18.872305140961867,15.538674033149185,6000.0,849296.0
6100.0,21.261931312,4.6227190170481645E-6,6100.0,59.459016393442624,18.91674277645052,19.262161279791048,15.741056218057919,6100.0,849280.0
6200.0,21.575024229,4.691508456259288E-6,6200.0,59.693548387096776,19.386442470604866,19.7495183044316,16.309444072337566,6200.0,849280.0
6300.0,21.885147983,4.759645542617292E-6,6300.0,59.87301587301588,19.74582954353627,20.025308446694094,16.787360105332468,6300.0,849280.0
6400.0,22.20085221,4.829008711033878E-6,6400.0,60.15625,20.3125,20.708955223880597,17.18090289054888,6400.0,849280.0
6500.0,22.531375407,4.901627745618738E-6,6500.0,60.43076923076923,20.860302196436674,21.104294478527613,17.643291706692292,6500.0,849280.0
6600.0,22.856747393,4.973115011017174E-6,6600.0,60.51515151515151,21.027257249590885,21.41133896260554,17.73989898989898,6600.0,849280.0
6700.0,23.18615142,5.045488153496203E-6,6700.0,60.70149253731343,21.401514307685847,21.77658942364824,18.3059261557555,6700.0,849280.0
6800.0,23.50400967,5.115324580891745E-6,6800.0,60.79411764705882,21.585521990380283,21.978343576236462,18.4709480122324,6800.0,849280.0
6900.0,23.838298092,5.188770870589034E-6,6900.0,60.971014492753625,21.93973357754692,22.34717416378317,18.909966877446568,6900.0,849280.0
7000.0,24.169475998,5.261533750858389E-6,7000.0,61.042857142857144,22.085714285714285,22.37403928266439,19.199999999999992,7000.0,849280.0
7100.0,24.517671061,5.338035459518416E-6,7100.0,61.11267605633803,22.224673256422005,22.378408771436614,19.26900584795323,7100.0,849280.0
7200.0,24.852521714,5.411605276619544E-6,7200.0,61.19444444444444,22.387122237736115,22.518025513033827,19.411595038938554,7200.0,849280.0
7300.0,25.178720566,5.483274212203903E-6,7300.0,61.369863013698634,22.738073210798667,22.845417236662115,19.818026727324437,7300.0,849280.0
7400.0,25.49717563,5.553241765211506E-6,7400.0,61.45945945945947,22.915855823635365,22.877230935640895,19.977553310886652,7400.0,849280.0
7500.0,25.818070114,5.623745281585538E-6,7500.0,61.6,23.197285621401168,23.159018143009607,20.331950207468875,7500.0,849280.0
7600.0,26.127770192,5.691789282367776E-6,7600.0,61.53947368421052,23.079682479488756,23.159831756046263,20.31079607415484,7600.0,849280.0
7700.0,26.443049891,5.761059178016236E-6,7700.0,61.61038961038962,23.221820368635925,23.24071669696184,20.473500134517103,7700.0,849280.0
7800.0,26.75919404,5.83051900140658E-6,7800.0,61.641025641025635,23.278828084887987,23.203285420944546,20.383182543906326,7800.0,849280.0
7900.0,27.076241833,5.900177363826814E-6,7900.0,61.73417721518988,23.467442073015587,23.410184950595394,20.739381227058214,7900.0,849280.0
8000.0,27.392573249,5.969678331526766E-6,8000.0,61.887499999999996,23.774695098780377,23.622244488977948,21.030821030821016,8000.0,849280.0
8100.0,27.720554449,6.041738865619881E-6,8100.0,62.02469135802468,24.049646649604675,23.8990598713508,21.148423481158655,8100.0,849280.0
8200.0,28.038279013,6.111545920952144E-6,8200.0,62.109756097560975,24.217240064782423,24.16402245545521,21.142131979695428,8200.0,849280.0
8300.0,28.364493785,6.183218354309251E-6,8300.0,62.18072289156626,24.356368469266975,24.215354901014,21.150464707359966,8300.0,849280.0
8400.0,28.693849848,6.255580958649333E-6,8400.0,62.39285714285714,24.77844798613198,24.749880895664592,21.49602385685884,8400.0,849280.0
8500.0,29.018375162,6.326882202298591E-6,8500.0,62.517647058823535,25.028134174751642,24.787535410764875,21.777559538423777,8500.0,849280.0
8600.0,29.344531337,6.398541761347303E-6,8600.0,62.52325581395349,25.03781131114516,24.8367537313433,21.752852634134516,8600.0,849280.0
8700.0,29.664627251,6.468869824430991E-6,8700.0,62.58620689655172,25.163175118355202,25.03454629203132,21.867498799807965,8700.0,849280.0
8800.0,29.979234146,6.537991898754387E-6,8800.0,62.61363636363636,25.21670417885502,25.02278942570647,21.852731591448922,8800.0,849280.0
8900.0,30.293404583,6.60701807917719E-6,8900.0,62.741573033707866,25.473662094608173,25.180505415162447,22.19615204129517,8900.0,849280.0
9000.0,30.575423071,6.6689801759968026E-6,9000.0,62.8111111111111,25.614155490639874,25.340173990631254,22.379406307977735,9000.0,849280.0
9100.0,30.879432216,6.735773825626389E-6,9100.0,62.901098901098905,25.793577275853096,25.589596649768577,22.586562714973642,9100.0,849280.0
9200.0,31.207455092,6.8078435163260985E-6,9200.0,62.84782608695652,25.685105499613215,25.66333188342759,22.47675209798141,9200.0,849280.0
9300.0,31.541689387,6.881277913815759E-6,9300.0,62.956989247311824,25.90206662428423,25.850193715023657,22.65379434216433,9300.0,849280.0
9400.0,31.875984033,6.9547255709840014E-6,9400.0,63.09574468085106,26.179579177011625,26.097145291861956,22.979573712255778,9400.0,849280.0
9500.0,32.214447658,7.0290891917909005E-6,9500.0,63.136842105263156,26.258976859650684,26.273684210526316,22.99912049252418,9500.0,849280.0
9600.0,32.547908834,7.102353727812716E-6,9600.0,63.197916666666664,26.382055530531584,26.349801959558043,23.178951946075223,9600.0,849280.0
9700.0,32.879606919,7.1752308962686015E-6,9700.0,63.27835051546392,26.54084903176471,26.480908152734788,23.298880275624477,9700.0,849280.0
9800.0,33.210749982,7.247986121205305E-6,9800.0,63.40816326530613,26.803217569160676,26.69664758789862,23.669646658152413,9800.0,849280.0
9900.0,33.536265402,7.3195049003937E-6,9900.0,63.39393939393939,26.775431881391114,26.684199878616226,23.68919772583702,9900.0,849280.0
10000.0,33.863327027,7.391363395267376E-6,10000.0,63.519999999999996,27.027270637089924,26.879134095009015,23.984163367368197,10000.0,849280.0
