learning evaluation instances,evaluation time (cpu seconds),model cost (RAM-Hours),classified instances,classifications correct (percent),Kappa Statistic (percent),Kappa Temporal Statistic (percent),Kappa M Statistic (percent),model training instances,model serialized size (bytes)
100.0,0.507887803,1.0446315349337541E-7,100.0,33.0,0.0,-42.55319148936171,-179.16666666666669,100.0,795056.0
200.0,0.915525001,1.8830660658036254E-7,200.0,41.5,0.0,-17.000000000000004,-58.10810810810811,200.0,795056.0
300.0,1.164394277,2.3949442645910297E-7,300.0,38.666666666666664,0.0,-26.027397260273965,-71.96261682242991,300.0,795056.0
400.0,1.420363719,2.921426195271686E-7,400.0,38.0,0.0,-31.914893617021285,-73.4265734265734,400.0,795056.0
500.0,1.68852771,3.472990064058453E-7,500.0,37.4,0.0,-28.80658436213992,-75.84269662921349,500.0,795056.0
600.0,1.961786401,4.035032791068612E-7,600.0,36.333333333333336,0.0,-32.63888888888889,-82.77511961722486,600.0,795056.0
700.0,2.259294174,4.646951407203824E-7,700.0,35.85714285714286,0.0,-34.029850746268664,-85.5371900826446,700.0,795056.0
800.0,2.487898314,5.117147958981246E-7,800.0,36.875,0.0,-32.89473684210527,-76.57342657342654,800.0,795056.0
900.0,2.670237981,5.49218702290915E-7,900.0,36.333333333333336,0.0,-36.10451306413302,-80.18867924528298,900.0,795056.0
1000.0,2.887002463,5.938031581910658E-7,1000.0,37.3,0.0,-32.27848101265823,-72.25274725274727,1000.0,795056.0
1100.0,3.509271408,7.218928553320592E-7,1100.0,39.63636363636363,0.08207934336525612,-26.95984703632887,-65.58603491271823,1100.0,795680.0
1200.0,3.776371113,7.76873455914495E-7,1200.0,42.0,1.323251417769366,-22.31985940246047,-60.739030023094685,1200.0,795680.0
1300.0,4.064018955,8.360837463541702E-7,1300.0,43.07692307692308,-0.22921441967075729,-19.547657512116313,-55.13626834381551,1300.0,795680.0
1400.0,4.36720691,8.984928600417368E-7,1400.0,44.714285714285715,0.4044117647058772,-16.390977443609035,-51.467710371819976,1400.0,795680.0
1500.0,4.629221992,9.524268266480127E-7,1500.0,45.93333333333333,0.40933278755627567,-13.426573426573427,-47.99270072992703,1500.0,795680.0
1600.0,4.896017674,1.0073448462286054E-6,1600.0,46.5,-0.7651559741024072,-11.749347258485633,-44.35075885328836,1600.0,795680.0
1700.0,5.153023048,1.0602475995859463E-6,1700.0,47.76470588235294,0.01324678765400686,-10.037174721189583,-42.079999999999984,1700.0,795680.0
1800.0,5.416816481,1.1145476272705239E-6,1800.0,48.44444444444444,-0.31227480182560013,-7.1593533487297805,-39.54887218045112,1800.0,795680.0
1900.0,5.672540362,1.1671865942834277E-6,1900.0,49.05263157894737,-0.5796784425243132,-5.217391304347833,-37.304964539007074,1900.0,795680.0
2000.0,5.921585873,1.2184508656802816E-6,2000.0,49.8,-0.40000000000000036,-4.474505723204987,-35.492577597840736,2000.0,795680.0
2100.0,6.184833645,1.2726385728757955E-6,2100.0,49.238095238095234,-0.3316600932233864,-5.753968253968261,-36.84210526315791,2100.0,795680.0
2200.0,6.453680872,1.3279788886031469E-6,2200.0,49.40909090909091,0.7987632053594405,-4.311152764761017,-33.45323741007193,2200.0,795680.0
2300.0,6.698131618,1.37829735985681E-6,2300.0,49.0,0.8349579654019534,-5.4856115107913626,-34.98273878020713,2300.0,795680.0
2400.0,6.896215815,1.4190716022579745E-6,2400.0,49.041666666666664,1.4508402464131827,-5.704407951598968,-33.95399780941951,2400.0,795680.0
2500.0,7.171493035,1.4757354869382788E-6,2500.0,49.120000000000005,2.028140722095737,-4.777594728171322,-32.49999999999999,2500.0,795680.0
2600.0,7.472343192,1.537663381307088E-6,2600.0,48.65384615384615,1.4482647398870134,-6.6293929712459985,-33.500000000000014,2600.0,795680.0
2700.0,7.744033137,1.593588850593207E-6,2700.0,48.51851851851852,1.2939876913365786,-6.51340996168584,-33.52545629202691,2700.0,795680.0
2800.0,8.013876089,1.6491341293268444E-6,2800.0,48.535714285714285,1.4315727756877015,-6.6617320503330735,-32.08065994500456,2800.0,795680.0
2900.0,8.221899143,1.6919542157208465E-6,2900.0,48.48275862068965,1.413514399097081,-6.714285714285725,-32.09549071618037,2900.0,795680.0
3000.0,8.388449711,1.726237481799279E-6,3000.0,48.43333333333334,1.2601931138718248,-6.32302405498282,-30.87986463620981,3000.0,795680.0
3100.0,8.584170532,1.7665252398298144E-6,3100.0,48.645161290322584,0.8412978554459282,-5.992010652463387,-29.747351263243697,3100.0,795680.0
3200.0,8.769759241,1.8047273736814369E-6,3200.0,49.0,0.811980356882392,-5.290322580645164,-28.8082083662194,3200.0,795680.0
3300.0,9.002738782,1.8526845778558115E-6,3300.0,49.06060606060606,0.19431100555946093,-4.996876951905069,-27.735562310030392,3300.0,795680.0
3400.0,9.272764425,1.9082674622502304E-6,3400.0,49.35294117647059,0.1369986382007889,-4.17422867513611,-26.89756816506999,3400.0,795680.0
3500.0,9.541527011,1.9635903552214843E-6,3500.0,49.457142857142856,-0.26921998109760964,-3.5108250438853092,-25.997150997151003,3500.0,795680.0
3600.0,9.811475577,2.019157373856145E-6,3600.0,49.44444444444444,-0.8600815747473043,-3.526734926052338,-25.085910652920955,3600.0,795680.0
3700.0,10.063171062,2.0709671238114563E-6,3700.0,49.648648648648646,-0.9657890157611714,-3.270509977827052,-24.365821094793073,3700.0,795680.0
3800.0,10.262953484,2.1120909339159028E-6,3800.0,49.81578947368421,-1.1113231956904273,-2.2520107238605784,-23.670557717250333,3800.0,795680.0
3900.0,10.526671311,2.166375398635753E-6,3900.0,49.82051282051282,-1.5331542205641093,-1.9801980198019913,-22.92713567839196,3900.0,795680.0
4000.0,10.73410392,2.2090739460684486E-6,4000.0,50.075,-1.452544391203436,-1.9397651863195409,-22.365196078431357,4000.0,795680.0
4100.0,10.991239374,2.2620034754812842E-6,4100.0,50.29268292682927,-1.4217839203055334,-1.4435042309606783,-21.81709503885235,4100.0,795680.0
4200.0,11.239728137,2.313153144207899E-6,4200.0,50.476190476190474,-1.4345746993189457,-1.1673151750972903,-21.282798833819246,4200.0,795680.0
4300.0,11.491106976,2.3648977148053674E-6,4300.0,50.53488372093023,-1.6471413526634806,-1.0451306413301609,-20.715096481271285,4300.0,795680.0
4400.0,11.761933863,2.4206455296564976E-6,4400.0,50.56818181818182,-1.8790890029347782,-0.9749303621169894,-20.165745856353574,4400.0,795680.0
4500.0,12.072566122,2.484587001101023E-6,4500.0,50.77777777777778,-1.793651630107768,-0.7276034561164121,-19.729729729729737,4500.0,795680.0
4600.0,12.35586509,2.542902106334944E-6,4600.0,50.93478260869565,-1.7847577173359763,-0.579322638146171,-19.291754756871047,4600.0,795680.0
4700.0,12.624776844,2.5982557044925916E-6,4700.0,51.0,-1.9118271235859643,-0.30487804878048713,-18.833849329205375,4700.0,795680.0
4800.0,12.894639745,2.653805089587938E-6,4800.0,51.24999999999999,-1.7320534223706359,0.1280409731113929,-18.48101265822785,4800.0,795680.0
4900.0,13.164244297,2.70930129535394E-6,4900.0,51.183673469387756,-2.0382579044652815,0.3748438150770557,-18.006906758756784,4900.0,795680.0
5000.0,13.434944551,2.7650230436903446E-6,5000.0,51.239999999999995,-2.1234301140632463,0.6924643584521301,-17.607332368548015,5000.0,795680.0
5100.0,13.715791163,2.822833348644827E-6,5100.0,51.3921568627451,-1.9716667672169268,0.7606084867894198,-17.823193916349798,5100.0,795680.0
5200.0,13.980872803,2.8773985447036434E-6,5200.0,51.55769230769231,-1.8976163419542977,1.0216110019646374,-17.490671641791064,5200.0,795680.0
5300.0,14.243257888,2.9314086738319155E-6,5300.0,51.924528301886795,-1.5229800201716743,1.659590891547667,-17.257248044178535,5300.0,795680.0
5400.0,14.504029153,2.985086609434059E-6,5400.0,52.2962962962963,-1.1453600991210589,1.9413779977160324,-17.037710131758285,5400.0,795680.0
5500.0,14.766137663,3.039039807538742E-6,5500.0,52.6,-0.8694533935780726,2.542056074766353,-16.801075268817186,5500.0,795680.0
5600.0,15.030538357,3.093464835640262E-6,5600.0,52.91071428571429,-0.5854543156004063,2.9801324503311246,-16.578249336870023,5600.0,795680.0
5700.0,15.290413171,3.146958243092617E-6,5700.0,53.28070175438596,-0.22094813317844153,3.479521565784702,-16.389860139860133,5700.0,795680.0
5800.0,15.55447958,3.201314460971881E-6,5800.0,53.51724137931034,-0.044530206323309944,3.817338565822337,-16.156828953037497,5800.0,795680.0
5900.0,15.825170849,3.257034359809065E-6,5900.0,53.779661016949156,0.16733402547042084,3.978873239436615,-15.94387755102039,5900.0,795680.0
6000.0,16.092048021,3.311969153534509E-6,6000.0,53.93333333333333,0.23235802000935854,4.392943618125216,-15.696944328170783,6000.0,795680.0
6100.0,16.362280381,3.367594589173268E-6,6100.0,54.11475409836065,0.3368277716435467,4.698672114402452,-15.470297029702973,6100.0,795680.0
6200.0,16.611948195,3.418986957277246E-6,6200.0,54.43548387096774,0.6251960262333587,5.105811219348318,-15.306122448979606,6200.0,795680.0
6300.0,16.863273232,3.470720453110433E-6,6300.0,54.63492063492063,0.7534741300013088,5.4581541515051315,-15.102698348771652,6300.0,795680.0
6400.0,17.115557011,3.5226512992587895E-6,6400.0,54.8125,0.8543257957022982,5.582761998041138,-14.898688915375446,6400.0,795680.0
6500.0,17.369109512,3.5748433029308212E-6,6500.0,55.00000000000001,0.9687844232765745,5.978784956605613,-14.705882352941153,6500.0,795680.0
6600.0,17.631903641,3.6289376308970693E-6,6600.0,55.18181818181817,1.0767307467797775,5.945945945945943,-14.518002322880388,6600.0,795680.0
6700.0,17.89581437,3.683261803140421E-6,6700.0,55.44776119402985,1.289546123908798,6.250000000000007,-14.367816091954023,6700.0,795680.0
6800.0,18.158629809,3.7373605176206806E-6,6800.0,55.705882352941174,1.4912141644568073,6.720346856611944,-14.220705346985216,6800.0,795680.0
6900.0,18.404084589,3.787885662229993E-6,6900.0,55.94202898550724,1.6647608432227905,7.118851206843854,-14.07129455909944,6900.0,795680.0
7000.0,18.605580546,3.829362191493822E-6,7000.0,56.15714285714286,1.8120370773251084,7.364926048898292,-13.919821826280602,7000.0,795680.0
7100.0,18.873115774,3.884432441430634E-6,7100.0,56.394366197183096,1.98529975689843,7.609668755595335,-13.78169790518193,7100.0,795680.0
7200.0,19.134227202,3.9381803972001E-6,7200.0,56.56944444444445,2.083921903725435,7.948189579040347,-13.626453488372073,7200.0,795680.0
7300.0,19.39723103,3.99231789023447E-6,7300.0,56.767123287671225,2.2094016295886183,8.068744538304681,-13.484358144552347,7300.0,795680.0
7400.0,19.649991066,4.044346770545357E-6,7400.0,56.91891891891891,2.2812420677446745,8.232584916522729,-13.330963384287264,7400.0,795680.0
7500.0,19.901426798,4.096103052167773E-6,7500.0,57.13333333333333,2.4259942897405495,8.300057045065614,-13.204225352112656,7500.0,795680.0
7600.0,20.153024581,4.1478926908517595E-6,7600.0,57.35526315789473,2.578746697463946,8.627008739780083,-13.084438241451519,7600.0,795680.0
7700.0,20.403629598,4.199477975618852E-6,7700.0,57.4025974025974,2.5325182330877554,8.736783528102375,-12.908777969018928,7700.0,795680.0
7800.0,20.65399905,4.251014770983172E-6,7800.0,57.6025641025641,2.6604469017051007,8.822718500137848,-12.7899045020464,7800.0,795680.0
7900.0,20.90609605,4.302907169984625E-6,7900.0,57.683544303797476,2.6552671654882403,9.034013605442196,-12.634770889487848,7900.0,795680.0
8000.0,21.169716007,4.3571714888515285E-6,8000.0,57.8,2.7187459478150475,9.247311827956974,-12.495834721759412,8000.0,795680.0
8100.0,21.401733268,4.404930614438252E-6,8100.0,57.592592592592595,2.6496127817365434,8.740701381509028,-12.993421052631565,8100.0,795680.0
8200.0,21.620158007,4.449891814722175E-6,8200.0,57.536585365853654,3.2392308046836913,8.943514644351449,-12.576786291626263,8200.0,795680.0
8300.0,21.892390539,4.505928971736021E-6,8300.0,57.25301204819277,3.0304866322979684,8.296717498061534,-13.46338343460183,8300.0,795680.0
8400.0,22.167769112,4.562613719220389E-6,8400.0,57.107142857142854,3.2613170565808183,7.945835462442523,-13.587641866330388,8400.0,795680.0
8500.0,22.439784433,4.618606164873611E-6,8500.0,56.976470588235294,3.5156441571163746,7.907328128934782,-13.642013673088865,8500.0,795680.0
8600.0,22.651715303,4.662230647778068E-6,8600.0,56.80232558139535,3.607456762291872,7.333499625841862,-13.95705521472391,8600.0,795680.0
8700.0,22.921859232,4.717837880515816E-6,8700.0,56.60919540229885,3.621490184754466,7.0654849827671065,-14.393939393939398,8700.0,795680.0
8800.0,23.190330343,4.773100775403004E-6,8800.0,56.522727272727266,3.9465756175938815,6.841977112247369,-14.243057629143024,8800.0,795680.0
8900.0,23.45802888,4.828204641351862E-6,8900.0,56.34831460674158,3.9823851768008254,6.588122144746343,-14.60176991150441,8900.0,795680.0
9000.0,23.726979319,4.883566202545386E-6,9000.0,56.277777777777786,4.311404167661886,6.5542626454524,-14.389534883720914,9000.0,795680.0
9100.0,23.987033763,4.937096585573145E-6,9100.0,56.16483516483517,4.49380260419545,6.339516318384598,-14.429145152036702,9100.0,795680.0
9200.0,24.246310323,4.9904668466363235E-6,9200.0,55.98913043478261,4.478270234786093,6.033882571362255,-14.83267158252977,9200.0,795680.0
9300.0,24.506564077,5.044038256229432E-6,9300.0,55.91397849462365,4.736159385674376,5.9417297545308525,-14.685314685314701,9300.0,795680.0
9400.0,24.763674355,5.096962603339276E-6,9400.0,55.765957446808514,4.772253722354006,5.714285714285724,-14.95714680674591,9400.0,795680.0
9500.0,25.028748759,5.1515263099182525E-6,9500.0,55.67368421052632,4.950025969483837,5.752014324082378,-14.929039301310048,9500.0,795680.0
9600.0,25.302170647,5.207808287521423E-6,9600.0,55.604166666666664,5.174395751907859,5.603543743078629,-14.785887422569369,9600.0,795680.0
9700.0,25.57424506,5.263812896848317E-6,9700.0,55.49484536082474,5.276565943275749,5.349704012278009,-14.87493347525279,9700.0,795680.0
9800.0,25.847222353,5.32000335768955E-6,9800.0,55.367346938775505,5.318819964128876,5.386112913692412,-15.074980268350426,9800.0,795680.0
9900.0,26.121149835,5.376389408270903E-6,9900.0,55.313131313131315,5.532472533139765,5.368983957219251,-14.909090909090922,9900.0,795680.0
10000.0,26.388357372,5.4313922053141025E-6,10000.0,55.169999999999995,5.513238263450087,4.940627650551312,-15.214597789771275,10000.0,795680.0
