learning evaluation instances,evaluation time (cpu seconds),model cost (RAM-Hours),classified instances,classifications correct (percent),Kappa Statistic (percent),Kappa Temporal Statistic (percent),Kappa M Statistic (percent),model training instances,model serialized size (bytes)
100.0,0.502176591,1.0328846252370626E-7,100.0,33.0,0.0,-42.55319148936171,-179.16666666666669,100.0,795056.0
200.0,0.991704373,2.0397529833326325E-7,200.0,41.5,0.0,-17.000000000000004,-58.10810810810811,200.0,795056.0
300.0,1.282799838,2.638482664610694E-7,300.0,38.666666666666664,0.0,-26.027397260273965,-71.96261682242991,300.0,795056.0
400.0,1.526420945,3.139566347747834E-7,400.0,38.0,0.0,-31.914893617021285,-73.4265734265734,400.0,795056.0
500.0,1.762021662,3.624153567951669E-7,500.0,37.4,0.0,-28.80658436213992,-75.84269662921349,500.0,795056.0
600.0,2.087951323,4.2945307655132894E-7,600.0,36.333333333333336,0.0,-32.63888888888889,-82.77511961722486,600.0,795056.0
700.0,2.371830697,4.878418278554537E-7,700.0,35.85714285714286,0.0,-34.029850746268664,-85.5371900826446,700.0,795056.0
800.0,2.657725111,5.466450357217797E-7,800.0,36.875,0.0,-32.89473684210527,-76.57342657342654,800.0,795056.0
900.0,2.944020371,6.055306902170222E-7,900.0,36.333333333333336,0.0,-36.10451306413302,-80.18867924528298,900.0,795056.0
1000.0,3.229427648,6.642337029873E-7,1000.0,37.3,0.0,-32.27848101265823,-72.25274725274727,1000.0,795056.0
1100.0,3.927937445,8.089711670022375E-7,1100.0,39.63636363636363,0.08207934336525612,-26.95984703632887,-65.58603491271823,1100.0,800960.0
1200.0,4.215518417,8.685605110100076E-7,1200.0,42.0,1.323251417769366,-22.31985940246047,-60.739030023094685,1200.0,800960.0
1300.0,4.543065241,9.364311362403465E-7,1300.0,43.07692307692308,-0.22921441967075729,-19.547657512116313,-55.13626834381551,1300.0,800960.0
1400.0,4.866972832,1.0035476799135738E-6,1400.0,44.714285714285715,0.4044117647058772,-16.390977443609035,-51.467710371819976,1400.0,800960.0
1500.0,5.138743156,1.0598609165485037E-6,1500.0,45.93333333333333,0.40933278755627567,-13.426573426573427,-47.99270072992703,1500.0,800960.0
1600.0,5.414377881,1.1169748915597299E-6,1600.0,46.5,-0.7651559741024072,-11.749347258485633,-44.35075885328836,1600.0,800960.0
1700.0,5.689917417,1.174069142560611E-6,1700.0,47.76470588235294,0.01324678765400686,-10.037174721189583,-42.079999999999984,1700.0,800960.0
1800.0,5.968905046,1.2318778692047131E-6,1800.0,48.44444444444444,-0.31227480182560013,-7.1593533487297805,-39.54887218045112,1800.0,800960.0
1900.0,6.24667552,1.289434390469922E-6,1900.0,49.05263157894737,-0.5796784425243132,-5.217391304347833,-37.304964539007074,1900.0,800960.0
2000.0,6.522607384,1.3466099353338613E-6,2000.0,49.8,-0.40000000000000036,-4.474505723204987,-35.492577597840736,2000.0,800960.0
2100.0,6.808388281,1.4058262877362801E-6,2100.0,49.19047619047619,-0.5438440621382283,-5.853174603174608,-36.970474967907585,2100.0,800960.0
2200.0,7.06237472,1.4584545446811781E-6,2200.0,49.45454545454545,0.908527521133488,-4.2174320524835975,-33.33333333333331,2200.0,800960.0
2300.0,7.314600484,1.510717974052363E-6,2300.0,48.82608695652174,0.6160330117332689,-5.845323741007183,-35.443037974683534,2300.0,800960.0
2400.0,7.570442037,1.5637306271746258E-6,2400.0,48.625,0.9777742084445926,-6.568712186689717,-35.04928806133626,2400.0,800960.0
2500.0,7.841752834,1.6199486457139585E-6,2500.0,48.559999999999995,1.4616773276039061,-5.930807248764413,-33.958333333333336,2500.0,800960.0
2600.0,8.103530751,1.6741913664380213E-6,2600.0,48.23076923076923,1.4666257471795028,-7.507987220447271,-34.60000000000001,2600.0,800960.0
2700.0,8.409258292,1.737540841497514E-6,2700.0,47.96296296296296,1.5186915887850367,-7.662835249042158,-34.966378482228635,2700.0,800960.0
2800.0,8.733761597,1.8047808224281834E-6,2800.0,48.035714285714285,1.996632186673082,-7.698001480384888,-33.36388634280475,2800.0,800960.0
2900.0,9.037938357,1.8678089618240296E-6,2900.0,47.758620689655174,1.9505010154210134,-8.21428571428572,-33.9522546419098,2900.0,800960.0
3000.0,9.301577338,1.9224373116185597E-6,3000.0,47.86666666666667,2.3702066830215265,-7.491408934707904,-32.318104906937386,3000.0,800960.0
3100.0,9.575349724,1.9791653933679394E-6,3100.0,48.096774193548384,1.8991200638809238,-7.123834886817583,-31.132844335778344,3100.0,800960.0
3200.0,9.82982462,2.03189486296263E-6,3200.0,48.46875,1.8445077716352052,-6.38709677419355,-30.149960536700853,3200.0,800960.0
3300.0,10.084682806,2.084703753666116E-6,3300.0,48.54545454545455,1.1615293028178448,-6.05871330418489,-29.02735562310029,3300.0,800960.0
3400.0,10.340686831,2.137750072436813E-6,3400.0,48.85294117647059,1.0784566325250167,-5.202661826981241,-28.150331613854075,3400.0,800960.0
3500.0,10.596413474,2.1907389151815245E-6,3500.0,48.97142857142857,0.6220857120600141,-4.505558806319478,-27.207977207977212,3500.0,800960.0
3600.0,10.851766872,2.2436504182310902E-6,3600.0,48.97222222222222,-0.03267262034415889,-4.493742889647336,-26.254295532646044,3600.0,800960.0
3700.0,11.107305565,2.296600316058381E-6,3700.0,49.18918918918919,-0.16603138900449177,-4.212860310421277,-25.500667556742325,3700.0,800960.0
3800.0,11.374771123,2.352021566758835E-6,3800.0,49.368421052631575,-0.34159952019609496,-3.163538873994634,-24.77302204928666,3800.0,800960.0
3900.0,11.643989886,2.4078060971823336E-6,3900.0,49.38461538461538,-0.8143879126448049,-2.8660760812923525,-23.99497487437186,3900.0,800960.0
4000.0,11.832774723,2.4469240002800524E-6,4000.0,49.65,-0.7452094127239491,-2.807554874936189,-23.40686274509803,4000.0,800960.0
4100.0,12.056233762,2.4932267074932986E-6,4100.0,49.8780487804878,-0.7290316718711735,-2.289696366351421,-22.833233711894792,4100.0,800960.0
4200.0,12.219952849,2.527150763483627E-6,4200.0,50.07142857142857,-0.7591773976552179,-1.9941634241245338,-22.274052478134124,4200.0,800960.0
4300.0,12.39470752,2.563361490969393E-6,4300.0,50.13953488372093,-1.0045455989640124,-1.852731591448938,-21.67990919409763,4300.0,800960.0
4400.0,12.66942536,2.6202854792255823E-6,4400.0,50.18181818181818,-1.2706076047455876,-1.7641597028783718,-21.1049723756906,4400.0,800960.0
4500.0,12.947670298,2.6779403136660985E-6,4500.0,50.4,-1.1929769414211155,-1.5006821282401028,-20.648648648648653,4500.0,800960.0
4600.0,13.228191479,2.7360668059712814E-6,4600.0,50.56521739130435,-1.1975879906468383,-1.3368983957219174,-20.19027484143763,4600.0,800960.0
4700.0,13.507506705,2.793943413637529E-6,4700.0,50.638297872340424,-1.3489334846503382,-1.0452961672473975,-19.71104231166153,4700.0,800960.0
4800.0,13.754966421,2.845219275326977E-6,4800.0,50.89583333333333,-1.1674821873122243,-0.5975245411865153,-19.341772151898734,4800.0,800960.0
4900.0,13.9916699,2.8942663487125104E-6,4900.0,50.83673469387755,-1.5121780902731785,-0.33319450229071623,-18.845584607794784,4900.0,800960.0
5000.0,14.257185287,2.9492835065768328E-6,5000.0,50.9,-1.6185117718526556,0.0,-18.427399903521476,5000.0,800960.0
5100.0,14.544645906,3.0088479123688736E-6,5100.0,50.50980392156863,-2.0883525345786493,-1.0408326661329117,-19.96197718631177,5100.0,800960.0
5200.0,14.821598801,3.066235023968534E-6,5200.0,50.346153846153854,-2.248781710000122,-1.4538310412573485,-20.42910447761194,5200.0,800960.0
5300.0,15.089198601,3.121684090809474E-6,5300.0,50.71698113207547,-1.8372428469113498,-0.8104978772674801,-20.20248504371836,5300.0,800960.0
5400.0,15.364591811,3.1787480217572214E-6,5400.0,51.11111111111111,-1.4038342257857255,-0.4948610582413412,-19.945479327578376,5400.0,800960.0
5500.0,15.6278284,3.233292992338074E-6,5500.0,51.43636363636364,-1.0870513614840875,0.14953271028036566,-19.668458781362,5500.0,800960.0
5600.0,15.881315329,3.285817746352934E-6,5600.0,51.767857142857146,-0.7611310486256119,0.625459896983069,-19.407603890362516,5600.0,800960.0
5700.0,16.134324794,3.3382435655657117E-6,5700.0,52.1578947368421,-0.34338004434659564,1.1598405219282337,-19.18706293706293,5700.0,800960.0
5800.0,16.38848586,3.390908006783525E-6,5800.0,52.41379310344828,-0.14062726767723868,1.5340706386015164,-18.91426109435588,5800.0,800960.0
5900.0,16.641679892,3.443372069925931E-6,5900.0,52.69491525423729,0.10254914460276887,1.725352112676041,-18.664965986394556,5900.0,800960.0
6000.0,16.89371305,3.495595589614941E-6,6000.0,52.86666666666666,0.1780886904268627,2.179176755447932,-18.37588949351194,6000.0,800960.0
6100.0,17.153156566,3.549354601617687E-6,6100.0,53.0655737704918,0.29864222601951257,2.519577800476687,-18.110561056105603,6100.0,800960.0
6200.0,17.403393191,3.601205863635358E-6,6200.0,53.403225806451616,0.6289869236228371,2.9559959690963997,-17.918367346938773,6200.0,800960.0
6300.0,17.603050336,3.642576605984105E-6,6300.0,53.61904761904762,0.776642177133593,3.341051935163751,-17.680225533628676,6300.0,800960.0
6400.0,17.79712967,3.6827915761126745E-6,6400.0,53.8125,0.8930023284779924,3.493307215148548,-17.44139849026619,6400.0,800960.0
6500.0,18.069787,3.739288608307176E-6,6500.0,54.01538461538462,1.0248564469428878,3.921568627451001,-17.215686274509775,6500.0,800960.0
6600.0,18.332446261,3.7937139513738783E-6,6600.0,54.21212121212121,1.1492639572172039,3.910969793322742,-16.99574138598529,6600.0,800960.0
6700.0,18.605870703,3.850369936021119E-6,6700.0,54.492537313432834,1.3931417205147496,4.23994974874371,-16.81992337164753,6700.0,800960.0
6800.0,18.873897399,3.90590745952323E-6,6800.0,54.764705882352935,1.6242200222141263,4.7383090740167155,-16.647705726204023,6800.0,800960.0
6900.0,19.142558594,3.961576456880933E-6,6900.0,55.01449275362319,1.823194471998968,5.163458600672159,-16.47279549718573,6900.0,800960.0
7000.0,19.399471135,4.014811028275175E-6,7000.0,55.24285714285714,1.9922069258184996,5.433142167220037,-16.29547141796585,7000.0,800960.0
7100.0,19.656764392,4.0681244874224395E-6,7100.0,55.49295774647888,2.190725469646709,5.699791107132197,-16.133774347666304,7100.0,800960.0
7200.0,19.907839139,4.120149415798601E-6,7200.0,55.68055555555556,2.3042973318483395,6.064174271415961,-15.952034883720925,7200.0,800960.0
7300.0,20.162469449,4.172911088561135E-6,7300.0,55.89041095890411,2.44837723834205,6.204485872414806,-15.785688601222589,7300.0,800960.0
7400.0,20.420904504,4.2264611384443445E-6,7400.0,56.054054054054056,2.531441313759913,6.390328151986189,-15.606114468538928,7400.0,800960.0
7500.0,20.690550784,4.2823342542057574E-6,7500.0,56.279999999999994,2.6973555204596416,6.474614945807186,-15.457746478873236,7500.0,800960.0
7600.0,20.865639346,4.3186141668866414E-6,7600.0,56.51315789473684,2.8723009342325208,6.8226670425711875,-15.317515701325894,7600.0,800960.0
7700.0,21.029522675,4.3525722552852005E-6,7700.0,56.57142857142857,2.821133942646179,6.956037840845846,-15.111876075731482,7700.0,800960.0
7800.0,21.193502187,4.386550273659776E-6,7800.0,56.782051282051285,2.967832636062305,7.058174800110279,-14.972714870395649,7800.0,800960.0
7900.0,21.369427747,4.42300361979632E-6,7900.0,56.87341772151899,2.9632665528076747,7.29251700680274,-14.791105121293777,7900.0,800960.0
8000.0,21.603141941,4.471431286651013E-6,8000.0,56.99999999999999,3.0322164185625393,7.526881720430091,-14.628457180939686,8000.0,800960.0
8100.0,21.881260386,4.529059910613001E-6,8100.0,56.777777777777786,3.0341272985973693,6.9872476089266735,-15.164473684210506,8100.0,800960.0
8200.0,22.135887882,4.58182100028962E-6,8200.0,56.731707317073166,3.570697498305634,7.217573221757305,-14.710636922082134,8200.0,800960.0
8300.0,22.396936883,4.635912683113036E-6,8300.0,56.4578313253012,3.369033763786464,6.590850348927371,-15.57403261912376,8300.0,800960.0
8400.0,22.671631581,4.6928318761402875E-6,8400.0,56.32142857142857,3.574654710185827,6.259580991313235,-15.668348045397234,8400.0,800960.0
8500.0,22.945694671,4.749620194352949E-6,8500.0,56.2,3.802578834433383,6.2452782674389455,-15.692977004350507,8500.0,800960.0
8600.0,23.217525313,4.805945929415806E-6,8600.0,56.03488372093023,3.8802617757217384,5.687203791469185,-15.981595092024541,8600.0,800960.0
8700.0,23.480225318,4.860379715002941E-6,8700.0,55.85057471264368,3.886078050831159,5.440669620876404,-16.39393939393941,8700.0,800960.0
8800.0,23.712430623,4.908494726590266E-6,8800.0,55.77272727272727,4.18097021355835,5.234964694424151,-16.213795162735128,8800.0,800960.0
8900.0,23.979723025,4.963880097822134E-6,8900.0,55.606741573033716,4.207598665854661,5.001202212070219,-16.548672566371668,8900.0,800960.0
9000.0,24.207323096,5.011040863823759E-6,9000.0,55.54444444444444,4.507052831315892,4.9869389693659425,-16.308139534883725,9000.0,800960.0
9100.0,24.450452704,5.061414456665881E-6,9100.0,55.439560439560445,4.670611717037279,4.789856773890582,-16.322432587492816,9100.0,800880.0
9200.0,24.704009778,5.113948497719062E-6,9200.0,55.27173913043478,4.65027014665393,4.502204687862604,-16.704480998298344,9200.0,800880.0
9300.0,24.956110118,5.1661807206349996E-6,9300.0,55.204301075268816,4.884686571525985,4.427621013994035,-16.531468531468544,9300.0,800880.0
9400.0,25.210010023,5.218785792235837E-6,9400.0,55.06382978723404,4.912836767036452,4.217687074829938,-16.78186342272601,9400.0,800880.0
9500.0,25.462045766,5.271004631413761E-6,9500.0,54.978947368421046,5.073215916608427,4.2748433303491495,-16.730349344978187,9500.0,800880.0
9600.0,25.716790768,5.323784797165163E-6,9600.0,54.91666666666667,5.27733772707194,4.141749723145082,-16.5634258012389,9600.0,800880.0
9700.0,25.970685497,5.3763887963597284E-6,9700.0,54.81443298969072,5.367753644317836,3.9026529269896955,-16.631186801490152,9700.0,800880.0
9800.0,26.226542694,5.429399395823223E-6,9800.0,54.69387755102041,5.402443987602654,3.958468526930577,-16.811365430149948,9800.0,800880.0
9900.0,26.483130111,5.482561288275128E-6,9900.0,54.63636363636364,5.581542639794894,3.93582887700535,-16.64935064935066,9900.0,800880.0
10000.0,26.73560189,5.53487046897957E-6,10000.0,54.50000000000001,5.559337794530336,3.519932145886357,-16.93652017476226,10000.0,800880.0
