learning evaluation instances,evaluation time (cpu seconds),model cost (RAM-Hours),classified instances,classifications correct (percent),Kappa Statistic (percent),Kappa Temporal Statistic (percent),Kappa M Statistic (percent),model training instances,model serialized size (bytes)
100.0,0.513551144,1.0562799828128683E-7,100.0,35.0,0.0,-35.41666666666667,-91.17647058823532,100.0,795056.0
200.0,1.008049056,2.0733709816177687E-7,200.0,27.500000000000004,0.0,-93.33333333333333,-168.51851851851848,200.0,795056.0
300.0,1.34197484,2.7601947293695476E-7,300.0,30.0,0.0,-74.99999999999999,-135.9550561797753,300.0,795056.0
400.0,1.664977243,3.424551097134459E-7,400.0,29.75,0.0,-86.0927152317881,-138.13559322033896,400.0,795056.0
500.0,1.978841907,4.070112821159139E-7,500.0,28.999999999999996,0.0,-87.83068783068784,-146.52777777777774,500.0,795056.0
600.0,2.335702106,4.804108430496768E-7,600.0,29.833333333333336,0.0,-80.68669527896996,-136.5168539325843,600.0,795056.0
700.0,2.642992935,5.436148988417659E-7,700.0,29.714285714285715,0.0,-76.97841726618705,-137.68115942028987,700.0,795056.0
800.0,2.953139787,6.074063858878983E-7,800.0,29.625,0.0,-77.602523659306,-138.55932203389827,800.0,795056.0
900.0,3.272198888,6.730309581740365E-7,900.0,29.555555555555557,0.0,-78.59154929577463,-139.24528301886795,900.0,795056.0
1000.0,3.603157201,7.411029788971401E-7,1000.0,29.9,0.0,-75.6892230576441,-135.23489932885903,1000.0,795056.0
1100.0,4.289068446,8.822929970454051E-7,1100.0,34.0,1.21227115289461,-66.13272311212816,-124.76780185758518,1100.0,795680.0
1200.0,4.610791203,9.485173697039112E-7,1200.0,37.333333333333336,1.9130434782608647,-58.31578947368419,-115.47277936962746,1200.0,795680.0
1300.0,4.922308048,1.0126409269712078E-6,1300.0,39.07692307692307,-0.2531645569620354,-52.60115606936415,-103.59897172236508,1300.0,795680.0
1400.0,5.239828308,1.0780002451025819E-6,1400.0,40.85714285714286,-1.2932541069556065,-45.51845342706501,-94.82352941176468,1400.0,795680.0
1500.0,5.598399826,1.15180967672062E-6,1500.0,43.13333333333333,-0.3923107100823878,-41.45936981757876,-89.55555555555551,1500.0,795680.0
1600.0,5.953197407,1.2248422698811978E-6,1600.0,44.6875,-0.6539664486778415,-36.36363636363635,-83.60995850622405,1600.0,795680.0
1700.0,6.257703629,1.2875227395831337E-6,1700.0,46.588235294117645,0.2971192352409253,-32.16885007278019,-79.80198019801978,1700.0,795680.0
1800.0,6.555635344,1.3488498931389756E-6,1800.0,48.05555555555556,0.6141490492500277,-28.61072902338378,-75.75187969924811,1800.0,795680.0
1900.0,6.852834533,1.4100262613563528E-6,1900.0,49.26315789473684,0.6616769714719619,-25.848563968668394,-71.83600713012474,1900.0,795680.0
2000.0,7.152534949,1.4717174896056909E-6,2000.0,50.449999999999996,0.8999999999999897,-22.800495662949217,-68.53741496598639,2000.0,795680.0
2100.0,7.471839978,1.5374441899156447E-6,2100.0,51.90476190476191,1.8419104035542435,-20.095124851367423,-66.39209225700165,2100.0,795680.0
2200.0,7.772509665,1.5993349358009424E-6,2200.0,52.45454545454545,1.1851597389213249,-18.728717366628818,-62.67496111975118,2200.0,795680.0
2300.0,8.083605613,1.6633718543733615E-6,2300.0,53.21739130434783,1.0950363679961579,-16.956521739130427,-59.88112927191677,2300.0,795680.0
2400.0,8.39734449,1.7279528013404086E-6,2400.0,53.87499999999999,0.9395973154362216,-15.192507804370466,-57.2443181818182,2400.0,795680.0
2500.0,8.713245843,1.7929788788223888E-6,2500.0,54.559999999999995,0.9417509591907897,-13.147410358565756,-54.979536152796726,2500.0,795680.0
2600.0,9.027259886,1.8576164667802595E-6,2600.0,55.07692307692308,0.7451954503856717,-10.60606060606059,-52.679738562091515,2600.0,795680.0
2700.0,9.340728699,1.9221418229673926E-6,2700.0,55.7037037037037,0.8170035014435688,-8.039747064137309,-50.81967213114756,2700.0,795680.0
2800.0,9.639819728,1.9837076131776014E-6,2800.0,56.32142857142857,0.9372830363341742,-7.186678352322542,-49.14634146341467,2800.0,795680.0
2900.0,9.939966277,2.0454906747753875E-6,2900.0,56.896551724137936,1.0428041056999446,-5.307497893850034,-47.57969303423848,2900.0,795680.0
3000.0,10.220899479,2.103318803673945E-6,3000.0,57.4,1.0835913312693592,-3.48178137651824,-46.05714285714289,3000.0,795680.0
3100.0,10.56700088,2.174561349184815E-6,3100.0,57.612903225806456,0.7262624293234695,-2.897415818324176,-44.23710208562021,3100.0,795680.0
3200.0,10.844936749,2.2317724981114724E-6,3200.0,57.90625,0.5445316105214615,-1.9682059046176987,-42.69067796610167,3200.0,795680.0
3300.0,11.113137248,2.2869796894167904E-6,3300.0,58.060606060606055,0.20539264956515912,-1.317715959004401,-41.08053007135579,3300.0,795680.0
3400.0,11.389007976,2.343765743555464E-6,3400.0,58.705882352941174,0.6079786791038361,-0.7896625987078384,-40.259740259740255,3400.0,795680.0
3500.0,11.708178915,2.409464842379553E-6,3500.0,58.8,0.2569169960474124,0.0,-38.787295476419665,3500.0,795680.0
3600.0,12.027263747,2.4751462166817283E-6,3600.0,58.916666666666664,-0.02254283137960678,0.06756756756755113,-37.45353159851304,3600.0,795680.0
3700.0,12.34562398,2.5406784373627814E-6,3700.0,59.32432432432433,0.11838352675288143,0.5287508261731876,-36.56987295825772,3700.0,795680.0
3800.0,12.660316589,2.6054557033716436E-6,3800.0,59.73684210526316,0.2812843029637772,1.6077170418006346,-35.758651286601605,3800.0,795680.0
3900.0,12.971531492,2.669517107996349E-6,3900.0,60.05128205128205,0.3313430877238981,2.442078897933628,-34.891774891774915,3900.0,795680.0
4000.0,13.269776259,2.730908701110346E-6,4000.0,60.02499999999999,-0.031279324366576336,2.796352583586615,-33.69565217391305,4000.0,795680.0
4100.0,13.587130947,2.796233937407E-6,4100.0,60.26829268292683,-0.03295040963349138,3.3234421364985187,-32.8711256117455,4100.0,795680.0
4200.0,13.855476913,2.851471072073824E-6,4200.0,60.5,-0.0344560254974499,3.4904013961605465,-32.08598726114652,4200.0,795680.0
4300.0,14.080996812,2.8978927612715348E-6,4300.0,60.627906976744185,-0.14581871707045693,3.9705048213272844,-31.240310077519368,4300.0,795680.0
4400.0,14.29300096,2.9415323279382505E-6,4400.0,60.909090909090914,-0.0634651999153892,4.919845218352689,-30.599848139711455,4400.0,795680.0
4500.0,14.534706194,2.9912856548063507E-6,4500.0,61.06666666666667,-0.11428571428569216,5.50161812297736,-29.873980726464026,4500.0,795680.0
4600.0,14.850888855,3.0563696375667683E-6,4600.0,61.41304347826087,0.05875296824892189,6.3324538258575105,-29.373177842565628,4600.0,795680.0
4700.0,15.165855544,3.121203321020972E-6,4700.0,61.702127659574465,0.17227951761736696,6.880496637351278,-28.847530422333556,4700.0,795680.0
4800.0,15.482479241,3.186378087948143E-6,4800.0,61.854166666666664,0.14088987865288943,7.478524507326918,-28.221288515406172,4800.0,795680.0
4900.0,15.799338269,3.2516012961108283E-6,4900.0,62.204081632653065,0.3316858868753275,7.7689243027888555,-27.812284334023463,4900.0,795680.0
5000.0,16.106235823,3.314774004729883E-6,5000.0,62.339999999999996,0.2863787910239778,8.636584182435703,-27.31575388776204,5000.0,795680.0
5100.0,16.431060384,3.3816368619827803E-6,5100.0,61.94117647058823,1.2642910490635424,8.140085186937995,-27.613412228796857,5100.0,795680.0
5200.0,16.747176397,3.4467071257199304E-6,5200.0,61.44230769230769,1.6830993379781933,7.132931912922647,-28.7732819524727,5200.0,795680.0
5300.0,17.064159727,3.511955920577343E-6,5300.0,61.13207547169811,2.6933045899206673,6.955736224028901,-28.589263420724116,5300.0,795680.0
5400.0,17.344993478,3.5697635781851948E-6,5400.0,60.81481481481481,3.5283282954695605,6.660785178650198,-28.554070473876102,5400.0,795680.0
5500.0,17.559215312,3.613859639958048E-6,5500.0,60.4,3.8960643035533287,5.714285714285719,-29.33491686460806,5500.0,795680.0
5600.0,17.831654012,3.669939235208436E-6,5600.0,60.12499999999999,4.646435069322117,5.019140791152688,-29.149797570850232,5600.0,795680.0
5700.0,18.117079349,3.728692038584629E-6,5700.0,59.70175438596491,4.806380238779083,4.331528529779261,-30.141643059490104,5700.0,795680.0
5800.0,18.373576145,3.7814901047283207E-6,5800.0,59.3448275862069,5.111914850217059,3.7551020408163236,-30.709534368070972,5800.0,795680.0
5900.0,18.681761518,3.844927901854536E-6,5900.0,59.101694915254235,5.699732400710065,3.5185925629748067,-30.50297458085453,5900.0,795680.0
6000.0,18.977516454,3.905806980723229E-6,6000.0,58.833333333333336,6.132511251747684,3.17522540180323,-30.54968287526425,6000.0,795680.0
6100.0,19.298194807,3.97181637014478E-6,6100.0,58.47540983606557,6.237787664965123,2.4643819792067676,-31.31156039398651,6100.0,795680.0
6200.0,19.616370916,4.037310690192054E-6,6200.0,58.16129032258065,6.42169400543289,2.1870286576169025,-31.80894308943089,6200.0,795680.0
6300.0,19.934799452,4.102856970566514E-6,6300.0,58.01587301587302,7.02657789513998,1.9280682239525486,-31.135349529003438,6300.0,795680.0
6400.0,20.253034685,4.168363460874436E-6,6400.0,57.8125,7.410751304956522,1.9963702359346542,-30.9408341416101,6400.0,795680.0
6500.0,20.556203974,4.230768732296843E-6,6500.0,57.55384615384615,7.580715813342258,1.3585984983911308,-31.255946717411987,6500.0,795680.0
6600.0,20.802605624,4.2814887834534075E-6,6600.0,57.42424242424242,8.047467854543044,1.7825934987766439,-30.69767441860464,6600.0,795680.0
6700.0,21.096055302,4.341893341134077E-6,6700.0,57.08955223880597,7.964711197683362,1.1687865245789126,-31.578947368421062,6700.0,795680.0
6800.0,21.409215266,4.4063551229211216E-6,6800.0,56.89705882352941,8.180786571142894,1.0131712259371797,-31.612034126627748,6800.0,795680.0
6900.0,21.720917681,4.470516878471153E-6,6900.0,56.65217391304348,8.266655429966473,0.4990019960079812,-31.936479929422124,6900.0,795680.0
7000.0,22.037022652,4.5355848692900625E-6,7000.0,56.471428571428575,8.478364523950187,0.3271180896303605,-31.847684984855025,7000.0,795680.0
7100.0,22.35044084,4.600099804676078E-6,7100.0,56.14084507042254,8.310237475050068,-0.3544956493715551,-32.849829351535824,7100.0,795680.0
7200.0,22.656532653,4.663106657162518E-6,7200.0,56.02777777777778,8.614313290397073,-0.4123057405645555,-32.24728487886382,7200.0,795680.0
7300.0,22.973431426,4.728338046554644E-6,7300.0,55.86301369863014,8.759344946048357,-0.530421216848673,-32.10332103321033,7300.0,795680.0
7400.0,23.275963556,4.790612163266542E-6,7400.0,55.7027027027027,8.913480498475748,-0.6756756756756941,-32.01772049939592,7400.0,795680.0
7500.0,23.582485026,4.853707457632408E-6,7500.0,55.45333333333333,8.84157588113443,-1.273113064565031,-32.63199682413657,7500.0,795680.0
7600.0,23.875445898,4.914011398026929E-6,7600.0,55.30263157894737,8.97032223487639,-1.1915400655347073,-32.48829953198129,7600.0,795680.0
7700.0,24.169796781,4.974601462434938E-6,7700.0,55.16883116883117,9.103816788881083,-1.1130638547158684,-32.41273494438054,7700.0,795680.0
7800.0,24.466808979,5.035739339866698E-6,7800.0,55.01282051282052,9.175400962620895,-1.3868824039295053,-32.41509433962263,7800.0,795680.0
7900.0,24.781280211,5.10047103697306E-6,7900.0,54.734177215189874,8.973887636380159,-1.7064846416382344,-33.23397913561848,7900.0,795680.0
8000.0,25.088274307,5.163663618085577E-6,8000.0,54.5875,9.023114088971539,-1.878855860908586,-33.22332233223321,8000.0,795680.0
8100.0,25.414973985,5.230912455019067E-6,8100.0,54.50617283950617,9.195863869089443,-1.880011058888591,-32.840663302090825,8100.0,795680.0
8200.0,25.731332232,5.296032580925857E-6,8200.0,54.41463414634147,9.319133776377226,-1.852861035422345,-32.5531914893617,8200.0,795680.0
8300.0,26.047878726,5.361191456157053E-6,8300.0,54.40963855421687,9.603486870671492,-1.8299246501614657,-31.75487465181057,8300.0,795680.0
8400.0,26.368819008,5.4272547618258345E-6,8400.0,54.25,9.568840934142676,-2.071713147410371,-31.97115384615385,8400.0,795680.0
8500.0,26.686358961,5.492618133623113E-6,8500.0,54.188235294117646,9.713525180703892,-1.8838304552590268,-31.420857239284505,8500.0,795680.0
8600.0,26.994592236,5.556065791039998E-6,8600.0,54.093023255813954,9.784744755724137,-2.094647013188505,-31.206380857427714,8600.0,795680.0
8700.0,27.29486293,5.617874407015163E-6,8700.0,53.88505747126436,9.636331825960474,-2.6874840030714284,-31.886916502301144,8700.0,795680.0
8800.0,27.593939837,5.679437290310737E-6,8800.0,53.77272727272727,9.669964718236422,-2.8571428571428523,-31.949399935128124,8800.0,795680.0
8900.0,27.892904484,5.74097706567281E-6,8900.0,53.62921348314607,9.64469227786993,-2.9690618762475136,-32.064,8900.0,795680.0
9000.0,28.205684057,5.80536054664093E-6,9000.0,53.64444444444444,9.885261387461687,-2.9360967184801434,-31.236237810632296,9000.0,795680.0
9100.0,28.523023967,5.87068274098995E-6,9100.0,53.53846153846153,9.915723291880845,-3.1471090509880493,-31.182128451753037,9100.0,795680.0
9200.0,28.837472238,5.935409711735532E-6,9200.0,53.45652173913044,9.97977227586119,-3.330115830115833,-30.9880697460997,9200.0,795680.0
9300.0,29.115712612,5.992683540880351E-6,9300.0,53.333333333333336,9.96491750286286,-3.5799522673030992,-31.0782241014799,9300.0,795680.0
9400.0,29.404466317,6.052121465461E-6,9400.0,53.18085106382979,9.894372979890552,-3.7482319660537438,-31.373134328358177,9400.0,795680.0
9500.0,29.650296441,6.102723871999691E-6,9500.0,53.084210526315786,9.912315490617928,-3.8201723736314994,-31.31997642899234,9500.0,795680.0
9600.0,29.861322303,6.1461620653559364E-6,9600.0,52.83333333333333,9.669559758799624,-4.355842359990774,-32.28162430616418,9600.0,795680.0
9700.0,30.162334613,6.2081233377823E-6,9700.0,52.628865979381445,9.502270712013884,-4.980580306145759,-32.95717592592593,9700.0,795680.0
9800.0,30.479604522,6.273431122916524E-6,9800.0,52.58163265306123,9.586378019257017,-4.945799457994578,-32.619863013698634,9800.0,795680.0
9900.0,30.790741205,6.337476426502939E-6,9900.0,52.40404040404041,9.455742225803979,-5.437458044305212,-33.14495620231702,9900.0,795680.0
10000.0,31.110502596,6.403297065729235E-6,10000.0,52.35999999999999,9.53320959157624,-5.421553441026793,-32.812935600780605,10000.0,795680.0
