learning evaluation instances,evaluation time (cpu seconds),model cost (RAM-Hours),classified instances,classifications correct (percent),Kappa Statistic (percent),Kappa Temporal Statistic (percent),Kappa M Statistic (percent),model training instances,model serialized size (bytes)
100.0,2.19625981,1.3515468178701152E-5,100.0,100.0,?,?,?,100.0,2.3787552E7
200.0,5.432260234,3.4783165705153045E-5,200.0,98.0,59.01639344262287,0.0,33.33333333333333,200.0,2.5404712E7
300.0,8.528627789,5.5144386556701266E-5,300.0,98.66666666666667,59.3495934959351,0.0,33.33333333333352,300.0,2.541872E7
400.0,11.651703987,7.568660393426968E-5,400.0,99.0,59.51417004048588,0.0,33.33333333333333,400.0,2.542536E7
500.0,14.734185218,9.596601601250566E-5,500.0,98.8,49.46091644204845,0.0,25.0,500.0,2.543064E7
600.0,17.881426056,1.1667670053758572E-4,600.0,98.66666666666667,42.3076923076929,0.0,20.0000000000004,600.0,2.5437056E7
700.0,21.065577025,1.3764226239705273E-4,700.0,97.28571428571429,28.800856531049252,-58.333333333333435,13.636363636363779,700.0,2.5451608E7
800.0,24.198549362,1.583078440759745E-4,800.0,85.125,5.16039051603899,-815.3846153846164,2.459016393442571,800.0,2.5497256E7
900.0,27.370248333,1.7924317608403924E-4,900.0,78.0,2.8300343530181626,-607.1428571428576,1.4925373134328699,900.0,2.5514688E7
1000.0,30.629211386,2.0076258956134644E-4,1000.0,74.6,2.0930501484022837,-296.87500000000034,1.1673151750972772,1000.0,2.5524272E7
1100.0,34.239050746,2.2461355648362697E-4,1100.0,71.18181818181817,3.912923670432569,-230.20833333333334,2.46153846153844,1100.0,2.5539976E7
1200.0,37.437895682,2.4575500156986556E-4,1200.0,71.08333333333333,5.250798678426146,-196.5811965811965,3.342618384401117,1200.0,2.5547232E7
1300.0,40.596297913,2.6663309889093717E-4,1300.0,68.61538461538461,4.329349461221272,-226.40000000000006,2.6252983293555925,1300.0,2.5552056E7
1400.0,43.750590714,2.874920088924337E-4,1400.0,67.14285714285714,5.888679752621623,-217.24137931034497,3.7656903765690175,1400.0,2.5561832E7
1500.0,46.919135896,3.084494763232663E-4,1500.0,65.53333333333333,5.392216664633379,-188.8268156424582,3.3644859813084143,1500.0,2.5567088E7
1600.0,49.928968517,3.283606218319778E-4,1600.0,64.0625,4.970065570654727,-157.84753363228694,3.1986531986531905,1600.0,2.5571504E7
1700.0,52.912148422,3.480981232042035E-4,1700.0,62.82352941176471,4.803928344222771,-163.3333333333332,3.215926493108752,1700.0,2.5574968E7
1800.0,55.892604163,3.6782618099252037E-4,1800.0,62.16666666666667,4.324071183265715,-139.78873239436615,2.714285714285711,1800.0,2.5586096E7
1900.0,58.823406413,3.8722815318836953E-4,1900.0,60.68421052631579,4.050783521044857,-147.3509933774835,2.7343749999999867,1900.0,2.5589496E7
2000.0,61.764771501,4.06702663115632E-4,2000.0,60.650000000000006,3.855551211884315,-135.62874251496999,2.5990099009901146,2000.0,2.5592928E7
2100.0,64.771141175,4.266119054327966E-4,2100.0,59.238095238095234,3.9928218932256585,-130.72776280323458,2.947845804988662,2100.0,2.5598512E7
2200.0,67.717391662,4.4612481603500335E-4,2200.0,57.90909090909091,3.872559890905839,-132.66331658291458,3.036649214659686,2200.0,2.5600872E7
2300.0,70.661551067,4.656259979273257E-4,2300.0,57.173913043478265,3.6687105086360243,-142.01474201474196,2.9556650246305503,2300.0,2.5603656E7
2400.0,73.667029465,4.8553744276221564E-4,2400.0,56.75,3.4652084147089792,-140.83526682134573,2.8089887640449342,2400.0,2.5608936E7
2500.0,76.693691551,5.055913227655727E-4,2500.0,56.48,3.3044289415532018,-137.03703703703707,2.6833631484794296,2500.0,2.5611608E7
2600.0,79.644904244,5.251482202677531E-4,2600.0,54.42307692307692,3.065776839233261,-158.1699346405229,2.709359605911325,2600.0,2.561544E7
2700.0,82.602209817,5.447489211124052E-4,2700.0,52.55555555555556,2.9382050850311385,-179.08496732026137,2.807283763277685,2700.0,2.561992E7
2800.0,85.683538548,5.651743570443616E-4,2800.0,50.89285714285714,2.9611713620017053,-199.5642701525055,0.5065123010130138,2800.0,2.5623336E7
2900.0,88.690242818,5.851100712292895E-4,2900.0,50.310344827586206,4.734005690107973,-213.94335511982575,-4.269175108538357,2900.0,2.5629696E7
3000.0,91.645345737,6.047065273370976E-4,3000.0,51.96666666666667,9.99862593322037,-213.94335511982564,-4.269175108538338,3000.0,2.5633464E7
3100.0,94.635727983,6.245394720681308E-4,3100.0,53.516129032258064,14.422715882880324,-213.94335511982572,-4.269175108538352,3100.0,2.5636744E7
3200.0,97.586924223,6.441136128363414E-4,3200.0,54.75,17.59359643057346,-212.74298056155513,-4.322766570605198,3200.0,2.5638168E7
3300.0,100.579822697,6.639662623417942E-4,3300.0,55.18181818181817,18.19421528328565,-212.68498942917557,-4.081632653061225,3300.0,2.564064E7
3400.0,103.575760263,6.838398335604187E-4,3400.0,56.294117647058826,20.741618995656832,-211.5303983228512,-4.13454800280308,3400.0,2.5641624E7
3500.0,106.622382554,7.040503851722438E-4,3500.0,56.285714285714285,20.126508870655947,-214.81481481481475,-3.9402173913043472,3500.0,2.5642592E7
3600.0,109.65321867,7.241574383008825E-4,3600.0,56.30555555555555,19.62460825725575,-219.06693711967554,-3.8283828382838467,3600.0,2.5644152E7
3700.0,112.74224818,7.446526015265732E-4,3700.0,56.351351351351354,19.16028977021527,-224.9496981891349,-3.459320948110177,3700.0,2.5646712E7
3800.0,115.755192263,7.646439241858967E-4,3800.0,56.815789473684205,19.907420489253425,-216.7953667953669,-3.533123028391167,3800.0,2.564796E7
3900.0,118.761331127,7.845907900368372E-4,3900.0,56.64102564102564,18.952698135699457,-216.07476635514024,-3.298717165546731,3900.0,2.5648856E7
4000.0,121.705387409,8.041269087618321E-4,4000.0,57.725,21.17285101622227,-216.07476635514007,-3.298717165546721,4000.0,2.5650424E7
4100.0,124.720572621,8.241371390766012E-4,4100.0,58.512195121951216,22.591708751873014,-216.75977653631287,-3.2786885245901667,4100.0,2.5653136E7
4200.0,127.667359783,8.436940200604837E-4,4200.0,59.0,23.262032085561497,-214.8080438756855,-3.237410071942457,4200.0,2.5653888E7
4300.0,130.607874445,8.632104591869205E-4,4300.0,59.906976744186046,24.883980139831795,-214.59854014598534,-3.2335329341317354,4300.0,2.5655448E7
4400.0,133.563635303,8.828287798280981E-4,4400.0,59.954545454545446,24.51316404424364,-215.77060931899643,-3.161592505854814,4400.0,2.5656352E7
4500.0,136.505076544,9.023531402345021E-4,4500.0,60.111111111111114,24.402661700156294,-219.96434937611394,-3.1016657093624387,4500.0,2.5657776E7
4600.0,139.44687804,9.218807990671279E-4,4600.0,60.80434782608696,25.517358807358136,-220.81850533807832,-3.2054951345163127,4600.0,2.5658968E7
4700.0,142.400594356,9.414882452811575E-4,4700.0,60.744680851063826,24.93601187796827,-226.54867256637178,-3.1302403577417772,4700.0,2.565988E7
4800.0,145.346946344,9.610656780477826E-4,4800.0,61.10416666666667,25.303566784692638,-223.57019064124773,-2.865013774104661,4800.0,2.568464E7
4900.0,148.294049655,9.8064946323455E-4,4900.0,61.57142857142858,25.879267402751445,-222.98456260720408,-2.839978154014174,4900.0,2.5686424E7
5000.0,151.247346082,0.0010002751601810192,5000.0,62.18,26.746175925702115,-219.96615905245355,-2.827623708537239,5000.0,2.5687416E7
5100.0,154.240624415,0.0010201679882202604,5100.0,62.66666666666667,27.345469955933233,-221.07925801011788,-2.8077753779697465,5100.0,2.5689272E7
5200.0,157.201623766,0.0010398472637744621,5200.0,63.30769230769231,28.257730718325107,-219.5979899497488,-2.8017241379310374,5200.0,2.5690536E7
5300.0,160.139228985,0.0010593717634268909,5300.0,63.886792452830186,29.031801297438758,-217.41293532338312,-2.7926960257787448,5300.0,2.5691464E7
5400.0,163.105545099,0.001079088781567948,5400.0,64.11111111111111,29.095255130248137,-218.22660098522175,-2.866242038216563,5400.0,2.5693672E7
5500.0,166.102489115,0.0010990117580498655,5500.0,64.5090909090909,29.494773839513915,-217.39837398373987,-2.845100105374083,5500.0,2.5696736E7
5600.0,169.104297991,0.0011189688331275757,5600.0,65.10714285714285,30.310286849747797,-216.69367909238244,-2.842105263157904,5600.0,2.5699E7
5700.0,172.139599253,0.0011391494316342567,5700.0,65.29824561403508,30.302177208504094,-215.47049441786288,-2.8601144045761924,5700.0,2.5700088E7
5800.0,175.156456931,0.0011592081235800994,5800.0,65.62068965517241,30.55096006157768,-212.05007824726118,-2.836513666838557,5800.0,2.5701008E7
5900.0,178.173586469,0.0011792697970099974,5900.0,65.72881355932203,30.412198846888046,-212.51931993817627,-2.7961362480935494,5900.0,2.5702512E7
6000.0,181.415643966,0.0012008298188241277,6000.0,66.01666666666667,30.627853648246823,-210.35007610350064,-2.6170105686965073,6000.0,2.5705784E7
6100.0,184.584371742,0.0012219036199633674,6100.0,65.91803278688525,30.067242293936065,-209.8360655737705,-2.5653675382338244,6100.0,2.5707528E7
6200.0,187.670561216,0.0012424299006959948,6200.0,65.85483870967742,29.586274972640076,-207.25689404934698,-2.51815980629541,6200.0,2.5709288E7
6300.0,190.787672008,0.0012631627555297425,6300.0,65.88888888888889,29.301901512374396,-207.43919885550798,-2.4797329518359676,6300.0,2.5710424E7
6400.0,193.922506714,0.0012840141592855756,6400.0,66.078125,29.320943065675607,-207.07213578500708,-2.453987730061365,6400.0,2.571124E7
6500.0,196.998118538,0.001304472799569097,6500.0,66.04615384615384,28.923912343372987,-209.10364145658272,-2.4129930394431574,6500.0,2.5712696E7
6600.0,200.116174319,0.0013252164247495057,6600.0,66.03030303030303,28.56563549994206,-210.52631578947376,-2.3744292237443076,6600.0,2.5715984E7
6700.0,203.183597708,0.0013456241578691202,6700.0,66.08955223880596,28.389244424297484,-210.80711354309162,-2.2042285200179847,6700.0,2.5717184E7
6800.0,206.162125002,0.001365442081709009,6800.0,66.29411764705883,28.456610754037843,-210.14884979702308,-2.1845742309407035,6800.0,2.5719288E7
6900.0,209.129253168,0.0013851849586334693,6900.0,66.7536231884058,29.000405042987037,-209.58164642375175,-2.1826280623607865,6900.0,2.5720328E7
7000.0,212.100498672,0.0014049564247438954,7000.0,66.74285714285715,28.672618260282455,-210.81441922563417,-2.1500658183413455,7000.0,2.572188E7
7100.0,215.135958663,0.0014251558949155629,7100.0,67.05633802816902,28.972366333203592,-211.0372340425531,-2.0506108202443394,7100.0,2.5722776E7
7200.0,218.112729058,0.00144496533264077,7200.0,67.33333333333333,29.18254905855664,-212.35059760956165,-2.039045553145343,7200.0,2.5723448E7
7300.0,221.144536388,0.0014651433385923591,7300.0,67.34246575342466,28.904285588811433,-214.92734478203423,-2.011125374411615,7300.0,2.57264E7
7400.0,224.125317177,0.0014849819749835058,7400.0,67.78378378378378,29.418777943368106,-214.92734478203434,-2.0111253744116353,7400.0,2.5726704E7
7500.0,227.10926011,0.001504842169650513,7500.0,68.17333333333333,29.84218812898079,-214.49275362318855,-2.0521590423258034,7500.0,2.5727368E7
7600.0,230.073547572,0.001524571936259205,7600.0,68.5921052631579,30.31720246146074,-214.4927536231883,-2.052159042325765,7600.0,2.572788E7
7700.0,233.030904647,0.0015442563588849501,7700.0,68.96103896103895,30.710391122014247,-214.88801054018464,-2.1804189824711475,7700.0,2.5728904E7
7800.0,236.003701866,0.0015640438108406943,7800.0,69.34615384615384,31.129350437564113,-215.01976284584975,-2.223172295852943,7800.0,2.572924E7
7900.0,238.98508018,0.0015838888181371863,7900.0,69.70886075949367,31.511668162408434,-215.2832674571804,-2.3086789226165005,7900.0,2.5729808E7
8000.0,241.957958344,0.001603678045566654,8000.0,70.0875,31.920108973345002,-215.28326745718033,-2.308678922616476,8000.0,2.5730848E7
8100.0,244.939491177,0.0016235254389224448,8100.0,70.4567901234568,32.31379930665932,-215.2832674571804,-2.308678922616479,8100.0,2.5731568E7
8200.0,247.924358093,0.0016433954651210777,8200.0,70.80487804878048,32.673531102978,-215.415019762846,-2.3514322359982915,8200.0,2.5732136E7
8300.0,250.901328329,0.0016632133919847537,8300.0,71.1566265060241,33.04021395104391,-215.41501976284567,-2.351432235998264,8300.0,2.5732744E7
8400.0,253.88118566,0.0016830583090522465,8400.0,71.47619047619047,33.35512179518382,-215.6785243741768,-2.436938862761863,8400.0,2.5742824E7
8500.0,256.854702058,0.0017028615759674182,8500.0,71.81176470588235,33.697671670323174,-215.67852437417642,-2.4369388627618833,8500.0,2.5743576E7
8600.0,259.828801283,0.0017226690629780605,8600.0,72.13953488372094,34.028872773399236,-215.6785243741765,-2.4369388627618287,8600.0,2.5744016E7
8700.0,262.802263384,0.0017424727190567348,8700.0,72.45977011494253,34.34927989614403,-215.67852437417665,-2.436938862761864,8700.0,2.5744552E7
8800.0,265.800345977,0.0017624410334450011,8800.0,72.70454545454545,34.533888134391105,-214.8099606815204,-2.430703624733473,8800.0,2.5745432E7
8900.0,268.77976223,0.0017822857940349131,8900.0,72.96629213483146,34.782104175761745,-214.50980392156868,-2.3394300297745994,8900.0,2.5746432E7
9000.0,271.774212743,0.001802231807642996,9000.0,73.24444444444444,35.03796136701088,-214.7712418300655,-2.424500212675445,9000.0,2.5747872E7
9100.0,274.766345573,0.0018221637641164252,9100.0,73.53846153846155,35.322356048056875,-214.77124183006518,-2.42450021267544,9100.0,2.5749656E7
9200.0,277.735611624,0.0018419440029595448,9200.0,73.82608695652173,35.59816904096868,-214.77124183006518,-2.4245002126754587,9200.0,2.5750448E7
9300.0,280.795280467,0.0018623281714625465,9300.0,73.76344086021506,35.230188007138054,-213.62467866323917,-2.434928631402179,9300.0,2.5752592E7
9324.0,282.204926687,0.001871719574125591,9324.0,73.77734877734878,35.195495598035926,-212.65984654731463,-2.429828236279878,9324.0,2.5752696E7
