learning evaluation instances,evaluation time (cpu seconds),model cost (RAM-Hours),classified instances,classifications correct (percent),Kappa Statistic (percent),Kappa Temporal Statistic (percent),Kappa M Statistic (percent),model training instances,model serialized size (bytes)
100.0,2.600093396,1.2032846284980137E-5,100.0,53.0,6.000000000000005,52.52525252525253,6.000000000000005,100.0,1.7888824E7
200.0,5.905530298,2.7345672326646745E-5,200.0,60.5,20.999999999999996,60.30150753768844,20.999999999999996,200.0,1.7907248E7
300.0,8.913747309,4.128966708423722E-5,300.0,67.0,34.00000000000001,66.88963210702342,34.00000000000001,300.0,1.7917624E7
400.0,12.40999415,5.7506753695880095E-5,400.0,69.25,38.5,69.17293233082708,38.5,400.0,1.7929704E7
500.0,15.071134869,6.985980032748092E-5,500.0,70.19999999999999,40.39999999999999,70.14028056112224,40.39999999999999,500.0,1.794356E7
600.0,18.383580265,8.524351887421616E-5,600.0,72.33333333333334,44.66666666666668,72.28714524207011,44.66666666666668,600.0,1.7952088E7
700.0,21.535647824,9.988805064239924E-5,700.0,73.14285714285714,46.285714285714285,73.10443490701002,46.285714285714285,700.0,1.7959008E7
800.0,24.320711306,1.1283770952489049E-4,800.0,73.625,47.24999999999999,73.59198998748435,47.24999999999999,800.0,1.7973208E7
900.0,27.40067497,1.271639785695424E-4,900.0,74.55555555555556,49.11111111111111,74.52725250278085,49.11111111111111,900.0,1.7980008E7
1000.0,30.163581241,1.400231247331744E-4,1000.0,75.1,50.2,75.07507507507508,50.2,1000.0,1.7990712E7
1100.0,33.798253476,1.5694543749541885E-4,1100.0,73.81818181818181,47.63636363636363,73.7943585077343,47.63636363636363,1100.0,1.7996864E7
1200.0,36.735864712,1.7062647634733024E-4,1200.0,71.83333333333334,43.66666666666668,71.80984153461219,43.66666666666668,1200.0,1.8002168E7
1300.0,39.274415299,1.8245333964500506E-4,1300.0,70.0,39.99999999999999,69.9769053117783,39.99999999999999,1300.0,1.8008856E7
1400.0,41.678726843,1.9365715475120628E-4,1400.0,68.28571428571428,36.57142857142857,68.26304503216583,36.57142857142857,1400.0,1.8012648E7
1500.0,44.134572299,2.0510385149533436E-4,1500.0,67.33333333333333,34.66666666666667,67.31154102735157,34.66666666666667,1500.0,1.801696E7
1600.0,46.444687429,2.158732354423956E-4,1600.0,66.375,32.74999999999999,66.35397123202,32.74999999999999,1600.0,1.80202E7
1700.0,48.705149575,2.264133954363266E-4,1700.0,65.52941176470588,31.05882352941176,65.50912301353738,31.05882352941176,1700.0,1.8024048E7
1800.0,51.106467311,2.3761242401780223E-4,1800.0,64.77777777777777,29.555555555555557,64.75819899944413,29.555555555555557,1800.0,1.80274E7
1900.0,53.328460192,2.479772412261166E-4,1900.0,63.94736842105263,27.89473684210526,63.92838335966297,27.89473684210526,1900.0,1.8031064E7
2000.0,55.642952683,2.5877570178106586E-4,2000.0,63.14999999999999,26.29999999999999,63.13156578289144,26.29999999999999,2000.0,1.803468E7
2100.0,57.976977199,2.696672808216558E-4,2100.0,62.904761904761905,25.809523809523817,62.88708909004288,25.809523809523817,2100.0,1.8037976E7
2200.0,60.235798217,2.802100171211315E-4,2200.0,62.772727272727266,25.54545454545454,62.755798090040926,25.54545454545454,2200.0,1.8041552E7
2300.0,62.589354605,2.9119683200195737E-4,2300.0,62.52173913043478,25.043478260869566,62.50543714658547,25.043478260869566,2300.0,1.8044696E7
2400.0,65.005906193,3.0247996013486357E-4,2400.0,62.0,24.0,61.98416006669446,24.0,2400.0,1.804828E7
2500.0,67.325276529,3.1331096145954893E-4,2500.0,61.480000000000004,22.96,61.46458583433374,22.96,2500.0,1.8050984E7
2600.0,69.6437358,3.241392245523634E-4,2600.0,61.07692307692307,22.153846153846146,61.06194690265486,22.153846153846146,2600.0,1.8053512E7
2700.0,72.028431962,3.35278462965929E-4,2700.0,60.92592592592593,21.851851851851855,60.911448684698044,21.851851851851855,2700.0,1.8056136E7
2800.0,74.367259941,3.4620523101760233E-4,2800.0,60.5,20.999999999999996,60.48588781707752,20.999999999999996,2800.0,1.8059088E7
2900.0,76.579078732,3.5654040107930494E-4,2900.0,60.48275862068966,20.965517241379317,60.46912728527079,20.965517241379317,2900.0,1.8062192E7
3000.0,78.815974594,3.6699409137333884E-4,3000.0,60.0,19.999999999999996,59.98666222074025,19.999999999999996,3000.0,1.8064512E7
3100.0,81.118819668,3.7776289770208565E-4,3100.0,60.225806451612904,20.451612903225815,59.797848059993484,19.621903520208615,3100.0,1.807612E7
3200.0,83.391145345,3.883928000023878E-4,3200.0,60.21875,20.437499999999996,59.36801787424194,18.761965539246976,3200.0,1.8082608E7
3300.0,85.630705756,3.988710769874857E-4,3300.0,60.06060606060606,20.121212121212118,58.8125,17.625,3300.0,1.8085456E7
3400.0,87.801817704,4.090306529565712E-4,3400.0,60.05882352941177,20.11764705882353,58.43281297826752,16.891064871481028,3400.0,1.8088216E7
3500.0,90.067678317,4.1963544203863656E-4,3500.0,59.91428571428571,19.82857142857142,57.9057905790579,15.8368326334733,3500.0,1.809136E7
3600.0,92.40451821,4.305738778024941E-4,3600.0,59.916666666666664,19.833333333333325,57.55882352941176,15.117647058823518,3600.0,1.8093752E7
3700.0,94.766515504,4.4163236955345914E-4,3700.0,59.75675675675676,19.513513513513516,57.052206518603974,14.129181084198382,3700.0,1.8097512E7
3800.0,97.073924782,4.5243745225459015E-4,3800.0,59.71052631578947,19.421052631578938,56.665723181432206,13.35597057159025,3800.0,1.8101136E7
3900.0,99.324543519,4.6297857247305015E-4,3900.0,59.43589743589743,18.87179487179487,56.05555555555556,12.11111111111111,3900.0,1.8104528E7
4000.0,101.613728542,4.7370155564907643E-4,4000.0,59.45,18.900000000000006,55.76765748568312,11.559432933478744,4000.0,1.8106608E7
4100.0,103.920193591,4.8450659878497944E-4,4100.0,59.36585365853658,18.731707317073166,55.37101526922047,10.765934654525964,4100.0,1.810848E7
4200.0,106.190533986,4.951437581246482E-4,4200.0,59.26190476190476,18.52380952380952,54.97368421052632,9.947368421052618,4200.0,1.8110776E7
4300.0,108.47149269,5.058317198291915E-4,4300.0,59.23255813953489,18.465116279069772,54.66770106025343,9.358841778697007,4300.0,1.811256E7
4400.0,110.89945391,5.172096215428216E-4,4400.0,59.15909090909091,18.318181818181813,54.30968726163235,8.642602948652758,4400.0,1.8114352E7
4500.0,113.180167191,5.278986328635057E-4,4500.0,58.88888888888889,17.777777777777782,53.75000000000001,7.499999999999998,4500.0,1.8116288E7
4600.0,115.531668901,5.389226298211633E-4,4600.0,58.7391304347826,17.47826086956521,53.30873308733087,7.4146341463414505,4600.0,1.8121584E7
4700.0,118.219791195,5.515270242078547E-4,4700.0,58.595744680851055,17.198761177153287,52.904162633107454,7.289185326345867,4700.0,1.8124888E7
4800.0,120.512488535,5.622791810427414E-4,4800.0,58.416666666666664,16.84056647156209,52.45354930919485,7.119590507212653,4800.0,1.8128056E7
4900.0,122.910707585,5.735277658703877E-4,4900.0,58.44897959183674,16.89795918367347,52.262602579132476,7.454545454545469,4900.0,1.8130568E7
5000.0,125.197423315,5.842546722024763E-4,5000.0,58.440000000000005,16.8871942444662,52.03139427516159,7.60337927967986,5000.0,1.8132792E7
5100.0,127.531383494,5.952049444169424E-4,5100.0,58.549019607843135,17.104986971487964,51.932696680309235,8.046976946498473,5100.0,1.813568E7
5200.0,129.874805351,6.062008691021498E-4,5200.0,58.48076923076923,16.961538461538474,51.6461366181411,8.127659574468087,5200.0,1.813776E7
5300.0,132.357038605,6.178503664720737E-4,5300.0,58.50943396226415,17.02557913436121,51.47837599293909,8.33680700291788,5300.0,1.814124E7
5400.0,135.044424043,6.304643594098017E-4,5400.0,58.5,17.006580273882253,51.261418007829484,8.493262556145362,5400.0,1.8143664E7
5500.0,137.522669982,6.42097805652142E-4,5500.0,58.50909090909091,17.018181818181823,51.08252947481243,8.720000000000011,5500.0,1.8145392E7
5600.0,140.010970222,6.537796283588114E-4,5600.0,58.410714285714285,16.827815007061943,50.78191039729501,8.63083562181247,5600.0,1.8147224E7
5700.0,142.369093247,6.648514598875566E-4,5700.0,58.42105263157895,16.848319245333105,50.60441850771154,8.811081185071199,5700.0,1.8149112E7
5800.0,144.81014221,6.763144781855917E-4,5800.0,58.27586206896552,16.551724137931046,50.25693730729702,8.679245283018874,5800.0,1.8152016E7
5900.0,147.245273206,6.877513691896513E-4,5900.0,58.25423728813559,16.514460784426362,50.06082725060828,8.743979251574642,5900.0,1.8154656E7
5995.0,149.614651287,6.988813658162263E-4,5995.0,58.13177648040033,16.26650483238054,49.74974974974975,8.62759373862396,5995.0,1.8157792E7
