learning evaluation instances,evaluation time (cpu seconds),model cost (RAM-Hours),classified instances,classifications correct (percent),Kappa Statistic (percent),Kappa Temporal Statistic (percent),Kappa M Statistic (percent),model training instances,model serialized size (bytes)
100.0,2.162212413,1.0006398093672551E-5,100.0,53.0,6.000000000000005,52.52525252525253,6.000000000000005,100.0,1.7888824E7
200.0,4.905518526,2.2715087000120055E-5,200.0,60.5,20.999999999999996,60.30150753768844,20.999999999999996,200.0,1.7907248E7
300.0,7.371825008,3.4147162721341816E-5,300.0,67.0,34.00000000000001,66.88963210702342,34.00000000000001,300.0,1.7917624E7
400.0,9.922077615,4.597632390192307E-5,400.0,69.25,38.5,69.17293233082708,38.5,400.0,1.7929704E7
500.0,12.418577231,5.75651045898569E-5,500.0,70.19999999999999,40.39999999999999,70.14028056112224,40.39999999999999,500.0,1.794356E7
600.0,15.074599119,6.990015031769345E-5,600.0,72.33333333333334,44.66666666666668,72.28714524207011,44.66666666666668,600.0,1.7951944E7
700.0,17.786935008,8.250158409299581E-5,700.0,73.14285714285714,46.285714285714285,73.10443490701002,46.285714285714285,700.0,1.7958864E7
800.0,20.491774629,9.50781267888685E-5,800.0,73.625,47.24999999999999,73.59198998748435,47.24999999999999,800.0,1.7973064E7
900.0,23.410496306,1.0865427952495984E-4,900.0,74.55555555555556,49.11111111111111,74.52725250278085,49.11111111111111,900.0,1.7979864E7
1000.0,26.112677756,1.2123069895164784E-4,1000.0,75.1,50.2,75.07507507507508,50.2,1000.0,1.7990568E7
1100.0,28.989848449,1.3466759554562404E-4,1100.0,74.90909090909092,49.81818181818183,74.88626023657872,49.81818181818183,1100.0,1.8052432E7
1200.0,31.406038406,1.4595500585547097E-4,1200.0,74.33333333333333,48.66666666666666,74.31192660550458,48.66666666666666,1200.0,1.8057832E7
1300.0,33.797677148,1.5713186133670945E-4,1300.0,73.92307692307692,47.84615384615385,73.90300230946882,47.84615384615385,1300.0,1.806452E7
1400.0,36.182220399,1.6827789665025422E-4,1400.0,73.64285714285714,47.285714285714285,73.6240171551108,47.285714285714285,1400.0,1.8068312E7
1500.0,38.586074404,1.7951687747729477E-4,1500.0,73.33333333333333,46.66666666666666,73.31554369579719,46.66666666666666,1500.0,1.8072624E7
1600.0,40.949493595,1.9056879033956057E-4,1600.0,73.625,47.24999999999999,73.60850531582238,47.24999999999999,1600.0,1.8075864E7
1700.0,43.640915772,2.031572027966476E-4,1700.0,73.82352941176471,47.64705882352942,73.80812242495585,47.64705882352942,1700.0,1.8079712E7
1800.0,46.259671945,2.1540801021150186E-4,1800.0,73.72222222222223,47.44444444444444,73.7076153418566,47.44444444444444,1800.0,1.8083064E7
1900.0,49.160917599,2.289830821474267E-4,1900.0,73.63157894736842,47.26315789473685,73.6176935229068,47.26315789473685,1900.0,1.8086728E7
2000.0,52.248944896,2.4343500336232476E-4,2000.0,73.5,47.0,73.48674337168585,47.0,2000.0,1.8090344E7
2100.0,55.19869864,2.572423338313689E-4,2100.0,73.33333333333333,46.66666666666666,73.32062887089089,46.66666666666666,2100.0,1.8093656E7
2200.0,57.952818944,2.7013648300188434E-4,2200.0,73.31818181818181,46.63636363636363,73.30604820372896,46.63636363636363,2200.0,1.8097232E7
2300.0,60.730183296,2.831417143693593E-4,2300.0,73.26086956521739,46.52173913043478,73.24923879947804,46.52173913043478,2300.0,1.8100376E7
2400.0,63.462860818,2.9594022976389293E-4,2400.0,72.91666666666666,45.83333333333333,72.90537724051688,45.83333333333333,2400.0,1.810396E7
2500.0,66.328736196,3.0936458305903304E-4,2500.0,73.11999999999999,46.239999999999995,73.10924369747899,46.239999999999995,2500.0,1.8106664E7
2600.0,68.829145362,3.210786522487577E-4,2600.0,73.15384615384616,46.307692307692314,73.14351673720662,46.307692307692314,2600.0,1.8109192E7
2700.0,71.305890027,3.326835378327758E-4,2700.0,73.25925925925925,46.51851851851851,73.24935161170804,46.51851851851851,2700.0,1.8111816E7
2800.0,73.999764971,3.4530785324103424E-4,2800.0,73.39285714285714,46.78571428571428,73.38335119685601,46.78571428571428,2800.0,1.8114768E7
2900.0,76.890400528,3.5885656978685703E-4,2900.0,73.06896551724138,46.13793103448276,73.05967575025872,46.13793103448276,2900.0,1.8117872E7
3000.0,80.241308246,3.745646421111513E-4,3000.0,72.8,45.599999999999994,72.79093031010336,45.599999999999994,3000.0,1.8120192E7
3100.0,83.255583027,3.887037298458269E-4,3100.0,72.45161290322581,44.90322580645161,72.15520052168243,44.32855280312907,3100.0,1.81318E7
3200.0,85.827514843,4.0077223203556614E-4,3200.0,72.28125,44.56249999999999,71.68847749760613,43.39502233567326,3200.0,1.8138288E7
3300.0,88.682744645,4.141721819923899E-4,3300.0,72.15151515151516,44.30303030303031,71.28125,42.56250000000001,3300.0,1.8141136E7
3400.0,91.445554894,4.2714036813286166E-4,3400.0,72.23529411764706,44.47058823529413,71.10498928680748,42.22766217870258,3400.0,1.8143896E7
3500.0,94.336657309,4.407130885217181E-4,3500.0,72.45714285714286,44.914285714285704,71.07710771077107,42.17156568686262,3500.0,1.814704E7
3600.0,96.853223879,4.525290506539109E-4,3600.0,72.69444444444444,45.38888888888888,71.08823529411764,42.17647058823528,3600.0,1.8149432E7
3700.0,99.525039676,4.650765488998347E-4,3700.0,72.72972972972973,45.45945945945946,70.89702913181425,41.81084198385236,3700.0,1.8153192E7
3800.0,102.50541804,4.7907592637172854E-4,3800.0,72.84210526315789,45.684210526315795,70.78969714123974,41.59592529711375,3800.0,1.8156816E7
3900.0,105.367585912,4.925225593219944E-4,3900.0,72.7948717948718,45.58974358974359,70.52777777777777,41.055555555555564,3900.0,1.8160208E7
4000.0,108.204070211,5.058500556412576E-4,4000.0,72.82499999999999,45.64999999999999,70.35724025088628,40.73064340239912,4000.0,1.8162288E7
4100.0,111.022462213,5.190939084627076E-4,4100.0,72.58536585365853,45.17073170731707,69.89016876506831,39.796464916979104,4100.0,1.816416E7
4200.0,113.790112107,5.321009639192392E-4,4200.0,72.42857142857143,44.85714285714286,69.52631578947368,39.05263157894737,4200.0,1.8166456E7
4300.0,116.29734429,5.438852978713385E-4,4300.0,72.37209302325581,44.74418604651162,69.27851047323507,38.57290589451913,4300.0,1.816824E7
4400.0,118.821967776,5.557525437190526E-4,4400.0,72.3409090909091,44.68181818181818,69.05669972031528,38.129130655821044,4400.0,1.8170032E7
4500.0,121.333003073,5.675571745602728E-4,4500.0,72.31111111111112,44.62222222222223,68.85000000000001,37.7,4500.0,1.8171968E7
4600.0,123.922984702,5.797364885705017E-4,4600.0,72.28260869565217,44.565217391304344,68.63468634686346,37.80487804878048,4600.0,1.8177264E7
4700.0,126.84588814,5.934838561417114E-4,4700.0,72.08510638297872,44.161446441659564,68.24782187802518,37.494044783230116,4700.0,1.8180568E7
4800.0,129.517564293,6.060518095148222E-4,4800.0,71.875,43.74137563102121,67.8418294425917,37.180083759888326,4800.0,1.8183736E7
4900.0,132.164317735,6.185042428380681E-4,4900.0,71.81632653061224,43.63265306122448,67.62016412661195,37.22727272727273,4900.0,1.8186248E7
5000.0,134.933753062,6.315354627207906E-4,5000.0,71.8,43.59172377771266,67.45152354570637,37.3054690973766,5000.0,1.8188472E7
5100.0,137.568302115,6.439339610245603E-4,5100.0,71.80392156862744,43.5997679944641,67.30331969076853,37.45106568073075,5100.0,1.819136E7
5200.0,140.18698814,6.56259215157603E-4,5200.0,71.78846153846153,43.576923076923066,67.14445688689808,37.57446808510637,5200.0,1.819344E7
5300.0,142.815878001,6.686348619689511E-4,5300.0,71.71698113207547,43.426147862360494,66.92409532215358,37.51563151313048,5300.0,1.819692E7
5400.0,145.327470863,6.804599015594226E-4,5400.0,71.77777777777777,43.54792794362474,66.85515441496302,37.770518579011835,5400.0,1.8199344E7
5500.0,148.151980281,6.937594723098926E-4,5500.0,71.6,43.199999999999996,66.5166130760986,37.519999999999996,5500.0,1.8201072E7
5600.0,150.786128397,7.061639504849741E-4,5600.0,71.60714285714286,43.206933040438265,66.39898562975486,37.62259709690075,5600.0,1.8202904E7
5700.0,153.524920612,7.19062546334775E-4,5700.0,71.71929824561404,43.4314858168075,66.40266777824093,37.97614467102733,5700.0,1.8204792E7
5800.0,156.145668489,7.31407170311954E-4,5800.0,71.67241379310344,43.344827586206904,66.22816032887975,38.0,5800.0,1.8207696E7
5900.0,158.935150091,7.445484933063099E-4,5900.0,71.64406779661017,43.28137041798263,66.0786699107867,38.0140792886254,5900.0,1.8210336E7
5995.0,161.354690492,7.559489762719644E-4,5995.0,71.77648040033361,43.549685930801814,66.12612612612612,38.40553330906443,5995.0,1.8213472E7
