learning evaluation instances,evaluation time (cpu seconds),model cost (RAM-Hours),classified instances,classifications correct (percent),Kappa Statistic (percent),Kappa Temporal Statistic (percent),Kappa M Statistic (percent),model training instances,model serialized size (bytes)
100.0,0.44462974,9.145213667857977E-8,100.0,35.0,0.0,-35.41666666666667,-91.17647058823532,100.0,795056.0
200.0,0.775485216,1.595030057275295E-7,200.0,27.500000000000004,0.0,-93.33333333333333,-168.51851851851848,200.0,795056.0
300.0,1.003119818,2.0632324482102358E-7,300.0,30.0,0.0,-74.99999999999999,-135.9550561797753,300.0,795056.0
400.0,1.216431075,2.5019743603064366E-7,400.0,29.75,0.0,-86.0927152317881,-138.13559322033896,400.0,795056.0
500.0,1.425388086,2.931760391486436E-7,500.0,28.999999999999996,0.0,-87.83068783068784,-146.52777777777774,500.0,795056.0
600.0,1.652138388,3.398143940423429E-7,600.0,29.833333333333336,0.0,-80.68669527896996,-136.5168539325843,600.0,795056.0
700.0,1.867806387,3.8417332361314445E-7,700.0,29.714285714285715,0.0,-76.97841726618705,-137.68115942028987,700.0,795056.0
800.0,2.083393478,4.2851561190062926E-7,800.0,29.625,0.0,-77.602523659306,-138.55932203389827,800.0,795056.0
900.0,2.294643265,4.719657967534123E-7,900.0,29.555555555555557,0.0,-78.59154929577463,-139.24528301886795,900.0,795056.0
1000.0,2.525385653,5.194252501064829E-7,1000.0,29.9,0.0,-75.6892230576441,-135.23489932885903,1000.0,795056.0
1100.0,3.118950049,6.499965915607206E-7,1100.0,29.454545454545457,0.0,-77.57437070938217,-140.2476780185759,1100.0,850320.0
1200.0,3.360535438,7.031401569936342E-7,1200.0,29.166666666666668,0.0,-78.94736842105262,-143.5530085959885,1200.0,850320.0
1300.0,3.580111601,7.514421682791702E-7,1300.0,30.0,0.0,-75.33718689788053,-133.93316195372756,1300.0,850320.0
1400.0,3.803882041,8.006668298752896E-7,1400.0,30.428571428571427,0.0,-71.1775043936731,-129.17647058823528,1400.0,850320.0
1500.0,4.025519477,8.494222766810946E-7,1500.0,30.06666666666667,0.0,-73.96351575456052,-133.11111111111106,1500.0,850320.0
1600.0,4.249558915,8.987061120247387E-7,1600.0,30.1875,0.0,-72.11093990755008,-131.7427385892116,1600.0,850320.0
1700.0,4.463390363,9.45744410141363E-7,1700.0,29.764705882352942,0.0,-73.79912663755455,-136.43564356435638,1700.0,850320.0
1800.0,4.685694853,9.94646594413548E-7,1800.0,29.61111111111111,0.0,-74.27785419532327,-138.1578947368421,1800.0,850320.0
1900.0,4.90371829,1.0426070395301946E-6,1900.0,29.63157894736842,0.0,-74.54308093994776,-137.90035587188615,1900.0,850320.0
2000.0,5.118893635,1.0899409659480594E-6,2000.0,29.5,0.0,-74.5049504950495,-139.38879456706283,2000.0,850320.0
2100.0,5.353557198,1.1415618792269298E-6,2100.0,29.04761904761905,0.0,-76.74970344009488,-144.66338259441704,2100.0,850320.0
2200.0,5.616462357,1.1993953333849007E-6,2200.0,29.363636363636363,0.0,-76.1904761904762,-140.9302325581395,2200.0,850320.0
2300.0,5.854071615,1.2516642359135591E-6,2300.0,29.347826086956523,0.0,-76.63043478260867,-141.09792284866472,2300.0,850320.0
2400.0,6.129558866,1.3122654784392485E-6,2400.0,29.375,0.0,-76.37877211238295,-140.76704545454547,2400.0,850320.0
2500.0,6.349512303,1.3606504818526947E-6,2500.0,29.32,0.0,-75.82089552238804,-141.39344262295086,2500.0,850320.0
2600.0,6.561979781,1.4073887360418134E-6,2600.0,29.423076923076923,0.0,-73.60454115421004,-140.18324607329842,2600.0,850320.0
2700.0,6.771540289,1.453487519644379E-6,2700.0,29.444444444444446,0.0,-71.77637511271415,-139.92443324937028,2700.0,850320.0
2800.0,6.985385098,1.5005287568923005E-6,2800.0,29.428571428571427,0.0,-72.27550130775936,-140.09720534629406,2800.0,850320.0
2900.0,7.196840185,1.5470443069370382E-6,2900.0,29.310344827586203,0.0,-72.12426532325776,-141.4605418138987,2900.0,850320.0
3000.0,7.411490396,1.5942627152219333E-6,3000.0,29.233333333333334,0.0,-71.34786117836964,-142.35159817351595,3000.0,850320.0
3100.0,7.663621045,1.6497260099941783E-6,3100.0,29.419354838709676,0.0,-70.40498442367603,-140.17563117453352,3100.0,850320.0
3200.0,7.886757741,1.6988112616041594E-6,3200.0,29.593750000000004,0.0,-69.90950226244341,-138.16067653276954,3200.0,850320.0
3300.0,8.111280969,1.7482015202941293E-6,3300.0,29.666666666666668,0.0,-70.16129032258064,-137.321063394683,3300.0,850320.0
3400.0,8.351778269,1.801105729658335E-6,3400.0,29.64705882352941,0.0,-70.85714285714288,-137.53723932472695,3400.0,850320.0
3500.0,8.57332169,1.8498404951956044E-6,3500.0,29.714285714285715,0.0,-70.47817047817048,-136.76612127045237,3500.0,850320.0
3600.0,8.788259565,1.8971221833446915E-6,3600.0,29.86111111111111,0.0,-69.91924629878868,-135.1024208566108,3600.0,850320.0
3700.0,9.004699395,1.9447342691397214E-6,3700.0,30.08108108108108,0.0,-69.19555264879006,-132.6438848920863,3700.0,850320.0
3800.0,9.213586067,1.9906848233824514E-6,3800.0,29.947368421052634,0.0,-70.42253521126761,-134.1248900615655,3800.0,850320.0
3900.0,9.428708779,2.0380071716776036E-6,3900.0,29.97435897435897,0.0,-69.73275326289621,-133.81849315068493,3900.0,850320.0
4000.0,9.640221351,2.0845353671802124E-6,4000.0,30.0,0.0,-69.38898971566849,-133.52793994995832,4000.0,850320.0
4100.0,9.866893445,2.1343983299577525E-6,4100.0,30.21951219512195,0.0,-68.19517930629041,-131.0985460420032,4100.0,850320.0
4200.0,10.079302775,2.181123792843326E-6,4200.0,30.214285714285715,0.0,-68.06192660550461,-131.15141955835963,4200.0,850320.0
4300.0,10.286561541,2.226716242941647E-6,4300.0,30.162790697674417,0.0,-69.18309859154932,-131.71296296296296,4300.0,850320.0
4400.0,10.500153301,2.2737018148774198E-6,4400.0,30.25,0.0,-68.53377265238882,-130.75187969924815,4400.0,850320.0
4500.0,10.711135954,2.320113439650453E-6,4500.0,30.288888888888888,0.0,-67.93361884368309,-130.32305433186494,4500.0,850320.0
4600.0,10.924322633,2.3670099025191656E-6,4600.0,30.26086956521739,0.0,-67.51958224543083,-130.6254493170381,4600.0,850320.0
4700.0,11.136435458,2.413670140711582E-6,4700.0,30.404255319148938,0.0,-66.71763506625891,-129.06162464985997,4700.0,850320.0
4800.0,11.348907498,2.460409398442126E-6,4800.0,30.541666666666668,0.0,-65.70576540755467,-127.57679180887374,4800.0,850320.0
4900.0,11.559190207,2.506667050659462E-6,4900.0,30.551020408163264,0.0,-65.19417475728153,-127.47326203208556,4900.0,850320.0
5000.0,11.771491036,2.5533686456695114E-6,5000.0,30.56,0.0,-65.64885496183206,-127.37393582187295,5000.0,850320.0
5100.0,12.016534292,2.6072728671252643E-6,5100.0,30.686274509803923,0.0,-65.03267973856207,-126.02301790281332,5100.0,850320.0
5200.0,12.242996515,2.657089662817671E-6,5200.0,30.76923076923077,0.0,-64.15868673050615,-125.14071294559099,5200.0,850320.0
5300.0,12.459708463,2.704761608692809E-6,5300.0,30.943396226415093,0.0,-62.88384512683578,-123.30689444783407,5300.0,850320.0
5400.0,12.682740969,2.7538239407541145E-6,5400.0,31.037037037037035,0.0,-62.691131498470966,-122.3283582089552,5400.0,850320.0
5500.0,12.894282878,2.8003585897628132E-6,5500.0,31.09090909090909,0.0,-62.45177882554649,-121.76711527208892,5500.0,850320.0
5600.0,13.109868734,2.8477828197304072E-6,5600.0,30.982142857142858,0.0,-62.942664418212466,-122.89504036908883,5600.0,850320.0
5700.0,13.320103227,2.8940298654695887E-6,5700.0,31.17543859649123,0.0,-61.83993399339936,-120.88963963963964,5700.0,850320.0
5800.0,13.534075039,2.9410990406332452E-6,5800.0,31.344827586206897,0.0,-60.62928600242032,-119.15244909190974,5800.0,850320.0
5900.0,13.751556655,2.9889402968374928E-6,5900.0,31.52542372881356,0.0,-59.36883629191318,-117.32114039806349,5900.0,850320.0
6000.0,13.963550457,3.0355743525417436E-6,6000.0,31.55,0.0,-59.124370399070116,-117.07188160676532,6000.0,850320.0
6100.0,14.191697883,3.085761856480493E-6,6100.0,31.655737704918035,0.0,-58.276385725132855,-116.01036269430054,6100.0,850320.0
6200.0,14.412003141,3.1342242529118347E-6,6200.0,31.85483870967742,0.0,-57.649253731343286,-114.03242147923001,6200.0,850320.0
6300.0,14.629146995,3.1819912087744016E-6,6300.0,32.12698412698413,0.0,-56.57268399853535,-111.36925358378645,6300.0,850320.0
6400.0,14.845426235,3.2295679682394404E-6,6400.0,32.265625,0.0,-55.543595263724455,-110.02906976744187,6400.0,850320.0
6500.0,15.058919382,3.2765318474460305E-6,6500.0,32.38461538461539,0.0,-55.24549629106323,-108.88783269961975,6500.0,850320.0
6600.0,15.276084464,3.3243034730099055E-6,6600.0,32.68181818181819,0.0,-53.31262939958592,-106.07606679035251,6600.0,850320.0
6700.0,15.499191083,3.373382108329787E-6,6700.0,32.626865671641795,0.0,-53.5896563456958,-106.59038901601834,6700.0,850320.0
6800.0,15.714132373,3.420664547705083E-6,6800.0,32.76470588235294,0.0,-52.756431673905766,-105.29860799281545,6800.0,850320.0
6900.0,15.92947855,3.4680360534716312E-6,6900.0,32.91304347826087,0.0,-52.21966458401841,-103.92070484581501,6900.0,850320.0
7000.0,16.139898361,3.5143238651664844E-6,7000.0,33.04285714285714,0.0,-51.682847896440144,-102.7249134948097,7000.0,850320.0
7100.0,16.356451579,3.5619608938714405E-6,7100.0,33.056338028169016,0.0,-51.65922144224635,-102.60017050298377,7100.0,850320.0
7200.0,16.573552135,3.609718325109585E-6,7200.0,33.30555555555556,0.0,-50.816582914572884,-100.33375052148521,7200.0,850320.0
7300.0,16.780442237,3.6552296770939518E-6,7300.0,33.41095890410959,0.0,-50.16991041087429,-99.3847415914684,7300.0,850320.0
7400.0,16.993137427,3.702018023002698E-6,7400.0,33.56756756756757,0.0,-49.46792338096687,-97.98630688683046,7400.0,850320.0
7500.0,17.20206289,3.7479771104272368E-6,7500.0,33.61333333333334,0.0,-49.384938493849376,-97.5793650793651,7500.0,850320.0
7600.0,17.416599257,3.795170475492059E-6,7600.0,33.776315789473685,0.0,-48.466076696165196,-96.14185502727983,7600.0,850320.0
7700.0,17.626274134,3.8412944178033535E-6,7700.0,33.909090909090914,0.0,-47.76422764227642,-94.98084291187742,7700.0,850320.0
7800.0,17.836494287,3.887538309052392E-6,7800.0,33.96153846153846,0.0,-47.550845030077326,-94.52416918429006,7800.0,850320.0
7900.0,18.048232904,3.934116229570648E-6,7900.0,33.974683544303794,0.0,-47.012401352874875,-94.40924338427136,7900.0,850320.0
8000.0,18.26032084,3.980770992720863E-6,8000.0,34.112500000000004,0.0,-46.53878231859881,-93.2184750733138,8000.0,850320.0
8100.0,18.478702762,4.02881029679141E-6,8100.0,34.27160493827161,0.0,-45.942982456140335,-91.85585585585588,8100.0,850320.0
8200.0,18.691834685,4.075694714523284E-6,8200.0,34.40243902439024,0.0,-45.29983792544572,-90.74468085106385,8200.0,850320.0
8300.0,18.908544788,4.1233662545382886E-6,8300.0,34.6144578313253,0.0,-44.79722518676626,-88.96239554317546,8300.0,850320.0
8400.0,19.12134556,4.170177826205632E-6,8400.0,34.67857142857143,0.0,-44.584980237154156,-88.42719780219778,8400.0,850320.0
8500.0,19.340239802,4.218329829606032E-6,8500.0,34.88235294117647,0.0,-43.69158878504673,-86.7408906882591,8500.0,850320.0
8600.0,19.553437243,4.265228659882201E-6,8600.0,35.0,0.0,-43.443674621503725,-85.77600531738119,8600.0,850320.0
8700.0,19.766250012,4.312042870630315E-6,8700.0,34.98850574712644,0.0,-43.626206196038595,-85.86920801840289,8700.0,850320.0
8800.0,19.974041055,4.35775241016726E-6,8800.0,35.04545454545455,0.0,-43.437892095357576,-85.4038274408044,8800.0,850320.0
8900.0,20.186645316,4.404520753660789E-6,8900.0,35.13483146067416,0.0,-42.96681525507676,-84.6769033909149,8900.0,850320.0
9000.0,20.402812397,4.452072840569346E-6,9000.0,35.333333333333336,0.0,-42.542248346803824,-83.07643913180246,9000.0,850320.0
9100.0,20.622908993,4.5004893358694305E-6,9100.0,35.43956043956044,0.0,-42.25181598062952,-82.22704714640197,9100.0,850320.0
9200.0,20.839348726,4.548101400326556E-6,9200.0,35.55434782608696,0.0,-42.04599904168663,-81.31498470948011,9200.0,850320.0
9300.0,21.052285982,4.59494299552477E-6,9300.0,35.623655913978496,0.0,-41.872037914691944,-80.76690821256041,9300.0,850320.0
9400.0,21.268651159,4.642538659272893E-6,9400.0,35.648936170212764,0.0,-41.56330446992746,-80.56716417910447,9400.0,850320.0
9500.0,21.487838396,4.690755115242293E-6,9500.0,35.73684210526316,0.0,-41.221374045801525,-79.87625220978197,9500.0,850320.0
9600.0,21.70254996,4.73798701986148E-6,9600.0,35.67708333333333,0.0,-41.30434782608696,-80.3446261682243,9600.0,850320.0
9700.0,21.916546951,4.785061733861072E-6,9700.0,35.649484536082475,0.0,-41.60617059891106,-80.56118021405842,9700.0,850320.0
9800.0,22.134813122,4.833075575212752E-6,9800.0,35.775510204081634,0.0,-41.18438761776581,-79.57203994293864,9800.0,850320.0
9900.0,22.345876232,4.87950489878728E-6,9900.0,35.75757575757576,0.0,-41.364747721715936,-79.71178298954504,9900.0,850320.0
10000.0,22.556709868,4.925883743040254E-6,10000.0,35.88,0.0,-40.95405583644758,-78.75662113186506,10000.0,850320.0
