learning evaluation instances,evaluation time (cpu seconds),model cost (RAM-Hours),classified instances,classifications correct (percent),Kappa Statistic (percent),Kappa Temporal Statistic (percent),Kappa M Statistic (percent),model training instances,model serialized size (bytes)
100.0,0.564975903,1.1620512271909665E-7,100.0,35.0,0.0,-35.41666666666667,-91.17647058823532,100.0,795056.0
200.0,0.998139128,2.052988087528613E-7,200.0,27.500000000000004,0.0,-93.33333333333333,-168.51851851851848,200.0,795056.0
300.0,1.354603289,2.7861691197462793E-7,300.0,30.0,0.0,-74.99999999999999,-135.9550561797753,300.0,795056.0
400.0,1.73071911,3.5597699919926626E-7,400.0,29.75,0.0,-86.0927152317881,-138.13559322033896,400.0,795056.0
500.0,2.043495717,4.2030937834517413E-7,500.0,28.999999999999996,0.0,-87.83068783068784,-146.52777777777774,500.0,795056.0
600.0,2.352400007,4.838452933059675E-7,600.0,29.833333333333336,0.0,-80.68669527896996,-136.5168539325843,600.0,795056.0
700.0,2.659189116,5.469461545478801E-7,700.0,29.714285714285715,0.0,-76.97841726618705,-137.68115942028987,700.0,795056.0
800.0,2.97795013,6.125094158360942E-7,800.0,29.625,0.0,-77.602523659306,-138.55932203389827,800.0,795056.0
900.0,3.234576208,6.652926668182347E-7,900.0,29.555555555555557,0.0,-78.59154929577463,-139.24528301886795,900.0,795056.0
1000.0,3.537385657,7.275749853997885E-7,1000.0,29.9,0.0,-75.6892230576441,-135.23489932885903,1000.0,795056.0
1100.0,4.270534189,8.794656271969734E-7,1100.0,33.72727272727273,0.9701687915866036,-66.8192219679634,-125.6965944272446,1100.0,800832.0
1200.0,4.582907268,9.441817732145348E-7,1200.0,37.083333333333336,1.68204015192621,-58.947368421052616,-116.33237822349565,1200.0,800832.0
1300.0,4.887281753,1.0072408040322322E-6,1300.0,38.61538461538462,-0.7067137809187158,-53.75722543352599,-105.14138817480723,1300.0,800832.0
1400.0,5.19439303,1.0708668319524287E-6,1400.0,40.42857142857143,-1.734966297460628,-46.57293497363794,-96.23529411764703,1400.0,800832.0
1500.0,5.515806097,1.1374558448165116E-6,1500.0,42.66666666666667,-0.7905416280563257,-42.62023217247096,-91.11111111111107,1500.0,800832.0
1600.0,5.839116001,1.2044378364246546E-6,1600.0,44.25,-0.8591971121705233,-37.442218798150996,-85.0622406639004,1600.0,800832.0
1700.0,6.159814629,1.2708788348094084E-6,1700.0,46.0,-0.08927609401695841,-33.62445414847159,-81.78217821782174,1700.0,800832.0
1800.0,6.450946798,1.3311943780685423E-6,1800.0,47.44444444444444,0.18043494317882175,-30.123796423658884,-77.81954887218045,1800.0,800832.0
1900.0,6.704866443,1.3838003864837148E-6,1900.0,48.68421052631579,0.24189657252157837,-27.284595300261078,-73.79679144385022,1900.0,800832.0
2000.0,6.939045296,1.4323165803039032E-6,2000.0,49.8,0.3779485993873901,-24.411400247831487,-70.74829931972786,2000.0,800832.0
2100.0,7.173743145,1.4809402975413657E-6,2100.0,51.28571428571429,1.3453367842336377,-21.640903686087995,-68.53377265238882,2100.0,800832.0
2200.0,7.385414901,1.524793565284357E-6,2200.0,51.86363636363637,0.6959552078999967,-20.2043132803632,-64.69673405909798,2200.0,800832.0
2300.0,7.613961896,1.5721429743552164E-6,2300.0,52.60869565217391,0.5648014469070604,-18.478260869565222,-61.96136701337295,2300.0,800832.0
2400.0,7.829083513,1.6167109698491747E-6,2400.0,53.29166666666667,0.4219409282700608,-16.649323621227886,-59.23295454545453,2400.0,800832.0
2500.0,8.048737401,1.6622179422638273E-6,2500.0,54.0,0.43772769458798766,-14.541832669322712,-56.889495225102294,2500.0,800832.0
2600.0,8.271742791,1.7084192648238395E-6,2600.0,54.53846153846153,0.25186954715412074,-11.931818181818176,-54.509803921568654,2600.0,800832.0
2700.0,8.501370513,1.755992574387536E-6,2700.0,55.18518518518518,0.33678661639270674,-9.30442637759711,-52.58511979823457,2700.0,800832.0
2800.0,8.715697733,1.8003959900386586E-6,2800.0,55.82142857142857,0.47012034621087473,-8.413672217353218,-50.8536585365854,2800.0,800832.0
2900.0,8.965658122,1.8521817363805527E-6,2900.0,56.41379310344827,0.5879672821158243,-6.486941870261168,-49.23258559622197,2900.0,800832.0
3000.0,9.228288195,1.9065923347819302E-6,3000.0,56.93333333333334,0.6398425003076331,-4.615384615384619,-47.65714285714287,3000.0,800832.0
3100.0,9.569341811,1.977250394316162E-6,3100.0,57.16129032258065,0.2887093336433729,-3.993735317149548,-45.773874862788155,3100.0,800832.0
3200.0,9.809073459,2.026916992944524E-6,3200.0,57.46875,0.11467363882390717,-3.028009084027241,-44.1737288135593,3200.0,800832.0
3300.0,10.070935403,2.081168453597273E-6,3300.0,57.63636363636364,-0.2189723938374888,-2.34260614934113,-42.50764525993883,3300.0,800832.0
3400.0,10.356408489,2.1403115717456196E-6,3400.0,58.29411764705882,0.19707207207206287,-1.7946877243359864,-41.65834165834166,3400.0,800832.0
3500.0,10.669718908,2.2052219119379874E-6,3500.0,58.4,-0.1493593270969399,-0.9708737864077678,-40.13474494706452,3500.0,800832.0
3600.0,10.986645076,2.270881347862279E-6,3600.0,58.52777777777778,-0.4237573148583914,-0.8783783783783807,-38.7546468401487,3600.0,800832.0
3700.0,11.294570344,2.3346760150281543E-6,3700.0,58.945945945945944,-0.2733283615642148,-0.39656311962987034,-37.84029038112526,3700.0,800832.0
3800.0,11.532763262,2.3840238260206534E-6,3800.0,59.36842105263158,-0.10100182895203112,0.7073954983922879,-37.000887311446306,3800.0,800832.0
3900.0,11.784519714,2.436181673171416E-6,3900.0,59.692307692307686,-0.04307981514842447,1.5654351909830877,-36.10389610389614,3900.0,800832.0
4000.0,12.088776179,2.499216253099884E-6,4000.0,59.675,-0.40273135266694043,1.945288753799394,-34.86622073578593,4000.0,800832.0
4100.0,12.408102524,2.5653729476410102E-6,4100.0,59.92682926829268,-0.39763801824842365,2.4925816023738894,-34.01305057096246,4100.0,800832.0
4200.0,12.705192785,2.626922863443042E-6,4200.0,60.16666666666667,-0.3926207866131686,2.6759744037230906,-33.200636942675175,4200.0,800832.0
4300.0,13.001746474,2.6883616145057433E-6,4300.0,60.302325581395344,-0.4989279347615095,3.176403857061822,-32.325581395348834,4300.0,800832.0
4400.0,13.297096955,2.7495510899750842E-6,4400.0,60.59090909090909,-0.40955559532957303,4.145936981757887,-31.662870159453288,4400.0,800832.0
4500.0,13.593516834,2.810962118842498E-6,4500.0,60.75555555555555,-0.45506257110352394,4.746494066882414,-30.91178650852483,4500.0,800832.0
4600.0,13.891342468,2.872664386142289E-6,4600.0,61.108695652173914,-0.2744039147641699,5.593667546174153,-30.393586005830908,4600.0,800832.0
4700.0,14.193275399,2.9352175860296143E-6,4700.0,61.40425531914894,-0.1541230258861138,6.156233833419567,-29.849677881173925,4700.0,800832.0
4800.0,14.465200266,2.991553840917245E-6,4800.0,61.5625,-0.18054216949244936,6.7710965133905825,-29.20168067226892,4800.0,800832.0
4900.0,14.742609244,3.049026270949637E-6,4900.0,61.91836734693877,0.017495899398568555,7.071713147410362,-28.778467908902698,4900.0,800832.0
5000.0,15.041785108,3.1110082732448927E-6,5000.0,62.06,-0.02277798634162629,7.957302280446397,-28.26233941852604,5000.0,800832.0
5100.0,15.352523371,3.175385724931603E-6,5100.0,61.66666666666667,0.9583414125553006,7.477520113582589,-28.53385930309007,5100.0,800832.0
5200.0,15.651252417,3.23727515734528E-6,5200.0,61.17307692307692,1.384198101776345,6.4844835572023865,-29.672447013487496,5200.0,800832.0
5300.0,15.943796089,3.297883129883354E-6,5300.0,60.867924528301884,2.3963081755634064,6.323396567299006,-29.463171036204756,5300.0,800832.0
5400.0,16.255115512,3.3623809838644614E-6,5400.0,60.55555555555555,3.23415970452346,6.043228936921042,-29.404617253949006,5400.0,800832.0
5500.0,16.532293514,3.419805561256702E-6,5500.0,60.14545454545455,3.6077532755054564,5.1082251082251195,-30.16627078384796,5500.0,800832.0
5600.0,16.764950044,3.4680063665745608E-6,5600.0,59.875,4.360740415324547,4.423649510846449,-29.959514170040496,5600.0,800832.0
5700.0,17.078825791,3.533033829053884E-6,5700.0,59.4561403508772,4.527166419469052,3.748438150770524,-30.93484419263457,5700.0,800832.0
5800.0,17.3391738,3.586971638995007E-6,5800.0,59.10344827586207,4.8377290155143,3.1836734693877586,-31.485587583148565,5800.0,800832.0
5900.0,17.558813079,3.6324755847782347E-6,5900.0,58.86440677966102,5.428235542757511,2.958816473410641,-31.260140616549485,5900.0,800832.0
6000.0,17.774582007,3.6771776874536727E-6,6000.0,58.599999999999994,5.864483510936425,2.626421011368089,-31.28964059196618,6000.0,800832.0
6100.0,18.09843172,3.7442715144292467E-6,6100.0,58.24590163934427,5.975173141677231,1.9252984212552968,-32.03732503888021,6100.0,800832.0
6200.0,18.339091616,3.7941304235899404E-6,6200.0,57.935483870967744,6.163651158777015,1.6591251885369498,-32.52032520325205,6200.0,800832.0
6300.0,18.556502988,3.839172800933317E-6,6300.0,57.7936507936508,6.770003624191805,1.4089729328883998,-31.82944967773919,6300.0,800832.0
6400.0,18.776516272,3.884754231505787E-6,6400.0,57.59375,7.1569080111696435,1.4882032667876466,-31.619786614936974,6400.0,800832.0
6500.0,19.016721448,3.934518933681643E-6,6500.0,57.32307692307692,7.30837313163219,0.8223096174472538,-31.969552806850626,6500.0,800832.0
6600.0,19.231927762,3.979104476345277E-6,6600.0,57.18181818181818,7.755116332828173,1.2233484795525928,-31.44186046511627,6600.0,800832.0
6700.0,19.447377239,4.023740396500673E-6,6700.0,56.850746268656714,7.678432661502797,0.6187693365417758,-32.31121281464533,6700.0,800832.0
6800.0,19.665015225,4.068829722783313E-6,6800.0,56.632352941176464,7.855708431957163,0.40526849037486173,-32.42029636281995,6800.0,800832.0
6900.0,19.881561182,4.113692807072099E-6,6900.0,56.391304347826086,7.946744331183693,-0.09980039920160133,-32.73048081164532,6900.0,800832.0
7000.0,20.199212726,4.179502523357567E-6,7000.0,56.214285714285715,8.16241969401799,-0.26169447170427823,-32.6265685850281,7000.0,800832.0
7100.0,20.526256868,4.247258158752319E-6,7100.0,55.88732394366197,8.00091514208491,-0.93457943925233,-33.61774744027305,7100.0,800832.0
7200.0,20.851172738,4.314572867669161E-6,7200.0,55.80555555555555,8.382623634311082,-0.9197589597209179,-32.915622389306606,7200.0,800832.0
7300.0,21.174038003,4.381462740831818E-6,7300.0,55.657534246575345,8.58344790980788,-0.9984399375974947,-32.718327183271825,7300.0,800832.0
7400.0,21.473758737,4.443557627011285E-6,7400.0,55.50000000000001,8.738364686411302,-1.1363636363636374,-32.621828433346764,7400.0,800832.0
7500.0,21.77798448,4.5065858420844825E-6,7500.0,55.24,8.650277232938794,-1.7581085177326545,-33.267169511711,7500.0,800832.0
7600.0,22.081423485,4.569451064074383E-6,7600.0,55.10526315789473,8.814549050262908,-1.638367590110229,-33.073322932917335,7600.0,800832.0
7700.0,22.381947374,4.631712344542439E-6,7700.0,54.94805194805195,8.911518684472162,-1.6110134739308672,-33.06482546988879,7700.0,800832.0
7800.0,22.6825601,4.693992029888029E-6,7800.0,54.79487179487179,8.999400383645934,-1.8780699219878831,-33.05660377358491,7800.0,800832.0
7900.0,22.979761958,4.7555650658890564E-6,7900.0,54.53164556962026,8.848974499568456,-2.1615472127417488,-33.8301043219076,7900.0,800832.0
8000.0,23.274954793,4.8167218809204755E-6,8000.0,54.3875,8.927046296208479,-2.3275378575434713,-33.81004767143379,8000.0,800832.0
8100.0,23.576557693,4.879206706367677E-6,8100.0,54.2962962962963,9.09429895364859,-2.3500138236107326,-33.45349675558757,8100.0,800832.0
8200.0,23.862526746,4.938452576881543E-6,8200.0,54.19512195121952,9.225943026953711,-2.343324250681201,-33.191489361702125,8200.0,800832.0
8300.0,24.177868643,5.003783790176357E-6,8300.0,54.168674698795186,9.485004386536518,-2.368137782561888,-32.45125348189413,8300.0,800832.0
8400.0,24.472684731,5.06486255234246E-6,8400.0,54.0,9.459867252660294,-2.629482071713148,-32.69230769230768,8400.0,800832.0
8500.0,24.793842391,5.131398651054149E-6,8500.0,53.96470588235294,9.672236269978935,-2.3809523809523934,-32.062099223759716,8500.0,800832.0
8600.0,25.059975261,5.186534944265231E-6,8600.0,53.872093023255815,9.765029684052516,-2.5859839668993847,-31.83781987371218,8600.0,800832.0
8700.0,25.368824621,5.250521060940767E-6,8700.0,53.632183908045974,9.581382809863673,-3.2505758894292502,-32.61012491781725,8700.0,800832.0
8800.0,25.655980333,5.310012778495495E-6,8800.0,53.48863636363637,9.565293544713887,-3.4892541087231237,-32.76029841063898,8800.0,800832.0
8900.0,25.982216737,5.377601070114915E-6,8900.0,53.359550561797754,9.566944337500683,-3.5678642714570907,-32.83199999999999,8900.0,800832.0
9000.0,26.295031652,5.442408753864164E-6,9000.0,53.36666666666666,9.796768702609445,-3.5529237601776487,-32.02264863164518,9000.0,800832.0
9100.0,26.606988751,5.507038718887811E-6,9100.0,53.26373626373626,9.825399729333837,-3.757013905830692,-31.957803288861324,9100.0,800832.0
9200.0,26.919205297,5.5717224350541285E-6,9200.0,53.184782608695656,9.886914040024708,-3.933397683397677,-31.752829611501955,9200.0,800832.0
9300.0,27.186795392,5.627160630036587E-6,9300.0,53.064516129032256,9.87130809725519,-4.176610978520282,-31.833282996073674,9300.0,800832.0
9400.0,27.405532282,5.672477622646784E-6,9400.0,52.91489361702128,9.80126333385495,-4.337576614804349,-32.11940298507462,9400.0,800832.0
9500.0,27.617675958,5.716428660798565E-6,9500.0,52.821052631578944,9.817786561348543,-4.402515723270448,-32.05657041838539,9500.0,800832.0
9600.0,27.866324146,5.7679425508339165E-6,9600.0,52.57291666666667,9.579334386332372,-4.93201198432817,-33.01197779725386,9600.0,800832.0
9700.0,28.184268321,5.833812893184171E-6,9700.0,52.37113402061856,9.414705477723928,-5.551747772446877,-33.68055555555556,9700.0,800832.0
9800.0,28.499346682,5.8990895081944225E-6,9800.0,52.326530612244895,9.49600500814495,-5.510388437217722,-33.333333333333364,9800.0,800832.0
9900.0,28.797744123,5.9609102400732496E-6,9900.0,52.15151515151515,9.367256231830948,-5.996867308122638,-33.85137044362814,9900.0,800832.0
10000.0,29.093598824,6.02220417773008E-6,10000.0,52.11,9.442118064332748,-5.974773179907065,-33.50989684973514,10000.0,800832.0
