learning evaluation instances,evaluation time (cpu seconds),model cost (RAM-Hours),classified instances,classifications correct (percent),Kappa Statistic (percent),Kappa Temporal Statistic (percent),Kappa M Statistic (percent),model training instances,model serialized size (bytes)
100.0,0.571027004,1.1744972258708542E-7,100.0,35.0,0.0,-35.41666666666667,-91.17647058823532,100.0,795056.0
200.0,1.037030157,2.1329797610428183E-7,200.0,27.500000000000004,0.0,-93.33333333333333,-168.51851851851848,200.0,795056.0
300.0,1.392769444,2.8646698611396883E-7,300.0,30.0,0.0,-74.99999999999999,-135.9550561797753,300.0,795056.0
400.0,1.690115527,3.4762559107673255E-7,400.0,29.75,0.0,-86.0927152317881,-138.13559322033896,400.0,795056.0
500.0,2.007590788,4.1292439668753085E-7,500.0,28.999999999999996,0.0,-87.83068783068784,-146.52777777777774,500.0,795056.0
600.0,2.309135609,4.749466046145352E-7,600.0,29.833333333333336,0.0,-80.68669527896996,-136.5168539325843,600.0,795056.0
700.0,2.602603671,5.3530757218459E-7,700.0,29.714285714285715,0.0,-76.97841726618705,-137.68115942028987,700.0,795056.0
800.0,2.864391016,5.891524005931947E-7,800.0,29.625,0.0,-77.602523659306,-138.55932203389827,800.0,795056.0
900.0,3.170276716,6.520674472664627E-7,900.0,29.555555555555557,0.0,-78.59154929577463,-139.24528301886795,900.0,795056.0
1000.0,3.471226705,7.139673092222669E-7,1000.0,29.9,0.0,-75.6892230576441,-135.23489932885903,1000.0,795056.0
1100.0,4.236316062,8.822704358064466E-7,1100.0,29.454545454545457,0.0,-77.57437070938217,-140.2476780185759,1100.0,850320.0
1200.0,4.615707003,9.657282449941049E-7,1200.0,29.166666666666668,0.0,-78.94736842105262,-143.5530085959885,1200.0,850320.0
1300.0,4.875717754,1.0229249919340843E-6,1300.0,30.0,0.0,-75.33718689788053,-133.93316195372756,1300.0,850320.0
1400.0,5.099250923,1.072097459037126E-6,1400.0,30.428571428571427,0.0,-71.1775043936731,-129.17647058823528,1400.0,850320.0
1500.0,5.273690128,1.1104703148764454E-6,1500.0,30.06666666666667,0.0,-73.96351575456052,-133.11111111111106,1500.0,850320.0
1600.0,5.485758426,1.157120758090996E-6,1600.0,30.1875,0.0,-72.11093990755008,-131.7427385892116,1600.0,850320.0
1700.0,5.718344452,1.2082846581210276E-6,1700.0,29.764705882352942,0.0,-73.79912663755455,-136.43564356435638,1700.0,850320.0
1800.0,5.907494037,1.2498934797002828E-6,1800.0,29.61111111111111,0.0,-74.27785419532327,-138.1578947368421,1800.0,850320.0
1900.0,6.145929434,1.3023441149578324E-6,1900.0,29.578947368421055,0.0,-74.67362924281981,-138.50267379679138,1900.0,850320.0
2000.0,6.44381089,1.3678715986923208E-6,2000.0,29.45,0.0,-74.84510532837672,-139.9659863945578,2000.0,850320.0
2100.0,6.688577586,1.4217149829239478E-6,2100.0,28.952380952380953,0.0,-77.40784780023785,-145.79901153212523,2100.0,850320.0
2200.0,6.924314852,1.473572087662377E-6,2200.0,29.272727272727273,0.0,-76.61748013620883,-141.99066874027997,2200.0,850320.0
2300.0,7.262895355,1.5480524823169117E-6,2300.0,29.304347826086957,0.0,-76.7391304347826,-141.6047548291233,2300.0,850320.0
2400.0,7.505696513,1.6014634906596398E-6,2400.0,29.375,0.0,-76.37877211238295,-140.76704545454547,2400.0,850320.0
2500.0,7.814139511,1.6693142854216402E-6,2500.0,29.360000000000003,0.0,-75.8964143426295,-140.9276944065484,2500.0,850320.0
2600.0,8.131893226,1.7392132367388238E-6,2600.0,29.46153846153846,0.0,-73.67424242424241,-139.7385620915033,2600.0,850320.0
2700.0,8.447512702,1.8086427015923788E-6,2700.0,29.40740740740741,0.0,-72.17705510388436,-140.3530895334174,2700.0,850320.0
2800.0,8.759904893,1.8773622334807072E-6,2800.0,29.32142857142857,0.0,-73.44434706397898,-141.34146341463418,2800.0,850320.0
2900.0,8.958069847,1.9209542414369884E-6,2900.0,29.24137931034483,0.0,-72.87278854254421,-142.2668240850059,2900.0,850320.0
3000.0,9.197034761,1.9735213589928005E-6,3000.0,29.2,0.0,-71.98380566801622,-142.74285714285716,3000.0,850320.0
3100.0,9.424197274,2.023492203353428E-6,3100.0,29.419354838709676,0.0,-71.33907595927954,-140.17563117453352,3100.0,850320.0
3200.0,9.622500968,2.0671147311118323E-6,3200.0,29.531249999999996,0.0,-70.70401211203632,-138.87711864406776,3200.0,850320.0
3300.0,9.86991126,2.121539649340965E-6,3300.0,29.757575757575754,0.0,-69.69253294289898,-136.28950050968402,3300.0,850320.0
3400.0,10.164534947,2.186350494288922E-6,3400.0,29.470588235294116,0.0,-72.14644651830584,-139.56043956043956,3400.0,850320.0
3500.0,10.488557299,2.2576284102941755E-6,3500.0,29.714285714285715,0.0,-70.59639389736475,-136.76612127045237,3500.0,850320.0
3600.0,10.831000368,2.332958486006864E-6,3600.0,29.916666666666668,0.0,-70.47297297297297,-134.47955390334573,3600.0,850320.0
3700.0,11.123769371,2.397361340550602E-6,3700.0,29.81081081081081,0.0,-71.64573694646396,-135.6624319419238,3700.0,850320.0
3800.0,11.421399489,2.462833535355971E-6,3800.0,29.68421052631579,0.0,-71.83279742765272,-137.08961845607809,3800.0,850320.0
3900.0,11.723803808,2.529355951220997E-6,3900.0,29.641025641025642,0.0,-71.82216656230432,-137.57575757575762,3900.0,850320.0
4000.0,12.03548289,2.5979186145380964E-6,4000.0,29.925,0.0,-70.3951367781155,-134.36454849498324,4000.0,850320.0
4100.0,12.360037422,2.6693135986440707E-6,4100.0,29.926829268292682,0.0,-70.50445103857565,-134.33931484502443,4100.0,850320.0
4200.0,12.670770552,2.737668172961183E-6,4200.0,29.928571428571427,0.0,-71.20418848167542,-134.31528662420388,4200.0,850320.0
4300.0,12.980423069,2.805785035768047E-6,4300.0,30.023255813953487,0.0,-70.67498581962562,-133.25581395348834,4300.0,850320.0
4400.0,13.285732091,2.8729464235286117E-6,4400.0,29.954545454545457,0.0,-70.37037037037037,-134.0167046317388,4400.0,850320.0
4500.0,13.587615177,2.939354179396376E-6,4500.0,30.0,0.0,-69.90291262135922,-133.50630096367678,4500.0,850320.0
4600.0,13.873458726,3.002233583704464E-6,4600.0,29.84782608695652,0.0,-70.29023746701847,-135.2040816326531,4600.0,850320.0
4700.0,14.165597911,3.066497891897231E-6,4700.0,29.744680851063833,0.0,-70.82255561303671,-136.36363636363632,4700.0,850320.0
4800.0,14.41368352,3.121071365274198E-6,4800.0,29.770833333333336,0.0,-70.33855482566955,-136.06442577030813,4800.0,850320.0
4900.0,14.610703584,3.16441152216912E-6,4900.0,29.591836734693878,0.0,-71.81274900398405,-138.0952380952381,4900.0,850320.0
5000.0,14.82337368,3.211194347940094E-6,5000.0,29.599999999999998,0.0,-70.790878214459,-137.99864773495608,5000.0,850320.0
5100.0,15.146434665,3.2822607839784468E-6,5100.0,29.843137254901958,0.0,-69.33270231897777,-135.23997370151218,5100.0,850320.0
5200.0,15.452049449,3.3494894327721443E-6,5200.0,29.96153846153846,0.0,-68.68920796665124,-133.91136801541427,5200.0,850320.0
5300.0,15.765459588,3.418432891224779E-6,5300.0,30.245283018867923,0.0,-66.98283649503162,-130.77403245942574,5300.0,850320.0
5400.0,16.080763648,3.4877929713738036E-6,5400.0,30.5,0.0,-65.5491839435377,-128.0072904009721,5400.0,850320.0
5500.0,16.328677036,3.5423285598521006E-6,5500.0,30.636363636363633,0.0,-65.15151515151514,-126.54394299287408,5500.0,850320.0
5600.0,16.634726499,3.6096528286333082E-6,5600.0,30.892857142857146,0.0,-64.61080391322841,-123.82880277617122,5600.0,850320.0
5700.0,16.935080314,3.6757241779253705E-6,5700.0,30.982456140350877,0.0,-63.848396501457714,-122.88951841359777,5700.0,850320.0
5800.0,17.232787772,3.741213385859586E-6,5800.0,31.120689655172413,0.0,-63.06122448979592,-121.45232815964526,5800.0,850320.0
5900.0,17.515726415,3.8034537736165223E-6,5900.0,31.35593220338983,0.0,-61.93522590963614,-119.03731746890212,5900.0,850320.0
6000.0,17.748352668,3.854626522717334E-6,6000.0,31.55,0.0,-60.995687965503706,-117.07188160676532,6000.0,850320.0
6100.0,18.026371012,3.91578455101148E-6,6100.0,31.639344262295083,0.0,-60.569888332691576,-116.17418351477447,6100.0,850320.0
6200.0,18.330975789,3.9827910200892835E-6,6200.0,31.758064516129032,0.0,-59.53996983408749,-114.98983739837401,6200.0,850320.0
6300.0,18.638444757,4.050427549298003E-6,6300.0,32.03174603174603,0.0,-58.76900259547646,-112.29548834903318,6300.0,850320.0
6400.0,18.945518685,4.117977178242698E-6,6400.0,32.234375,0.0,-57.42286751361163,-110.32977691561594,6400.0,850320.0
6500.0,19.25630999,4.186344549802773E-6,6500.0,32.353846153846156,0.0,-57.20414730067931,-109.18173168411036,6500.0,850320.0
6600.0,19.564324772,4.254101146297611E-6,6600.0,32.59090909090909,0.0,-55.50506815798671,-106.9302325581395,6600.0,850320.0
6700.0,19.858210677,4.3187496951474695E-6,6700.0,32.626865671641795,0.0,-55.1735991749742,-106.59038901601834,6700.0,850320.0
6800.0,20.157956078,4.384687206506066E-6,6800.0,32.76470588235294,0.0,-54.40729483282676,-105.29860799281545,6800.0,850320.0
6900.0,20.444560451,4.447733975654363E-6,6900.0,32.869565217391305,0.0,-54.09181636726548,-104.32289369210407,6900.0,850320.0
7000.0,20.747059858,4.51427730882474E-6,7000.0,33.02857142857143,0.0,-53.35296041871115,-102.85590653396794,7000.0,850320.0
7100.0,21.055237079,4.582069638389617E-6,7100.0,33.028169014084504,0.0,-53.23880116016757,-102.85836177474404,7100.0,850320.0
7200.0,21.350674282,4.647059439279221E-6,7200.0,33.263888888888886,0.0,-52.39454487789409,-100.71010860484544,7200.0,850320.0
7300.0,21.660492771,4.715212812339783E-6,7300.0,33.42465753424658,0.0,-51.6380655226209,-99.2619926199262,7300.0,850320.0
7400.0,21.936305955,4.775885753082752E-6,7400.0,33.56756756756757,0.0,-50.982800982801,-97.98630688683046,7400.0,850320.0
7500.0,22.170718194,4.8274513805122E-6,7500.0,33.6,0.0,-50.954834798423775,-97.69749900754267,7500.0,850320.0
7600.0,22.454709728,4.889923381538398E-6,7600.0,33.75,0.0,-49.98510574918082,-96.37285491419658,7600.0,850320.0
7700.0,22.747583996,4.954349392107583E-6,7700.0,33.87012987012987,0.0,-49.150556531927336,-95.32029152282318,7700.0,850320.0
7800.0,23.039545694,5.018574656995467E-6,7800.0,33.98717948717949,0.0,-48.7720312048541,-94.30188679245283,7800.0,850320.0
7900.0,23.329677706,5.0823974304989795E-6,7900.0,33.98734177215189,0.0,-48.32195676905576,-94.29955290611029,7900.0,850320.0
8000.0,23.624885433,5.147336751627072E-6,8000.0,34.1,0.0,-47.840717891194615,-93.3259992665933,8000.0,850320.0
8100.0,23.934622554,5.215472225485823E-6,8100.0,34.25925925925926,0.0,-47.221454243848505,-91.96106705118959,8100.0,850320.0
8200.0,24.234507635,5.281440463426231E-6,8200.0,34.40243902439024,0.0,-46.566757493188035,-90.74468085106385,8200.0,850320.0
8300.0,24.534991284,5.347540373392856E-6,8300.0,34.6144578313253,0.0,-46.04413347685683,-88.96239554317546,8300.0,850320.0
8400.0,24.823490815,5.411004036350815E-6,8400.0,34.67857142857143,0.0,-45.737051792828694,-88.42719780219778,8400.0,850320.0
8500.0,25.096943889,5.471157803890748E-6,8500.0,34.87058823529412,0.0,-44.84563055991627,-86.83766452919338,8500.0,850320.0
8600.0,25.300230234,5.515876407204649E-6,8600.0,35.0,0.0,-44.55650374967674,-85.77600531738119,8600.0,850320.0
8700.0,25.501519115,5.560155611599503E-6,8700.0,34.97701149425288,0.0,-44.79140005119018,-85.9631821170283,8700.0,850320.0
8800.0,25.789702405,5.623549708370759E-6,8800.0,35.04545454545455,0.0,-44.52591656131478,-85.4038274408044,8800.0,850320.0
8900.0,26.089684801,5.689539353508397E-6,8900.0,35.12359550561798,0.0,-44.061876247505,-84.76799999999999,8900.0,850320.0
9000.0,26.388946713,5.755370507734164E-6,9000.0,35.333333333333336,0.0,-43.597335307179854,-83.07643913180246,9000.0,850320.0
9100.0,26.70817976,5.8255948801261256E-6,9100.0,35.42857142857142,0.0,-43.35203708221517,-82.31461371393114,9100.0,850320.0
9200.0,27.02191949,5.894610841476999E-6,9200.0,35.54347826086956,0.0,-43.0984555984556,-81.40104007341692,9200.0,850320.0
9300.0,27.32119538,5.960445070560731E-6,9300.0,35.612903225806456,0.0,-42.91169451073984,-80.85170643310175,9300.0,850320.0
9400.0,27.559414952,6.0128482289818004E-6,9400.0,35.648936170212764,0.0,-42.59783121169261,-80.56716417910447,9400.0,850320.0
9500.0,27.821881336,6.070585162120767E-6,9500.0,35.73684210526316,0.0,-42.2082459818309,-79.87625220978197,9500.0,850320.0
9600.0,28.101585115,6.132113949696242E-6,9600.0,35.66666666666667,0.0,-42.3369439963125,-80.42652643879636,9600.0,850320.0
9700.0,28.354415271,6.187731120893627E-6,9700.0,35.63917525773196,0.0,-42.63193968471556,-80.64236111111113,9700.0,850320.0
9800.0,28.56645885,6.234376126462303E-6,9800.0,35.76530612244898,0.0,-42.16350496838302,-79.65182648401829,9800.0,850320.0
9900.0,28.766396021,6.27835798386474E-6,9900.0,35.75757575757576,0.0,-42.31371671514881,-79.71178298954504,9900.0,850320.0
10000.0,29.024778143,6.335196467615933E-6,10000.0,35.88,0.0,-41.88979862801506,-78.75662113186506,10000.0,850320.0
