learning evaluation instances,evaluation time (cpu seconds),model cost (RAM-Hours),classified instances,classifications correct (percent),Kappa Statistic (percent),Kappa Temporal Statistic (percent),Kappa M Statistic (percent),model training instances,model serialized size (bytes)
100.0,0.487172203,1.0020233665602489E-7,100.0,35.0,0.0,-35.41666666666667,-91.17647058823532,100.0,795056.0
200.0,0.933470238,1.9199761084573964E-7,200.0,27.500000000000004,0.0,-93.33333333333333,-168.51851851851848,200.0,795056.0
300.0,1.228558149,2.526917514782771E-7,300.0,30.0,0.0,-74.99999999999999,-135.9550561797753,300.0,795056.0
400.0,1.557354569,3.2031911068566555E-7,400.0,29.75,0.0,-86.0927152317881,-138.13559322033896,400.0,795056.0
500.0,1.783777472,3.6689012564367717E-7,500.0,28.999999999999996,0.0,-87.83068783068784,-146.52777777777774,500.0,795056.0
600.0,2.082051166,4.282395230800989E-7,600.0,29.833333333333336,0.0,-80.68669527896996,-136.5168539325843,600.0,795056.0
700.0,2.439867849,5.018358151310806E-7,700.0,29.714285714285715,0.0,-76.97841726618705,-137.68115942028987,700.0,795056.0
800.0,2.786554326,5.73142829095597E-7,800.0,29.625,0.0,-77.602523659306,-138.55932203389827,800.0,795056.0
900.0,3.118432083,6.414039624910925E-7,900.0,29.555555555555557,0.0,-78.59154929577463,-139.24528301886795,900.0,795056.0
1000.0,3.437597045,7.070503084324093E-7,1000.0,29.9,0.0,-75.6892230576441,-135.23489932885903,1000.0,795056.0
1100.0,4.110052827,8.46366880518525E-7,1100.0,33.72727272727273,0.9701687915866036,-66.8192219679634,-125.6965944272446,1100.0,800832.0
1200.0,4.437064819,9.141158552109491E-7,1200.0,37.083333333333336,1.68204015192621,-58.947368421052616,-116.33237822349565,1200.0,800832.0
1300.0,4.764141145,9.818781583520066E-7,1300.0,38.61538461538462,-0.7067137809187158,-53.75722543352599,-105.14138817480723,1300.0,800832.0
1400.0,5.085891557,1.048537060940096E-6,1400.0,40.42857142857143,-1.734966297460628,-46.57293497363794,-96.23529411764703,1400.0,800832.0
1500.0,5.410354618,1.1157579587850762E-6,1500.0,42.66666666666667,-0.7905416280563257,-42.62023217247096,-91.11111111111107,1500.0,800832.0
1600.0,5.758560859,1.1878978692054045E-6,1600.0,44.25,-0.8591971121705233,-37.442218798150996,-85.0622406639004,1600.0,800832.0
1700.0,5.993349809,1.236540460366437E-6,1700.0,46.0,-0.08927609401695841,-33.62445414847159,-81.78217821782174,1700.0,800832.0
1800.0,6.225586758,1.2846543386502853E-6,1800.0,47.44444444444444,0.18043494317882175,-30.123796423658884,-77.81954887218045,1800.0,800832.0
1900.0,6.506281355,1.3428074694640728E-6,1900.0,48.68421052631579,0.24189657252157837,-27.284595300261078,-73.79679144385022,1900.0,800832.0
2000.0,6.813518691,1.4064596137598448E-6,2000.0,49.8,0.3779485993873901,-24.411400247831487,-70.74829931972786,2000.0,800832.0
2100.0,7.117990658,1.469538840489963E-6,2100.0,51.28571428571429,1.3453367842336377,-21.640903686087995,-68.53377265238882,2100.0,800832.0
2200.0,7.364741883,1.520659725677102E-6,2200.0,51.86363636363637,0.6959552078999967,-20.2043132803632,-64.69673405909798,2200.0,800832.0
2300.0,7.659502995,1.581727098145812E-6,2300.0,52.60869565217391,0.5648014469070604,-18.478260869565222,-61.96136701337295,2300.0,800832.0
2400.0,7.889456155,1.6293678305911314E-6,2400.0,53.29166666666667,0.4219409282700608,-16.649323621227886,-59.23295454545453,2400.0,800832.0
2500.0,8.194908774,1.6926502246947876E-6,2500.0,54.0,0.43772769458798766,-14.541832669322712,-56.889495225102294,2500.0,800832.0
2600.0,8.551681331,1.7665648685808272E-6,2600.0,54.53846153846153,0.25186954715412074,-11.931818181818176,-54.509803921568654,2600.0,800832.0
2700.0,8.847665662,1.8278856624380539E-6,2700.0,55.18518518518518,0.33678661639270674,-9.30442637759711,-52.58511979823457,2700.0,800832.0
2800.0,9.174250566,1.8955461548276533E-6,2800.0,55.82142857142857,0.47012034621087473,-8.413672217353218,-50.8536585365854,2800.0,800832.0
2900.0,9.473604603,1.9575650702587057E-6,2900.0,56.41379310344827,0.5879672821158243,-6.486941870261168,-49.23258559622197,2900.0,800832.0
3000.0,9.756482996,2.0161706307801396E-6,3000.0,56.93333333333334,0.6398425003076331,-4.615384615384619,-47.65714285714287,3000.0,800832.0
3100.0,10.085049373,2.08424163644575E-6,3100.0,57.16129032258065,0.2887093336433729,-3.993735317149548,-45.773874862788155,3100.0,800832.0
3200.0,10.389802506,2.147379113969981E-6,3200.0,57.46875,0.11467363882390717,-3.028009084027241,-44.1737288135593,3200.0,800832.0
3300.0,10.714779752,2.214706538509408E-6,3300.0,57.63636363636364,-0.2189723938374888,-2.34260614934113,-42.50764525993883,3300.0,800832.0
3400.0,11.04101467,2.2822945222655728E-6,3400.0,58.29411764705882,0.19707207207206287,-1.7946877243359864,-41.65834165834166,3400.0,800832.0
3500.0,11.367326155,2.3498983688520683E-6,3500.0,58.4,-0.1493593270969399,-0.9708737864077678,-40.13474494706452,3500.0,800832.0
3600.0,11.625310606,2.403346506747384E-6,3600.0,58.52777777777778,-0.4237573148583914,-0.8783783783783807,-38.7546468401487,3600.0,800832.0
3700.0,11.83569164,2.4469323681130797E-6,3700.0,58.945945945945944,-0.2733283615642148,-0.39656311962987034,-37.84029038112526,3700.0,800832.0
3800.0,12.113673165,2.5045234160346082E-6,3800.0,59.36842105263158,-0.10100182895203112,0.7073954983922879,-37.000887311446306,3800.0,800832.0
3900.0,12.412005388,2.5663306363213847E-6,3900.0,59.692307692307686,-0.04307981514842447,1.5654351909830877,-36.10389610389614,3900.0,800832.0
4000.0,12.717617182,2.629646007634778E-6,4000.0,59.675,-0.40273135266694043,1.945288753799394,-34.86622073578593,4000.0,800832.0
4100.0,13.012675438,2.690774941152711E-6,4100.0,59.92682926829268,-0.39763801824842365,2.4925816023738894,-34.01305057096246,4100.0,800832.0
4200.0,13.315459363,2.7535044464122545E-6,4200.0,60.16666666666667,-0.3926207866131686,2.6759744037230906,-33.200636942675175,4200.0,800832.0
4300.0,13.620194665,2.8166382297845972E-6,4300.0,60.302325581395344,-0.4989279347615095,3.176403857061822,-32.325581395348834,4300.0,800832.0
4400.0,13.92349737,2.87947521371144E-6,4400.0,60.59090909090909,-0.40955559532957303,4.145936981757887,-31.662870159453288,4400.0,800832.0
4500.0,14.227639942,2.9424861977652502E-6,4500.0,60.75555555555555,-0.45506257110352394,4.746494066882414,-30.91178650852483,4500.0,800832.0
4600.0,14.530698769,3.0052726560696254E-6,4600.0,61.108695652173914,-0.2744039147641699,5.593667546174153,-30.393586005830908,4600.0,800832.0
4700.0,14.83296659,3.067895237064341E-6,4700.0,61.40425531914894,-0.1541230258861138,6.156233833419567,-29.849677881173925,4700.0,800832.0
4800.0,15.136380713,3.1307553041057083E-6,4800.0,61.5625,-0.18054216949244936,6.7710965133905825,-29.20168067226892,4800.0,800832.0
4900.0,15.438637071,3.1933755102441006E-6,4900.0,61.91836734693877,0.017495899398568555,7.071713147410362,-28.778467908902698,4900.0,800832.0
5000.0,15.72509622,3.2527229167942996E-6,5000.0,62.06,-0.02277798634162629,7.957302280446397,-28.26233941852604,5000.0,800832.0
5100.0,16.043312934,3.318649722632944E-6,5100.0,61.66666666666667,0.9583414125553006,7.477520113582589,-28.53385930309007,5100.0,800832.0
5200.0,16.344357739,3.381018924295832E-6,5200.0,61.17307692307692,1.384198101776345,6.4844835572023865,-29.672447013487496,5200.0,800832.0
5300.0,16.653414299,3.4450479677994344E-6,5300.0,60.867924528301884,2.3963081755634064,6.323396567299006,-29.463171036204756,5300.0,800832.0
5400.0,16.951780494,3.5068622262628667E-6,5400.0,60.55555555555555,3.23415970452346,6.043228936921042,-29.404617253949006,5400.0,800832.0
5500.0,17.253183605,3.5693056602619382E-6,5500.0,60.14545454545455,3.6077532755054564,5.1082251082251195,-30.16627078384796,5500.0,800832.0
5600.0,17.555708623,3.6319815262537493E-6,5600.0,59.875,4.360740415324547,4.423649510846449,-29.959514170040496,5600.0,800832.0
5700.0,17.855882363,3.6941702643187138E-6,5700.0,59.4561403508772,4.527166419469052,3.748438150770524,-30.93484419263457,5700.0,800832.0
5800.0,18.157651175,3.756689462719092E-6,5800.0,59.10344827586207,4.8377290155143,3.1836734693877586,-31.485587583148565,5800.0,800832.0
5900.0,18.463625623,3.820079967169096E-6,5900.0,58.86440677966102,5.428235542757511,2.958816473410641,-31.260140616549485,5900.0,800832.0
6000.0,18.768030098,3.8831452111893685E-6,6000.0,58.599999999999994,5.864483510936425,2.626421011368089,-31.28964059196618,6000.0,800832.0
6100.0,19.084174743,3.948642734452217E-6,6100.0,58.24590163934427,5.975173141677231,1.9252984212552968,-32.03732503888021,6100.0,800832.0
6200.0,19.432835219,4.020876751377115E-6,6200.0,57.935483870967744,6.163651158777015,1.6591251885369498,-32.52032520325205,6200.0,800832.0
6300.0,19.735608648,4.083604082119345E-6,6300.0,57.7936507936508,6.770003624191805,1.4089729328883998,-31.82944967773919,6300.0,800832.0
6400.0,20.037630616,4.1461757283193656E-6,6400.0,57.59375,7.1569080111696435,1.4882032667876466,-31.619786614936974,6400.0,800832.0
6500.0,20.338492565,4.208507046642133E-6,6500.0,57.32307692307692,7.30837313163219,0.8223096174472538,-31.969552806850626,6500.0,800832.0
6600.0,20.637083616,4.270367889829753E-6,6600.0,57.18181818181818,7.755116332828173,1.2233484795525928,-31.44186046511627,6600.0,800832.0
6700.0,20.931215006,4.331304799132326E-6,6700.0,56.850746268656714,7.678432661502797,0.6187693365417758,-32.31121281464533,6700.0,800832.0
6800.0,21.236947361,4.394645147768685E-6,6800.0,56.632352941176464,7.855708431957163,0.40526849037486173,-32.42029636281995,6800.0,800832.0
6900.0,21.548665379,4.45922558099223E-6,6900.0,56.391304347826086,7.946744331183693,-0.09980039920160133,-32.73048081164532,6900.0,800832.0
7000.0,21.871043729,4.52601457714481E-6,7000.0,56.214285714285715,8.16241969401799,-0.26169447170427823,-32.6265685850281,7000.0,800832.0
7100.0,22.133985986,4.5804898525196095E-6,7100.0,55.88732394366197,8.00091514208491,-0.93457943925233,-33.61774744027305,7100.0,800832.0
7200.0,22.344585904,4.624121061355549E-6,7200.0,55.80555555555555,8.382623634311082,-0.9197589597209179,-32.915622389306606,7200.0,800832.0
7300.0,22.578524378,4.6725874544614334E-6,7300.0,55.657534246575345,8.58344790980788,-0.9984399375974947,-32.718327183271825,7300.0,800832.0
7400.0,22.842117151,4.727197501016188E-6,7400.0,55.50000000000001,8.738364686411302,-1.1363636363636374,-32.621828433346764,7400.0,800832.0
7500.0,23.158998842,4.792847722381928E-6,7500.0,55.24,8.650277232938794,-1.7581085177326545,-33.267169511711,7500.0,800832.0
7600.0,23.480141201,4.859380651096531E-6,7600.0,55.10526315789473,8.814549050262908,-1.638367590110229,-33.073322932917335,7600.0,800832.0
7700.0,23.789238846,4.923418206418334E-6,7700.0,54.94805194805195,8.911518684472162,-1.6110134739308672,-33.06482546988879,7700.0,800832.0
7800.0,24.091722394,4.986085480829257E-6,7800.0,54.79487179487179,8.999400383645934,-1.8780699219878831,-33.05660377358491,7800.0,800832.0
7900.0,24.388384579,5.047546709638763E-6,7900.0,54.53164556962026,8.848974499568456,-2.1615472127417488,-33.8301043219076,7900.0,800832.0
8000.0,24.684404458,5.108874868181724E-6,8000.0,54.3875,8.927046296208479,-2.3275378575434713,-33.81004767143379,8000.0,800832.0
8100.0,24.994941609,5.173210654326706E-6,8100.0,54.2962962962963,9.09429895364859,-2.3500138236107326,-33.45349675558757,8100.0,800832.0
8200.0,25.29409742,5.235188502125421E-6,8200.0,54.19512195121952,9.225943026953711,-2.343324250681201,-33.191489361702125,8200.0,800832.0
8300.0,25.593886484,5.297297544628063E-6,8300.0,54.168674698795186,9.485004386536518,-2.368137782561888,-32.45125348189413,8300.0,800832.0
8400.0,25.89159213,5.358974953316628E-6,8400.0,54.0,9.459867252660294,-2.629482071713148,-32.69230769230768,8400.0,800832.0
8500.0,26.188837654,5.420557035856623E-6,8500.0,53.96470588235294,9.672236269978935,-2.3809523809523934,-32.062099223759716,8500.0,800832.0
8600.0,26.511286805,5.487360700263807E-6,8600.0,53.872093023255815,9.765029684052516,-2.5859839668993847,-31.83781987371218,8600.0,800832.0
8700.0,26.832240245,5.553854489531347E-6,8700.0,53.632183908045974,9.581382809863673,-3.2505758894292502,-32.61012491781725,8700.0,800832.0
8800.0,27.153528517,5.62041764789008E-6,8800.0,53.48863636363637,9.565293544713887,-3.4892541087231237,-32.76029841063898,8800.0,800832.0
8900.0,27.475831291,5.6871909865235575E-6,8900.0,53.359550561797754,9.566944337500683,-3.5678642714570907,-32.83199999999999,8900.0,800832.0
9000.0,27.799318177,5.754209644521106E-6,9000.0,53.36666666666666,9.796768702609445,-3.5529237601776487,-32.02264863164518,9000.0,800832.0
9100.0,28.123609809,5.82139502642396E-6,9100.0,53.26373626373626,9.825399729333837,-3.757013905830692,-31.957803288861324,9100.0,800832.0
9200.0,28.440422759,5.887031006317267E-6,9200.0,53.184782608695656,9.886914040024708,-3.933397683397677,-31.752829611501955,9200.0,800832.0
9300.0,28.755764626,5.952362213396807E-6,9300.0,53.064516129032256,9.87130809725519,-4.176610978520282,-31.833282996073674,9300.0,800832.0
9400.0,29.068988317,6.017254585645427E-6,9400.0,52.91489361702128,9.80126333385495,-4.337576614804349,-32.11940298507462,9400.0,800832.0
9500.0,29.381958136,6.082094361756523E-6,9500.0,52.821052631578944,9.817786561348543,-4.402515723270448,-32.05657041838539,9500.0,800832.0
9600.0,29.682838393,6.144429473054041E-6,9600.0,52.57291666666667,9.579334386332372,-4.93201198432817,-33.01197779725386,9600.0,800832.0
9700.0,29.986592109,6.207359895550638E-6,9700.0,52.37113402061856,9.414705477723928,-5.551747772446877,-33.68055555555556,9700.0,800832.0
9800.0,30.31056072,6.2744783553158045E-6,9800.0,52.326530612244895,9.49600500814495,-5.510388437217722,-33.333333333333364,9800.0,800832.0
9900.0,30.63227011,6.34112875913777E-6,9900.0,52.15151515151515,9.367256231830948,-5.996867308122638,-33.85137044362814,9900.0,800832.0
10000.0,30.950689494,6.4070975532980564E-6,10000.0,52.11,9.442118064332748,-5.974773179907065,-33.50989684973514,10000.0,800832.0
