learning evaluation instances,evaluation time (cpu seconds),model cost (RAM-Hours),classified instances,classifications correct (percent),Kappa Statistic (percent),Kappa Temporal Statistic (percent),Kappa M Statistic (percent),model training instances,model serialized size (bytes)
100.0,0.675099383,1.388554914157134E-7,100.0,35.0,0.0,-35.41666666666667,-91.17647058823532,100.0,795056.0
200.0,1.149609707,2.364535130996547E-7,200.0,27.500000000000004,0.0,-93.33333333333333,-168.51851851851848,200.0,795056.0
300.0,1.47339404,3.0304997845507335E-7,300.0,30.0,0.0,-74.99999999999999,-135.9550561797753,300.0,795056.0
400.0,1.7927653,3.687387560899887E-7,400.0,29.75,0.0,-86.0927152317881,-138.13559322033896,400.0,795056.0
500.0,2.094097379,4.3071720691144886E-7,500.0,28.999999999999996,0.0,-87.83068783068784,-146.52777777777774,500.0,795056.0
600.0,2.421566082,4.980714792206139E-7,600.0,29.833333333333336,0.0,-80.68669527896996,-136.5168539325843,600.0,795056.0
700.0,2.770037262,5.69745573674813E-7,700.0,29.714285714285715,0.0,-76.97841726618705,-137.68115942028987,700.0,795056.0
800.0,3.018354161,6.208197797928047E-7,800.0,29.625,0.0,-77.602523659306,-138.55932203389827,800.0,795056.0
900.0,3.231894773,6.647411450956556E-7,900.0,29.555555555555557,0.0,-78.59154929577463,-139.24528301886795,900.0,795056.0
1000.0,3.466243327,7.129423202820827E-7,1000.0,29.9,0.0,-75.6892230576441,-135.23489932885903,1000.0,795056.0
1100.0,4.130198649,8.496101174490942E-7,1100.0,34.0,1.21227115289461,-66.13272311212816,-124.76780185758518,1100.0,795664.0
1200.0,4.381157602,9.012672186867729E-7,1200.0,37.333333333333336,1.9130434782608647,-58.31578947368419,-115.47277936962746,1200.0,795664.0
1300.0,4.718357884,9.706761355491563E-7,1300.0,39.07692307692307,-0.2531645569620354,-52.60115606936415,-103.59897172236508,1300.0,795664.0
1400.0,5.052746488,1.0395062998571578E-6,1400.0,40.85714285714286,-1.2932541069556065,-45.51845342706501,-94.82352941176468,1400.0,795664.0
1500.0,5.36827456,1.1044542340264304E-6,1500.0,43.13333333333333,-0.3923107100823878,-41.45936981757876,-89.55555555555551,1500.0,795664.0
1600.0,5.686617367,1.1699815499994365E-6,1600.0,44.6875,-0.6539664486778415,-36.36363636363635,-83.60995850622405,1600.0,795664.0
1700.0,6.0009744,1.2346884388525204E-6,1700.0,46.588235294117645,0.2971192352409253,-32.16885007278019,-79.80198019801978,1700.0,795664.0
1800.0,6.318779744,1.3001051240619272E-6,1800.0,48.05555555555556,0.6141490492500277,-28.61072902338378,-75.75187969924811,1800.0,795664.0
1900.0,6.609133433,1.3598711922898517E-6,1900.0,49.26315789473684,0.6616769714719619,-25.848563968668394,-71.83600713012474,1900.0,795664.0
2000.0,6.876695838,1.4149459289241004E-6,2000.0,50.449999999999996,0.8999999999999897,-22.800495662949217,-68.53741496598639,2000.0,795664.0
2100.0,7.189512465,1.4793357423840257E-6,2100.0,51.90476190476191,1.8419104035542435,-20.095124851367423,-66.39209225700165,2100.0,795664.0
2200.0,7.484930125,1.540144172557936E-6,2200.0,52.45454545454545,1.1851597389213249,-18.728717366628818,-62.67496111975118,2200.0,795664.0
2300.0,7.78850702,1.6026320902471492E-6,2300.0,53.21739130434783,1.0950363679961579,-16.956521739130427,-59.88112927191677,2300.0,795664.0
2400.0,8.040493158,1.6545006260596878E-6,2400.0,53.87499999999999,0.9395973154362216,-15.192507804370466,-57.2443181818182,2400.0,795664.0
2500.0,8.346425625,1.7174734119706643E-6,2500.0,54.559999999999995,0.9417509591907897,-13.147410358565756,-54.979536152796726,2500.0,795664.0
2600.0,8.657265931,1.7814564217969485E-6,2600.0,55.07692307692308,0.7451954503856717,-10.60606060606059,-52.679738562091515,2600.0,795664.0
2700.0,8.954251024,1.8425874905705039E-6,2700.0,55.7037037037037,0.8170035014435688,-8.039747064137309,-50.81967213114756,2700.0,795664.0
2800.0,9.160008874,1.8849404489361579E-6,2800.0,56.32142857142857,0.9372830363341742,-7.186678352322542,-49.14634146341467,2800.0,795664.0
2900.0,9.381979091,1.930630542213358E-6,2900.0,56.896551724137936,1.0428041056999446,-5.307497893850034,-47.57969303423848,2900.0,795664.0
3000.0,9.622249935,1.9800876154303096E-6,3000.0,57.4,1.0835913312693592,-3.48178137651824,-46.05714285714289,3000.0,795664.0
3100.0,9.899343089,2.037124150438669E-6,3100.0,57.612903225806456,0.7262624293234695,-2.897415818324176,-44.23710208562021,3100.0,795664.0
3200.0,10.191101773,2.097179421215799E-6,3200.0,57.90625,0.5445316105214615,-1.9682059046176987,-42.69067796610167,3200.0,795664.0
3300.0,10.480896681,2.156830470607608E-6,3300.0,58.060606060606055,0.20539264956515912,-1.317715959004401,-41.08053007135579,3300.0,795664.0
3400.0,10.746450663,2.2114917957695865E-6,3400.0,58.705882352941174,0.6079786791038361,-0.7896625987078384,-40.259740259740255,3400.0,795664.0
3500.0,10.95471733,2.254361166130934E-6,3500.0,58.8,0.2569169960474124,0.0,-38.787295476419665,3500.0,795664.0
3600.0,11.168182388,2.2983005672959242E-6,3600.0,58.916666666666664,-0.02254283137960678,0.06756756756755113,-37.45353159851304,3600.0,795664.0
3700.0,11.443860937,2.35504592164377E-6,3700.0,59.32432432432433,0.11838352675288143,0.5287508261731876,-36.56987295825772,3700.0,795664.0
3800.0,11.749927397,2.4180462885192165E-6,3800.0,59.73684210526316,0.2812843029637772,1.6077170418006346,-35.758651286601605,3800.0,795664.0
3900.0,12.033451877,2.4764066402486097E-6,3900.0,60.05128205128205,0.3313430877238981,2.442078897933628,-34.891774891774915,3900.0,795664.0
4000.0,12.327279539,2.5368877870693187E-6,4000.0,60.02499999999999,-0.031279324366576336,2.796352583586615,-33.69565217391305,4000.0,795664.0
4100.0,12.64746189,2.602793752656149E-6,4100.0,60.26829268292683,-0.03295040963349138,3.3234421364985187,-32.8711256117455,4100.0,795664.0
4200.0,12.962739324,2.667690095788779E-6,4200.0,60.5,-0.0344560254974499,3.4904013961605465,-32.08598726114652,4200.0,795664.0
4300.0,13.174554164,2.711289817985272E-6,4300.0,60.627906976744185,-0.14581871707045693,3.9705048213272844,-31.240310077519368,4300.0,795664.0
4400.0,13.384267244,2.754456916329141E-6,4400.0,60.909090909090914,-0.0634651999153892,4.919845218352689,-30.599848139711455,4400.0,795664.0
4500.0,13.593319855,2.7974880644963395E-6,4500.0,61.06666666666667,-0.11428571428569216,5.50161812297736,-29.873980726464026,4500.0,795664.0
4600.0,13.828925964,2.8459849540447612E-6,4600.0,61.41304347826087,0.05875296824892189,6.3324538258575105,-29.373177842565628,4600.0,795664.0
4700.0,14.044903358,2.890441491552343E-6,4700.0,61.702127659574465,0.17227951761736696,6.880496637351278,-28.847530422333556,4700.0,795664.0
4800.0,14.286480176,2.940167384950146E-6,4800.0,61.854166666666664,0.14088987865288943,7.478524507326918,-28.221288515406172,4800.0,795664.0
4900.0,14.598084518,3.0043076630648473E-6,4900.0,62.204081632653065,0.3316858868753275,7.7689243027888555,-27.812284334023463,4900.0,795664.0
5000.0,14.909283157,3.0683644317422765E-6,5000.0,62.339999999999996,0.2863787910239778,8.636584182435703,-27.31575388776204,5000.0,795664.0
5100.0,15.202546038,3.1287293246937957E-6,5100.0,61.94117647058823,1.2642910490635424,8.140085186937995,-27.613412228796857,5100.0,795664.0
5200.0,15.486687397,3.187216654084569E-6,5200.0,61.44230769230769,1.6830993379781933,7.132931912922647,-28.7732819524727,5200.0,795664.0
5300.0,15.737028401,3.2387465574133023E-6,5300.0,61.13207547169811,2.6933045899206673,6.955736224028901,-28.589263420724116,5300.0,795664.0
5400.0,16.006018544,3.294115177989627E-6,5400.0,60.81481481481481,3.5283282954695605,6.660785178650198,-28.554070473876102,5400.0,795664.0
5500.0,16.274643834,3.3494086976455316E-6,5500.0,60.4,3.8960643035533287,5.714285714285719,-29.33491686460806,5500.0,795664.0
5600.0,16.554794389,3.407074564546988E-6,5600.0,60.12499999999999,4.646435069322117,5.019140791152688,-29.149797570850232,5600.0,795664.0
5700.0,16.810341036,3.4596759914226745E-6,5700.0,59.68421052631578,4.749923646359002,4.289879216992912,-30.19830028328615,5700.0,795664.0
5800.0,17.115239181,3.5224358736869483E-6,5800.0,59.327586206896555,5.057247935604763,3.714285714285723,-30.7649667405765,5800.0,795664.0
5900.0,17.33152033,3.566954935773147E-6,5900.0,59.08474576271187,5.646902947996047,3.4786085565773797,-30.557057869118438,5900.0,795664.0
6000.0,17.600357292,3.6222920257492275E-6,6000.0,58.81666666666666,6.081337894336743,3.1360250882006993,-30.602536997885842,6000.0,795664.0
6100.0,17.906102765,3.6852263210310657E-6,6100.0,58.45901639344262,6.188019663773728,2.425876010781657,-31.363400725764635,6100.0,795664.0
6200.0,18.211754999,3.748141424104757E-6,6200.0,58.12903225806452,6.324886051852829,2.1116138763197587,-31.910569105691067,6200.0,795664.0
6300.0,18.43119115,3.7933099081612455E-6,6300.0,57.98412698412698,6.932764292398572,1.8539117538005123,-31.234506693108564,6300.0,795664.0
6400.0,18.676636107,3.8438320148263414E-6,6400.0,57.78124999999999,7.319581407448796,1.9237749546279277,-31.037827352085383,6400.0,795664.0
6500.0,18.975256854,3.9052997647314435E-6,6500.0,57.53846153846154,7.514417491879674,1.322845906328202,-31.3035204567079,6500.0,795664.0
6600.0,19.254588095,3.962796984984763E-6,6600.0,57.40909090909091,7.9832923060807675,1.747640685075147,-30.744186046511608,6600.0,795664.0
6700.0,19.467525255,4.006627724234714E-6,6700.0,57.08955223880597,7.90324727532267,1.1687865245789126,-31.578947368421062,6700.0,795664.0
6800.0,19.673876768,4.049102881507103E-6,6800.0,56.89705882352941,8.121257001957916,1.0131712259371797,-31.612034126627748,6800.0,795664.0
6900.0,19.912137786,4.098146254459884E-6,6900.0,56.65217391304348,8.189477763844655,0.4990019960079812,-31.936479929422124,6900.0,795664.0
7000.0,20.201729968,4.157755574965832E-6,7000.0,56.48571428571428,8.424373530288932,0.3598298985933889,-31.804413673734306,7000.0,795664.0
7100.0,20.498977377,4.218940638562071E-6,7100.0,56.14084507042254,8.200138264059447,-0.3544956493715551,-32.849829351535824,7100.0,795664.0
7200.0,20.781739805,4.2771441303873176E-6,7200.0,56.06944444444445,8.603773100286393,-0.3171582619727233,-32.121971595655786,7200.0,795664.0
7300.0,21.061965075,4.3348253765381405E-6,7300.0,55.91780821917808,8.786989738468366,-0.40561622464899566,-31.939319393193944,7300.0,795664.0
7400.0,21.269677603,4.377580683567295E-6,7400.0,55.770270270270274,8.94431618723602,-0.5221130221130295,-31.816351188078944,7400.0,795664.0
7500.0,21.482410461,4.421369369529364E-6,7500.0,55.54666666666667,8.910289476215038,-1.0609275538041925,-32.35410877332276,7500.0,795664.0
7600.0,21.690103156,4.464120594156689E-6,7600.0,55.421052631578945,9.076880757334834,-0.9234435507893995,-32.13728549141967,7600.0,795664.0
7700.0,21.996492407,4.527187403959022E-6,7700.0,55.25974025974026,9.1569543448157,-0.9080257762155618,-32.14422708093595,7700.0,795664.0
7800.0,22.241925492,4.57770706690534E-6,7800.0,55.12820512820513,9.265446959405372,-1.12684195319272,-32.07547169811319,7800.0,795664.0
7900.0,22.461215159,4.622845398864336E-6,7900.0,54.860759493670884,9.080200058802841,-1.4220705346985287,-32.86140089418779,7900.0,795664.0
8000.0,22.667267317,4.66525893724903E-6,8000.0,54.7125,9.14329879792296,-1.5984296130117888,-32.85661899523285,8000.0,795664.0
8100.0,22.887737129,4.710640188892744E-6,8100.0,54.604938271604944,9.252200619738401,-1.6588332872546334,-32.55227108868058,8100.0,795664.0
8200.0,23.147419868,4.764092984171981E-6,8200.0,54.50000000000001,9.358618500936338,-1.6621253405994567,-32.304964539007095,8200.0,795664.0
8300.0,23.434993592,4.823286827612842E-6,8300.0,54.445783132530124,9.548822935399997,-1.7491926803013913,-31.65041782729803,8300.0,795664.0
8400.0,23.644567205,4.866425218230398E-6,8400.0,54.29761904761905,9.545563481356416,-1.9654714475431638,-31.833791208791197,8400.0,795664.0
8500.0,23.850030864,4.908717620660157E-6,8500.0,54.27058823529411,9.780883284733333,-1.7006802721088523,-31.184610192372602,8500.0,795664.0
8600.0,24.056467428,4.951210284732224E-6,8600.0,54.2093023255814,9.926806953339439,-1.836048616498559,-30.87404453306745,8600.0,795664.0
8700.0,24.268404996,4.994835269118589E-6,8700.0,54.01149425287356,9.80473875253402,-2.405938059892517,-31.525312294543085,8700.0,795664.0
8800.0,24.477039877,5.037780432224717E-6,8800.0,53.92045454545455,9.856856204053118,-2.52844500632111,-31.527732727862478,8800.0,795664.0
8900.0,24.745176628,5.092973391576716E-6,8900.0,53.78651685393259,9.845496286803906,-2.6197604790419153,-31.615999999999982,8900.0,795664.0
9000.0,25.008065104,5.147086052060086E-6,9000.0,53.788888888888884,10.069194176156842,-2.6153466567974335,-30.82730418370558,9000.0,795664.0
9100.0,25.297708279,5.2067058689063E-6,9100.0,53.68131868131868,10.064267242482948,-2.8299585264698703,-30.77877753645673,9100.0,795664.0
9200.0,25.583258825,5.2654832637227205E-6,9200.0,53.586956521739125,10.068055616602932,-3.0405405405405554,-30.62098501070663,9200.0,795664.0
9300.0,25.868510469,5.3241991328964425E-6,9300.0,53.473118279569896,10.04667162558836,-3.2696897374701503,-30.685593476291118,9300.0,795664.0
9400.0,26.151184522,5.382384433713688E-6,9400.0,53.36170212765957,10.025650252749365,-3.3474776049033608,-30.86567164179104,9400.0,795664.0
9500.0,26.416475475,5.436991617289885E-6,9500.0,53.25263157894737,9.99700057556525,-3.4474726298625615,-30.848556275780776,9500.0,795664.0
9600.0,26.618865663,5.478651379996294E-6,9600.0,53.03125,9.79582528117536,-3.9179534454943514,-31.726555652936028,9600.0,795664.0
9700.0,26.84768805,5.525751916037765E-6,9700.0,52.85567010309279,9.649349504484084,-4.477952935800766,-32.32060185185184,9700.0,795664.0
9800.0,27.054498621,5.568321565279046E-6,9800.0,52.83673469387755,9.757874589512848,-4.381210478771457,-31.90639269406394,9800.0,795664.0
9900.0,27.255797078,5.609756607336452E-6,9900.0,52.717171717171716,9.700504011869004,-4.743790557171633,-32.269002543091254,9900.0,795664.0
10000.0,27.455983674,5.650962785208888E-6,10000.0,52.68000000000001,9.763429154452064,-4.713432175260011,-31.920825202118742,10000.0,795664.0
