learning evaluation instances,evaluation time (cpu seconds),model cost (RAM-Hours),classified instances,classifications correct (percent),Kappa Statistic (percent),Kappa Temporal Statistic (percent),Kappa M Statistic (percent),model training instances,model serialized size (bytes)
100.0,2.415876879,1.4866960153400227E-5,100.0,100.0,?,?,?,100.0,2.3787552E7
200.0,6.070296957,3.888460251125449E-5,200.0,98.0,59.01639344262287,0.0,33.33333333333333,200.0,2.5404712E7
300.0,9.553465328,6.178936404401718E-5,300.0,98.66666666666667,59.3495934959351,0.0,33.33333333333352,300.0,2.541872E7
400.0,13.101403181,8.512613394578996E-5,400.0,99.0,59.51417004048588,0.0,33.33333333333333,400.0,2.542536E7
500.0,16.491053182,1.0742638624902029E-4,500.0,98.8,49.46091644204845,0.0,25.0,500.0,2.543064E7
600.0,19.934639106,1.300871946771074E-4,600.0,98.66666666666667,42.3076923076929,0.0,20.0000000000004,600.0,2.5437056E7
700.0,23.393275357,1.5286006348128612E-4,700.0,97.28571428571429,28.800856531049252,-58.333333333333435,13.636363636363779,700.0,2.5451608E7
800.0,26.744843548,1.7496753803048978E-4,800.0,85.125,5.16039051603899,-815.3846153846164,2.459016393442571,800.0,2.5497256E7
900.0,30.144868833,1.9740997624045884E-4,900.0,78.0,2.8300343530181626,-607.1428571428576,1.4925373134328699,900.0,2.5514688E7
1000.0,33.551882407,2.1990698913362838E-4,1000.0,74.6,2.0930501484022837,-296.87500000000034,1.1673151750972772,1000.0,2.5524272E7
1100.0,37.187179077,2.439734965354686E-4,1100.0,71.54545454545455,6.287425149700619,-226.04166666666666,3.6923076923076787,1100.0,2.5590312E7
1200.0,40.45391896,2.65606204599595E-4,1200.0,71.75,9.031548252636476,-189.74358974358964,5.571030640668541,1200.0,2.5597568E7
1300.0,43.718999862,2.8723200144082424E-4,1300.0,70.07692307692308,10.64613253420785,-211.19999999999996,7.159904534606215,1300.0,2.5602392E7
1400.0,46.945921646,3.086132178891078E-4,1400.0,69.0,13.454197385963477,-199.31034482758636,9.205020920502074,1400.0,2.5612168E7
1500.0,50.209887952,3.3024432523974214E-4,1500.0,67.53333333333333,13.070899873860597,-172.06703910614533,8.971962616822438,1500.0,2.5617424E7
1600.0,53.458556354,3.5177776097008323E-4,1600.0,66.125,12.472647702406995,-143.04932735426004,8.754208754208747,1600.0,2.562184E7
1700.0,56.668398566,3.7305671810133277E-4,1700.0,65.29411764705883,13.66205451599964,-145.83333333333323,9.647779479326198,1700.0,2.5625304E7
1800.0,60.200058077,3.964792606729674E-4,1800.0,65.61111111111111,15.871337964361224,-117.95774647887323,11.571428571428555,1800.0,2.5636432E7
1900.0,63.536026741,4.186068838518147E-4,1900.0,65.21052631578948,17.807376459100666,-118.87417218543048,13.932291666666666,1900.0,2.5639832E7
2000.0,66.863857784,4.4068348449257966E-4,2000.0,65.64999999999999,19.144508888219335,-105.68862275449098,14.975247524752474,2000.0,2.5643264E7
2100.0,70.260034728,4.6321839317224557E-4,2100.0,65.61904761904762,21.82763100909484,-94.60916442048519,18.140589569161012,2100.0,2.5648848E7
2200.0,73.565098457,4.851507493264385E-4,2200.0,65.31818181818181,23.22047697895036,-91.70854271356784,20.104712041884817,2200.0,2.5651208E7
2300.0,76.902558424,5.07300490172474E-4,2300.0,65.52173913043478,24.777702624676248,-94.84029484029479,21.871921182266018,2300.0,2.5653992E7
2400.0,80.186818036,5.291016420000008E-4,2400.0,65.95833333333333,26.332019873222528,-89.55916473317869,23.501872659176016,2400.0,2.5659272E7
2500.0,83.443866142,5.50724413320006E-4,2500.0,66.67999999999999,28.289357693028165,-81.48148148148152,25.491949910554556,2500.0,2.5661944E7
2600.0,86.699535806,5.723412609691758E-4,2600.0,67.03846153846153,31.376570836551693,-86.71023965141615,29.638752052545154,2600.0,2.5665776E7
2700.0,89.97940969,5.941226200052135E-4,2700.0,67.7037037037037,34.515160752708496,-89.97821350762524,33.83915022761759,2700.0,2.5670256E7
2800.0,93.228716948,6.157038602025238E-4,2800.0,68.03571428571429,36.50816171619504,-94.98910675381262,35.238784370477575,2800.0,2.5673672E7
2900.0,96.51653993,6.375463236071095E-4,2900.0,68.44827586206897,38.3306250092963,-99.34640522875821,33.791606367583206,2900.0,2.5680032E7
3000.0,99.760625927,6.591013851445065E-4,3000.0,69.23333333333333,40.57649172534622,-101.08932461873634,33.212735166425475,3000.0,2.56838E7
3100.0,103.087919064,6.812121329888934E-4,3100.0,70.0,42.547106191600506,-102.61437908496734,32.706222865412435,3100.0,2.568708E7
3200.0,106.330761828,7.027628802739692E-4,3200.0,70.46875,43.75544032199266,-104.10367170626354,31.9164265129683,3200.0,2.5688504E7
3300.0,109.58850975,7.244147651455434E-4,3300.0,70.84848484848484,44.493614824922176,-103.38266384778014,32.30119634060522,3300.0,2.5690976E7
3400.0,112.844136597,7.46053381529046E-4,3400.0,71.55882352941177,45.975523188558206,-102.72536687631033,32.23545900490539,3400.0,2.569196E7
3500.0,116.101006586,7.677010760840376E-4,3500.0,72.25714285714285,47.193854878116234,-99.79423868312753,34.035326086956516,3500.0,2.5692928E7
3600.0,119.363099634,7.893848036501696E-4,3600.0,72.55555555555556,47.692348417667056,-100.40567951318464,34.785478547854765,3600.0,2.5694488E7
3700.0,122.627345211,8.110850012936553E-4,3700.0,73.13513513513513,48.692136356318585,-100.00000000000009,36.322869955156946,3700.0,2.5697048E7
3800.0,125.881584146,8.327197269938796E-4,3800.0,73.68421052631578,49.732590610312485,-93.05019305019314,36.90851735015772,3800.0,2.5698296E7
3900.0,129.132806336,8.543351504876577E-4,3900.0,74.0,50.2718037128274,-89.53271028037389,38.05742211362247,3900.0,2.5699192E7
4000.0,132.403823446,8.760835053789737E-4,4000.0,74.4,51.08605439049235,-91.40186915887845,37.446548564447156,4000.0,2.570076E7
4100.0,135.702122961,8.980155697357259E-4,4100.0,74.46341463414635,51.25470283616848,-94.97206703910615,36.42987249544627,4100.0,2.5703472E7
4200.0,138.962270962,9.19694579587533E-4,4200.0,74.92857142857143,52.06863724327362,-92.50457038391218,36.87050359712231,4200.0,2.5704224E7
4300.0,142.200164622,9.412269114496395E-4,4300.0,75.27906976744187,52.68552524252953,-93.97810218978097,36.34730538922157,4300.0,2.5705784E7
4400.0,145.468790256,9.629643785752255E-4,4400.0,75.43181818181817,52.907714010301596,-93.72759856630826,36.70960187353629,4400.0,2.5706688E7
4500.0,148.732833957,9.846725767355213E-4,4500.0,75.62222222222222,53.219882189724565,-95.54367201426017,36.99023549684089,4500.0,2.5708112E7
4600.0,152.005199364,0.0010064371292272504,4600.0,75.89130434782608,53.662088405185216,-97.33096085409258,36.51974813966799,4600.0,2.5709304E7
4700.0,155.25492341,0.0010280518604036586,4700.0,76.27659574468085,54.30772519869883,-97.34513274336285,37.67467859139184,4700.0,2.5710216E7
4800.0,158.508630522,0.0010497139253450385,4800.0,76.47916666666667,54.65317106478693,-95.66724436741765,37.79614325068871,4800.0,2.5734976E7
4900.0,161.785676751,0.001071532886544173,4900.0,76.79591836734694,55.13706495120342,-95.02572898799318,37.902785363189516,4900.0,2.573676E7
5000.0,165.03937839,0.0010931972517043938,5000.0,76.82,55.07488655924332,-96.10829103214895,36.976617727025555,5000.0,2.5737752E7
5100.0,168.391677422,0.0011155197248678152,5100.0,77.05882352941177,55.43787829634237,-97.30185497470477,36.825053995680356,5100.0,2.5739608E7
5200.0,171.647493376,0.001137200795849433,5200.0,77.34615384615384,55.84880768139641,-97.31993299832504,36.53017241379309,5200.0,2.5740872E7
5300.0,174.917222961,0.0011589753052100207,5300.0,77.60377358490565,56.20514074278687,-96.84908789386408,36.25134264232007,5300.0,2.57418E7
5400.0,178.207513645,0.0011808886190578893,5400.0,77.77777777777779,56.423780350030015,-97.04433497536948,36.305732484076444,5400.0,2.5744008E7
5500.0,181.490491235,0.0012027558300305597,5500.0,78.01818181818182,56.752592177887294,-96.58536585365852,36.30136986301371,5500.0,2.5747072E7
5600.0,184.744007071,0.0012244287081455022,5600.0,78.30357142857143,57.104490032657075,-96.92058346839542,36.05263157894737,5600.0,2.5749336E7
5700.0,188.029033424,0.0012463124141491686,5700.0,78.54385964912281,57.42782498451887,-95.05582137161089,36.40145605824232,5700.0,2.5750424E7
5800.0,191.294714897,0.001268068028520324,5800.0,78.86206896551724,57.91170359819776,-91.86228482003122,36.7715317173801,5800.0,2.5751344E7
5900.0,194.564012622,0.0012898490060060954,5900.0,79.18644067796609,58.46202869176946,-89.7990726429676,37.56990340620233,5900.0,2.5752848E7
6000.0,198.005506848,0.0013127801179474586,6000.0,79.35,58.68139744693944,-88.58447488584468,37.64469048817313,6000.0,2.575612E7
6100.0,201.44267952,0.00133568398559024,6100.0,79.49180327868852,58.902254890788385,-86.43815201192255,38.28317710902812,6100.0,2.5757864E7
6200.0,204.836596772,0.0013583011626704562,6200.0,79.69354838709677,59.25545075399703,-82.72859216255455,39.031476997578665,6200.0,2.5759624E7
6300.0,208.297460362,0.0013813654894589435,6300.0,79.93650793650794,59.671869032024595,-80.82975679542207,39.723414401526,6300.0,2.576076E7
6400.0,211.750116177,0.0014043758458054936,6400.0,80.125,59.932768476979604,-79.91513437057989,39.971684756960826,6400.0,2.5761576E7
6500.0,215.186181514,0.0014272769285354199,6500.0,80.36923076923077,60.37284120612954,-78.71148459383758,40.788863109048734,6500.0,2.5763032E7
6600.0,218.576330379,0.0014498748655789762,6600.0,80.5909090909091,60.7861144274038,-77.42382271468146,41.506849315068486,6600.0,2.576632E7
6700.0,221.911703029,0.0014721087126591701,6700.0,80.7910447761194,61.1371782028195,-76.06019151846783,42.10526315789474,6700.0,2.576752E7
6800.0,225.203997157,0.001494057187060563,6800.0,80.98529411764706,61.406637721206,-74.96617050067668,42.35399019170752,6800.0,2.5769624E7
6900.0,228.487048028,0.001515944923479222,6900.0,80.78260869565217,60.92836867590582,-78.94736842105272,40.935412026726056,6900.0,2.5770664E7
7000.0,231.781858725,0.001537912384232979,7000.0,80.94285714285714,61.20121826014097,-78.10413885180247,41.465555068012286,7000.0,2.5772216E7
7100.0,235.137753532,0.0015602878883883712,7100.0,80.87323943661971,61.00693332298025,-80.58510638297874,40.7504363001745,7100.0,2.5773112E7
7200.0,238.435455074,0.0015822759609347705,7200.0,81.1388888888889,61.402285719248376,-80.3452855245683,41.08459869848157,7200.0,2.5773784E7
7300.0,241.714724956,0.0016041436410966165,7300.0,81.17808219178082,61.46364534351421,-81.50594451783353,41.206675224646986,7300.0,2.5776736E7
7400.0,244.976655207,0.0016258959491566272,7400.0,81.4054054054054,61.73258948197914,-81.77014531043591,41.12109542148054,7400.0,2.577704E7
7500.0,248.231369108,0.0016476006937933974,7500.0,81.6,61.95161524767512,-81.81818181818194,41.000427533133795,7500.0,2.5777704E7
7600.0,251.509114914,0.0016694594656890152,7600.0,81.84210526315789,62.24405388847726,-81.81818181818178,41.000427533133816,7600.0,2.5778216E7
7700.0,254.763353924,0.0016911623365336076,7700.0,82.05194805194806,62.47829298693789,-82.08168642951257,40.914920906370256,7700.0,2.577924E7
7800.0,258.0858786,0.0017133209006529014,7800.0,82.28205128205128,62.74810321024431,-82.08168642951249,40.91492090637024,7800.0,2.5779576E7
7900.0,261.348499724,0.0017350804357339036,7900.0,82.50632911392405,63.00737460378234,-82.08168642951249,40.914920906370234,7900.0,2.5780144E7
8000.0,264.615572838,0.0017568705416593333,8000.0,82.66250000000001,63.144122557085765,-82.74044795783912,40.70115433946134,8000.0,2.5781184E7
8100.0,267.902104412,0.001778791040102748,8100.0,82.87654320987654,63.38503996954701,-82.74044795783922,40.70115433946131,8100.0,2.5781904E7
8200.0,271.180932439,0.001800660639249036,8200.0,83.08536585365853,63.61706524513872,-82.74044795783936,40.7011543394613,8200.0,2.5782472E7
8300.0,274.446664447,0.001822443402349789,8300.0,83.25301204819277,63.77483489871556,-83.13570487483518,40.57289439931597,8300.0,2.578308E7
8400.0,277.726207075,0.0018443268357578994,8400.0,83.45238095238095,63.99099885996169,-83.13570487483538,40.57289439931597,8400.0,2.579316E7
8500.0,280.984774131,0.0018660709392104428,8500.0,83.6470588235294,64.19960156868467,-83.13570487483528,40.57289439931592,8500.0,2.5793912E7
8600.0,284.27478906,0.0018880252657810668,8600.0,83.83720930232558,64.40103293586415,-83.13570487483538,40.57289439931594,8600.0,2.5794352E7
8700.0,287.516444942,0.0019096573410935964,8700.0,84.02298850574714,64.59565651679698,-83.13570487483528,40.57289439931598,8700.0,2.5794888E7
8800.0,290.781755117,0.0019314480085622628,8800.0,84.20454545454545,64.82054075476505,-82.1756225425951,40.72494669509595,8800.0,2.5795768E7
8900.0,294.103911157,0.001953618889739996,8900.0,84.35955056179776,64.99785870117442,-81.96078431372543,40.791152700978316,8900.0,2.5796768E7
9000.0,297.362168427,0.001975364547176797,9000.0,84.4888888888889,65.09165884581645,-82.483660130719,40.62101233517653,9000.0,2.5798208E7
9100.0,300.640117649,0.001997243141839793,9100.0,84.65934065934066,65.26375467651152,-82.48366013071895,40.6210123351765,9100.0,2.5799992E7
9200.0,303.914088135,0.0020190958513303043,9200.0,84.76086956521739,65.30709743992178,-83.26797385620907,40.365801786473824,9200.0,2.5800784E7
9300.0,307.198541571,0.002041020352907195,9300.0,84.75268817204301,65.28100288443008,-82.26221079691524,40.47019311502938,9300.0,2.5802928E7
9324.0,308.721136904,0.002051184076941715,9324.0,84.78120978120978,65.32283513106117,-81.45780051150899,40.552995391705046,9324.0,2.5803032E7
