learning evaluation instances,evaluation time (cpu seconds),model cost (RAM-Hours),classified instances,classifications correct (percent),Kappa Statistic (percent),Kappa Temporal Statistic (percent),Kappa M Statistic (percent),model training instances,model serialized size (bytes)
100.0,0.149463587,1.6263989270739258E-8,100.0,52.0,2.399349328995533,4.0000000000000036,-6.666666666666673,100.0,420624.0
200.0,0.320136221,3.486199511971325E-8,200.0,51.5,2.1388216303470644,2.020202020202022,-3.1914893617021307,200.0,421216.0
300.0,0.386918188,4.214288303058802E-8,300.0,55.333333333333336,9.654800431499453,11.842105263157896,0.7407407407407333,300.0,421432.0
400.0,0.446177416,4.860924771789669E-8,400.0,58.5,13.799818252628851,19.024390243902438,4.046242774566465,400.0,421800.0
500.0,0.506236415,5.516623944415608E-8,500.0,59.599999999999994,14.97600808148834,19.521912350597606,6.912442396313369,500.0,422016.0
600.0,0.547370053,5.96582307925303E-8,600.0,60.333333333333336,16.039510818438394,20.401337792642146,9.160305343511459,600.0,422128.0
700.0,0.587272284,6.401764595004006E-8,700.0,61.0,18.03770865858051,21.999999999999996,12.218649517684884,700.0,422312.0
800.0,0.669465216,7.300099463032767E-8,800.0,61.375,18.86782544767107,23.325062034739457,13.687150837988831,800.0,422480.0
900.0,0.704126719,7.679487768321196E-8,900.0,61.22222222222222,19.67573649754501,22.787610619469028,15.29126213592232,900.0,423096.0
1000.0,0.736675292,8.035957772462112E-8,1000.0,62.3,21.60532335204824,24.448897795591183,17.505470459518595,1000.0,423344.0
1100.0,1.080304856,1.1806906470903299E-7,1100.0,62.090909090909086,22.980569678489626,24.181818181818173,19.49806949806949,1100.0,424192.0
1200.0,1.15549185,1.2632559510161688E-7,1200.0,61.5,22.11557913192025,22.48322147651007,18.66197183098592,1200.0,424480.0
1300.0,1.206092216,1.3188721393454614E-7,1300.0,60.46153846153847,20.092416313488393,21.04454685099847,16.28664495114008,1300.0,424864.0
1400.0,1.236547249,1.3523763185927646E-7,1400.0,59.14285714285714,17.464570986859044,19.322990126939352,12.937595129375953,1400.0,425248.0
1500.0,1.267299939,1.386247416629746E-7,1500.0,58.666666666666664,16.840288644675542,18.528252299605786,12.552891396332866,1500.0,425744.0
1600.0,1.298920388,1.4210965170685826E-7,1600.0,57.8125,15.085794796960695,16.356877323420075,10.0,1600.0,426016.0
1700.0,1.331900627,1.4574579020400224E-7,1700.0,57.11764705882353,13.646055437100216,14.536928487690503,8.646616541353373,1700.0,426176.0
1800.0,1.376689076,1.506853837003435E-7,1800.0,56.166666666666664,11.845545350941869,12.721238938053094,7.719298245614027,1800.0,426312.0
1900.0,1.431462393,1.5672754083338507E-7,1900.0,55.63157894736842,10.834372494878428,11.820083682008365,6.437291897891242,1900.0,426408.0
2000.0,1.486363245,1.6278683443847425E-7,2000.0,55.05,9.680556504406473,10.368893320039877,5.8638743455497435,2000.0,426624.0
2100.0,1.544218571,1.6917292566101379E-7,2100.0,54.57142857142857,8.722026358257617,9.315589353612161,5.45094152626363,2100.0,426672.0
2200.0,1.580823717,1.732140963687686E-7,2200.0,54.45454545454545,8.322430229144022,9.729729729729728,4.843304843304845,2200.0,426744.0
2300.0,1.610960553,1.7654179597685117E-7,2300.0,54.086956521739125,7.599879478103673,8.808290155440407,4.520795660036163,2300.0,426824.0
2400.0,1.645054538,1.8030813615424355E-7,2400.0,53.87499999999999,7.160079672921681,8.13278008298754,4.321521175453745,2400.0,427016.0
2500.0,1.683715532,1.8458611198087952E-7,2500.0,53.64,6.737675854601529,7.428115015974443,4.2148760330578465,2500.0,427728.0
2600.0,1.717129954,1.8828512660309678E-7,2600.0,53.230769230769226,6.120238310164273,6.31741140215716,3.949447077409149,2600.0,427912.0
2700.0,1.746743992,1.9156496661700314E-7,2700.0,52.96296296296297,5.595861084681261,5.9259259259259345,3.348554033485554,2700.0,428112.0
2800.0,1.782892102,1.9557041904749976E-7,2800.0,53.142857142857146,5.765162969115631,6.084466714387975,3.173431734317341,2800.0,428320.0
2900.0,1.81284802,1.9889004516133424E-7,2900.0,53.103448275862064,5.619786534164239,6.464924346629974,3.0648610121168827,2900.0,428360.0
3000.0,1.842008077,2.0212207981441798E-7,3000.0,53.13333333333333,5.572815716551896,6.702057067020574,2.9675638371290494,3000.0,428440.0
3100.0,1.873612463,2.0562529999048146E-7,3100.0,53.16129032258065,5.567315700807917,6.803594351732989,3.0060120240480983,3100.0,428472.0
3200.0,1.902537626,2.0883177843424188E-7,3200.0,53.1875,5.491940317340146,6.840796019900496,2.853437094682239,3200.0,428504.0
3300.0,1.931644815,2.120586762028416E-7,3300.0,53.18181818181819,5.443740277313101,6.871609403254984,2.8912633563796537,3300.0,428536.0
3400.0,1.963965887,2.15642007083212E-7,3400.0,52.970588235294116,5.119756507898828,6.491228070175429,2.8554070473876005,3400.0,428552.0
3500.0,1.999561616,2.1958853574615808E-7,3500.0,53.08571428571428,5.204186257031742,6.492027334851927,2.8402366863905253,3500.0,428568.0
3600.0,2.028765988,2.2282657012107893E-7,3600.0,52.916666666666664,4.949303179634283,5.9900166389351135,2.8096330275229393,3600.0,428584.0
3700.0,2.058372144,2.2610927483804118E-7,3700.0,52.810810810810814,4.7535921969953385,6.179473401397111,2.729805013927594,3700.0,428600.0
3800.0,2.088194407,2.2941612647137717E-7,3800.0,52.57894736842105,4.449604268762345,5.5060304142632255,2.6997840172786036,3800.0,428624.0
3900.0,2.118129215,2.3273576746102844E-7,3900.0,52.53846153846153,4.3423021452320745,5.125576627370573,2.6301946344029363,3900.0,428664.0
4000.0,2.149824179,2.3625073334529176E-7,4000.0,52.5,4.193790749154131,4.71414242728186,2.4640657084188935,4000.0,428680.0
4100.0,2.192517617,2.4098551640338375E-7,4100.0,52.390243902439025,4.021889609822698,4.687500000000004,2.400000000000002,4100.0,428688.0
4200.0,2.230322412,2.451782179435778E-7,4200.0,52.40476190476191,4.0050381404980975,4.536771728748812,2.3925781250000098,4200.0,428696.0
4300.0,2.264968742,2.4902070490633664E-7,4300.0,52.372093023255815,3.94440503209853,4.47761194029852,2.3832221163012433,4300.0,428704.0
4400.0,2.306363902,2.5361193483594606E-7,4400.0,52.34090909090909,3.860060058808465,4.46469248291573,2.328830926874707,4400.0,428728.0
4500.0,2.33540335,2.568328852686142E-7,4500.0,52.24444444444445,3.669724770642213,4.361370716510906,2.1847974510696497,4500.0,428744.0
4600.0,2.364687327,2.6008101857891316E-7,4600.0,51.97826086956522,3.372004564473184,3.8729329852045233,2.126716880815247,4600.0,428752.0
4700.0,2.393234792,2.632475772844732E-7,4700.0,52.0,3.348246026624093,3.8772901576480745,2.0833333333333317,4700.0,428768.0
4800.0,2.421351821,2.663664491060046E-7,4800.0,52.041666666666664,3.34229089687604,3.9232053422370523,2.0425531914893633,4800.0,428776.0
4900.0,2.450437129,2.695927871394324E-7,4900.0,51.91836734693878,3.191874034384147,3.7581699346405233,1.9966722129783707,4900.0,428784.0
5000.0,2.480116442,2.7288532332598135E-7,5000.0,51.88,3.0732936710003,3.7214885954381876,1.8760195758564409,5000.0,428824.0
5100.0,2.511996351,2.7642211915477287E-7,5100.0,51.86274509803922,2.9750745791208364,4.0265832681782765,1.7607042817126926,5100.0,428840.0
5200.0,2.545016185,2.800855846618365E-7,5200.0,51.84615384615384,2.901515224957094,3.877159309021104,1.6882606988613906,5200.0,428864.0
5300.0,2.57961766,2.839248872198227E-7,5300.0,51.735849056603776,2.77512636996111,3.689759036144591,1.6532103037293369,5300.0,428904.0
5400.0,2.608935026,2.871779981693729E-7,5400.0,51.629629629629626,2.6560875349852933,3.366629670736206,1.6195856873822947,5400.0,428920.0
5500.0,2.638732104,2.904844005472565E-7,5500.0,51.69090909090909,2.6722295602024864,3.311499272197959,1.592592592592596,5500.0,428928.0
5600.0,2.668454366,2.937825625573492E-7,5600.0,51.67857142857143,2.6313114457684925,3.288062902072915,1.5642051655147315,5600.0,428936.0
5700.0,2.700489324,2.973373553073262E-7,5700.0,51.578947368421055,2.5464781194171073,3.157894736842115,1.5691868758916019,5700.0,428936.0
5800.0,2.729236727,3.005277575354465E-7,5800.0,51.44827586206897,2.463261289151335,2.9968997588701476,1.6072676450035042,5800.0,428992.0
5900.0,2.757682748,3.0368477109935143E-7,5900.0,51.52542372881356,2.492097202331026,3.050847457627115,1.5829318651066733,5900.0,429000.0
5931.0,2.774171436,3.055147286764409E-7,5931.0,51.509020401281404,2.4712500540315814,3.0670711156049912,1.5742642026009515,5931.0,429000.0
