learning evaluation instances,evaluation time (cpu seconds),model cost (RAM-Hours),classified instances,classifications correct (percent),Kappa Statistic (percent),Kappa Temporal Statistic (percent),Kappa M Statistic (percent),model training instances,model serialized size (bytes)
100.0,0.174885319,1.903027358647436E-8,100.0,52.0,2.399349328995533,4.0000000000000036,-6.666666666666673,100.0,420624.0
200.0,0.342991298,3.734859391361889E-8,200.0,51.5,2.1388216303470644,2.020202020202022,-3.1914893617021307,200.0,421216.0
300.0,0.424567012,4.6242366537650427E-8,300.0,55.333333333333336,9.654800431499453,11.842105263157896,0.7407407407407333,300.0,421432.0
400.0,0.490549881,5.344241467308874E-8,400.0,58.5,13.799818252628851,19.024390243902438,4.046242774566465,400.0,421800.0
500.0,0.554366849,6.040968582542613E-8,500.0,59.599999999999994,14.97600808148834,19.521912350597606,6.912442396313369,500.0,422016.0
600.0,0.616561082,6.720159556496267E-8,600.0,60.333333333333336,16.039510818438394,20.401337792642146,9.160305343511459,600.0,422128.0
700.0,0.685764448,7.476223052522581E-8,700.0,61.0,18.03770865858051,21.999999999999996,12.218649517684884,700.0,422312.0
800.0,0.754252193,8.224765875720108E-8,800.0,61.375,18.86782544767107,23.325062034739457,13.687150837988831,800.0,422480.0
900.0,0.788531755,8.599973636711015E-8,900.0,61.22222222222222,19.67573649754501,22.787610619469028,15.29126213592232,900.0,423096.0
1000.0,0.82337094,8.981530285022945E-8,1000.0,62.3,21.60532335204824,24.448897795591183,17.505470459518595,1000.0,423344.0
1100.0,1.141097971,1.2468227762568948E-7,1100.0,62.090909090909086,22.980569678489626,24.181818181818173,19.49806949806949,1100.0,424192.0
1200.0,1.226086805,1.3401518021455034E-7,1200.0,61.5,22.11557913192025,22.48322147651007,18.66197183098592,1200.0,424480.0
1300.0,1.285139334,1.4050579843297392E-7,1300.0,60.46153846153847,20.092416313488393,21.04454685099847,16.28664495114008,1300.0,424864.0
1400.0,1.338864742,1.4641623596153117E-7,1400.0,59.14285714285714,17.464570986859044,19.322990126939352,12.937595129375953,1400.0,425248.0
1500.0,1.381885124,1.5115451276369185E-7,1500.0,58.666666666666664,16.840288644675542,18.528252299605786,12.552891396332866,1500.0,425744.0
1600.0,1.416202005,1.549365983144587E-7,1600.0,57.8125,15.085794796960695,16.356877323420075,10.0,1600.0,426016.0
1700.0,1.449219357,1.5857682859541434E-7,1700.0,57.11764705882353,13.646055437100216,14.536928487690503,8.646616541353373,1700.0,426176.0
1800.0,1.482492286,1.6224640741232368E-7,1800.0,56.166666666666664,11.845545350941869,12.721238938053094,7.719298245614027,1800.0,426312.0
1900.0,1.51460557,1.6578888974885974E-7,1900.0,55.63157894736842,10.834372494878428,11.820083682008365,6.437291897891242,1900.0,426408.0
2000.0,1.547319387,1.6939944614143007E-7,2000.0,55.05,9.680556504406473,10.368893320039877,5.8638743455497435,2000.0,426624.0
2100.0,1.582939886,1.7333124934320235E-7,2100.0,54.57142857142857,8.722026358257617,9.315589353612161,5.45094152626363,2100.0,426672.0
2200.0,1.621808134,1.776222641988554E-7,2200.0,54.45454545454545,8.322430229144022,9.729729729729728,4.843304843304845,2200.0,426744.0
2300.0,1.65444723,1.8122626254053165E-7,2300.0,54.086956521739125,7.599879478103673,8.808290155440407,4.520795660036163,2300.0,426824.0
2400.0,1.705928779,1.8691339551701107E-7,2400.0,53.87499999999999,7.160079672921681,8.13278008298754,4.321521175453745,2400.0,427016.0
2500.0,1.772426485,1.942716020544515E-7,2500.0,53.64,6.737675854601529,7.428115015974443,4.2148760330578465,2500.0,427728.0
2600.0,1.832110113,2.0087864773906563E-7,2600.0,53.230769230769226,6.120238310164273,6.31741140215716,3.949447077409149,2600.0,427912.0
2700.0,1.886619288,2.0691569588798824E-7,2700.0,52.96296296296297,5.595861084681261,5.9259259259259345,3.348554033485554,2700.0,428112.0
2800.0,1.929320159,2.1164723807736612E-7,2800.0,53.142857142857146,5.765162969115631,6.084466714387975,3.173431734317341,2800.0,428320.0
2900.0,1.960245835,2.1507432990067744E-7,2900.0,53.103448275862064,5.619786534164239,6.464924346629974,3.0648610121168827,2900.0,428360.0
3000.0,1.991189455,2.1850405063585483E-7,3000.0,53.13333333333333,5.572815716551896,6.702057067020574,2.9675638371290494,3000.0,428440.0
3100.0,2.024429503,2.2218857742295704E-7,3100.0,53.16129032258065,5.567315700807917,6.803594351732989,3.0060120240480983,3100.0,428472.0
3200.0,2.054924204,2.255690458893031E-7,3200.0,53.1875,5.491940317340146,6.840796019900496,2.853437094682239,3200.0,428504.0
3300.0,2.08751672,2.291823359652857E-7,3300.0,53.18181818181819,5.443740277313101,6.871609403254984,2.8912633563796537,3300.0,428536.0
3400.0,2.118383226,2.326044039003758E-7,3400.0,52.970588235294116,5.119756507898828,6.491228070175429,2.8554070473876005,3400.0,428552.0
3500.0,2.150748614,2.3619278191700163E-7,3500.0,53.08571428571428,5.204186257031742,6.492027334851927,2.8402366863905253,3500.0,428568.0
3600.0,2.181889662,2.396455452188477E-7,3600.0,52.916666666666664,4.949303179634283,5.9900166389351135,2.8096330275229393,3600.0,428584.0
3700.0,2.212610834,2.430518819359483E-7,3700.0,52.810810810810814,4.7535921969953385,6.179473401397111,2.729805013927594,3700.0,428600.0
3800.0,2.243343459,2.4645967936493456E-7,3800.0,52.57894736842105,4.449604268762345,5.5060304142632255,2.6997840172786036,3800.0,428624.0
3900.0,2.281180384,2.506556310193551E-7,3900.0,52.53846153846153,4.3423021452320745,5.125576627370573,2.6301946344029363,3900.0,428664.0
4000.0,2.31848205,2.547923791606745E-7,4000.0,52.5,4.193790749154131,4.71414242728186,2.4640657084188935,4000.0,428680.0
4100.0,2.354324904,2.5876741949059274E-7,4100.0,52.390243902439025,4.021889609822698,4.687500000000004,2.400000000000002,4100.0,428688.0
4200.0,2.383823652,2.620389475116651E-7,4200.0,52.40476190476191,4.0050381404980975,4.536771728748812,2.3925781250000098,4200.0,428696.0
4300.0,2.412868979,2.6526024945985317E-7,4300.0,52.372093023255815,3.94440503209853,4.47761194029852,2.3832221163012433,4300.0,428704.0
4400.0,2.443747279,2.686850308868475E-7,4400.0,52.34090909090909,3.860060058808465,4.46469248291573,2.328830926874707,4400.0,428728.0
4500.0,2.47373756,2.7201144427331367E-7,4500.0,52.24444444444445,3.669724770642213,4.361370716510906,2.1847974510696497,4500.0,428744.0
4600.0,2.503643369,2.753285502246104E-7,4600.0,51.97826086956522,3.372004564473184,3.8729329852045233,2.126716880815247,4600.0,428752.0
4700.0,2.533627233,2.786544380249993E-7,4700.0,52.0,3.348246026624093,3.8772901576480745,2.0833333333333317,4700.0,428768.0
4800.0,2.565974071,2.822424999626187E-7,4800.0,52.041666666666664,3.34229089687604,3.9232053422370523,2.0425531914893633,4800.0,428776.0
4900.0,2.596941096,2.856775707048508E-7,4900.0,51.91836734693878,3.191874034384147,3.7581699346405233,1.9966722129783707,4900.0,428784.0
5000.0,2.626334025,2.8893833628797483E-7,5000.0,51.88,3.0732936710003,3.7214885954381876,1.8760195758564409,5000.0,428824.0
5100.0,2.659823622,2.926537128587646E-7,5100.0,51.86274509803922,2.9750745791208364,4.0265832681782765,1.7607042817126926,5100.0,428840.0
5200.0,2.698978834,2.969978827471948E-7,5200.0,51.84615384615384,2.901515224957094,3.877159309021104,1.6882606988613906,5200.0,428864.0
5300.0,2.7418777,3.0175784532013445E-7,5300.0,51.735849056603776,2.77512636996111,3.689759036144591,1.6532103037293369,5300.0,428904.0
5400.0,2.78976655,3.0707168361980876E-7,5400.0,51.629629629629626,2.6560875349852933,3.366629670736206,1.6195856873822947,5400.0,428920.0
5500.0,2.835740279,3.12173111581496E-7,5500.0,51.69090909090909,2.6722295602024864,3.311499272197959,1.592592592592596,5500.0,428928.0
5600.0,2.872878837,3.1629423066406195E-7,5600.0,51.67857142857143,2.6313114457684925,3.288062902072915,1.5642051655147315,5600.0,428936.0
5700.0,2.904462455,3.197989399970488E-7,5700.0,51.578947368421055,2.5464781194171073,3.157894736842115,1.5691868758916019,5700.0,428936.0
5800.0,2.936388518,3.233421116195536E-7,5800.0,51.44827586206897,2.463261289151335,2.9968997588701476,1.6072676450035042,5800.0,428992.0
5900.0,2.971471496,3.2723571197259337E-7,5900.0,51.52542372881356,2.492097202331026,3.050847457627115,1.5829318651066733,5900.0,429000.0
5931.0,2.988851728,3.2916461542688716E-7,5931.0,51.509020401281404,2.4712500540315814,3.0670711156049912,1.5742642026009515,5931.0,429000.0
