learning evaluation instances,evaluation time (cpu seconds),model cost (RAM-Hours),classified instances,classifications correct (percent),Kappa Statistic (percent),Kappa Temporal Statistic (percent),Kappa M Statistic (percent),model training instances,model serialized size (bytes)
1000.0,12.347735089,1.265307012963367E-5,1000.0,54.2,7.9789114990195085,10.546875000000009,3.1712473572938724,1000.0,3961056.0
2000.0,24.642737203,2.525210330220518E-5,2000.0,51.7,3.418833327501156,4.92125984251969,-0.10362694300516993,2000.0,3961056.0
3000.0,36.674105232,3.7580983240841626E-5,3000.0,51.366666666666674,2.7403360291392524,2.0805369127516946,-0.13726835964308715,3000.0,3961056.0
4000.0,48.555013373,4.975568271635356E-5,4000.0,51.65,3.299999999999992,3.1547320981472073,-0.051733057423711024,4000.0,3961056.0
5000.0,60.346569353,6.183882052883836E-5,5000.0,51.9,3.800646459655796,3.645833333333332,0.660883932259393,5000.0,3961056.0
6000.0,71.892433026,7.367019055003389E-5,6000.0,51.483333333333334,2.9542879469514625,3.0313124583611026,0.8177172061328798,6000.0,3961056.0
7000.0,82.93168205,8.498241834504033E-5,7000.0,51.47142857142857,2.925090453289491,3.1641961231470908,0.817518248175183,7000.0,3961056.0
8000.0,94.320193127,9.665254475208984E-5,8000.0,51.7,3.382343123205768,3.4482758620689635,1.6543649783660062,8000.0,3961056.0
9000.0,106.013300825,1.086347998514852E-4,9000.0,51.77777777777778,3.5486205822996566,4.067197170645445,2.449988761519435,9000.0,3961056.0
10000.0,117.26862795,1.201684489311017E-4,10000.0,51.54,3.072059663127601,4.020598138245194,2.0416413988275717,10000.0,3961056.0
11000.0,128.433874545,1.3160978996756785E-4,11000.0,51.590909090909086,3.1775932040670902,4.4671689989235706,2.2218141755416836,11000.0,3961056.0
12000.0,141.373544523,1.4486943236399449E-4,12000.0,51.59166666666667,3.1847210189987325,4.362858083635168,2.4025537634408645,12000.0,3961056.0
13000.0,154.944758086,1.5877623516784224E-4,13000.0,51.47692307692308,2.961464540168517,4.351781652767244,1.8210116731517525,13000.0,3961056.0
14000.0,167.08789856,1.712196514627377E-4,14000.0,51.50714285714286,3.0158532947794146,4.028837998303657,2.2462203023758276,14000.0,3961056.0
15000.0,178.275671138,1.826840755051627E-4,15000.0,51.49333333333333,2.9873289398344376,3.8837516512549555,2.309344790547812,15000.0,3961056.0
16000.0,190.005538996,1.9470399977053094E-4,16000.0,51.575,3.1506401137380036,4.108910891089118,2.393550012597647,16000.0,3961056.0
17000.0,201.349020688,2.0632798330504613E-4,17000.0,51.50588235294118,3.0127218260116138,4.172962919911667,2.043726235741452,17000.0,3961056.0
18000.0,212.565766719,2.178220972565973E-4,18000.0,51.477777777777774,2.955573526745633,4.085218537228202,2.3588596981553875,18000.0,3961056.0
19000.0,223.749301104,2.2928217830390092E-4,19000.0,51.38421052631579,2.7684081243312697,3.9812889812889796,1.9426751592356715,19000.0,3961056.0
20000.0,234.612366165,2.4041386545534094E-4,20000.0,51.355,2.709474631162994,3.7970928507861053,1.6776149570490093,20000.0,3961056.0
21000.0,245.450705119,2.5152021507211174E-4,21000.0,51.35238095238095,2.704107970467171,3.9488529522376754,1.7408867942675808,21000.0,3961056.0
22000.0,256.931617911,2.632850281056208E-4,22000.0,51.449999999999996,2.8985603307209344,3.904633378317584,1.8200202224469175,22000.0,3961056.0
23000.0,268.807693923,2.7545477596315E-4,23000.0,51.47826086956522,2.955808491840108,3.9008008266597805,1.9935013612013794,23000.0,3961056.0
24000.0,280.910420196,2.8785677869387356E-4,24000.0,51.520833333333336,3.041981780225891,4.120313143798937,2.1446593776282583,24000.0,3961056.0
25000.0,292.802970223,3.000434079361757E-4,25000.0,51.368,2.7362483727161724,3.8969251442573736,1.9120613150463983,25000.0,3961056.0
26000.0,303.760787157,3.1127218998682935E-4,26000.0,51.392307692307696,2.7858118669308753,3.973862168528233,1.7950112673867424,26000.0,3961056.0
27000.0,315.147862281,3.229408449326043E-4,27000.0,51.42962962962962,2.8594404817022454,3.9619187110948326,2.024654463952169,27000.0,3961056.0
28000.0,327.482727839,3.355807272932176E-4,28000.0,51.449999999999996,2.9006375861195055,3.922538695314151,1.890877598152422,28000.0,3961056.0
29000.0,338.907969149,3.4728849219920453E-4,29000.0,51.46551724137931,2.931102811875304,3.931472254453619,1.9710266053767915,29000.0,3961056.0
30000.0,350.417198246,3.5908232174387085E-4,30000.0,51.476666666666674,2.9532686355124222,3.8888155288525135,2.1049092131809157,30000.0,3961056.0
31000.0,361.703492809,3.7064770402491453E-4,31000.0,51.38064516129033,2.761041002294529,3.840755391093538,1.9579782735965798,31000.0,3961056.0
32000.0,372.728700059,3.819455428206522E-4,32000.0,51.296875,2.59378804930155,3.653560830860529,1.7153307687456547,32000.0,3961056.0
33000.0,383.493986666,3.92977033650523E-4,33000.0,51.32121212121212,2.6424986239129122,3.6699448308947065,1.7972857317520616,33000.0,3961056.0
34000.0,394.122438386,4.0386830593756694E-4,34000.0,51.27647058823529,2.5534145847955823,3.5683101461086144,1.6504393255758598,34000.0,3961056.0
35000.0,404.847403841,4.1485847855318335E-4,35000.0,51.31428571428571,2.628991117491344,3.690725145537775,1.7074296262113466,35000.0,3961056.0
36000.0,415.823499373,4.261059911953745E-4,36000.0,51.26111111111111,2.522569711209826,3.662219293910949,1.5652173913043548,36000.0,3961056.0
37000.0,427.245218789,4.3781014711789606E-4,37000.0,51.35135135135135,2.7027425028956853,3.820464867753133,1.896664486592534,37000.0,3961056.0
38000.0,438.554419337,4.493990018035957E-4,38000.0,51.352631578947374,2.7052866056511604,3.7388044157467264,1.8841887373281745,38000.0,3961056.0
39000.0,449.911190767,4.610366037050184E-4,39000.0,51.366666666666674,2.73304325909548,3.8038241111731077,1.7406620732528775,39000.0,3961056.0
40000.0,461.23333183,4.7263871889903215E-4,40000.0,51.4,2.7997142311598524,3.8147543416951146,1.7983430996160878,40000.0,3961056.0
41000.0,472.362697609,4.840432918579615E-4,41000.0,51.43658536585366,2.872793085410826,3.816240761315882,1.848565513161788,41000.0,3961056.0
42000.0,483.598655738,4.955570929846569E-4,42000.0,51.4547619047619,2.9086642980168187,3.861750282912101,1.7870905587668646,42000.0,3961056.0
43000.0,495.008064731,5.072486340717919E-4,43000.0,51.437209302325584,2.8728815903273817,3.7873203096203434,1.7178895844119104,43000.0,3961056.0
44000.0,505.745360634,5.182514420429735E-4,44000.0,51.438636363636355,2.875472712789726,3.6871760198332124,1.7428492596339475,44000.0,3961056.0
45000.0,516.187953179,5.289522592256148E-4,45000.0,51.48666666666667,2.9713047867454043,3.7179147922730973,1.8919647672119373,45000.0,3961056.0
46000.0,526.778797302,5.398049939542468E-4,46000.0,51.4695652173913,2.9366027497910756,3.593021247192943,1.8380089701873077,46000.0,3961056.0
47000.0,537.281742557,5.5056765624991E-4,47000.0,51.457446808510646,2.912464714554094,3.5265761765825334,1.8118436908246025,47000.0,3961056.0
48000.0,547.643353487,5.611854893025533E-4,48000.0,51.46666666666667,2.9311304092651183,3.37619245126505,1.9033181741620493,48000.0,3961056.0
49000.0,558.248642812,5.720530264344296E-4,49000.0,51.47551020408163,2.9486775948993764,3.3140858815875043,1.970727685013396,49000.0,3961056.0
50000.0,568.608906373,5.826694788003054E-4,50000.0,51.478,2.953273996285249,3.2501196363056386,1.9361358124494812,50000.0,3961056.0
51000.0,578.682015207,5.929916756713395E-4,51000.0,51.55294117647059,3.102828583262065,3.393806693775418,2.049554013875132,51000.0,3961056.0
52000.0,588.84318869,6.034041148557782E-4,52000.0,51.54615384615384,3.089134434897498,3.4006824368362465,2.071592366590225,52000.0,3961056.0
53000.0,598.98949606,6.138013203176769E-4,53000.0,51.62264150943396,3.241761969707562,3.58364983266273,2.2456060086164196,53000.0,3961056.0
54000.0,608.98055103,6.240394342951183E-4,54000.0,51.657407407407405,3.311114375982288,3.5755180438074787,2.341850286184581,54000.0,3961056.0
55000.0,619.004304488,6.34311055329426E-4,55000.0,51.67454545454545,3.3445219966576305,3.580497714575915,2.3405349794238592,55000.0,3961056.0
56000.0,629.007323004,6.445614286876726E-4,56000.0,51.68928571428572,3.373931405318308,3.7258460553005213,2.402597402597404,56000.0,3961056.0
57000.0,638.963321984,6.547636198098911E-4,57000.0,51.743859649122804,3.4845842256327626,3.828537463725041,2.654303510758763,57000.0,3961056.0
58000.0,649.178575007,6.652314758142782E-4,58000.0,51.77931034482759,3.5549877746227114,3.946148298245021,2.703078796312417,58000.0,3961056.0
59000.0,659.148280049,6.754477119222724E-4,59000.0,51.77627118644068,3.5484070073683074,3.826392644672807,2.681625393350675,59000.0,3961056.0
60000.0,668.623943834,6.851576901111667E-4,60000.0,51.77333333333334,3.5421112821088245,3.8255725063981227,2.6772501009014045,60000.0,3961056.0
61000.0,678.083336184,6.948509945046904E-4,61000.0,51.74098360655738,3.4775068934037487,3.6367802546728223,2.6360178600959103,61000.0,3961056.0
62000.0,687.557272277,7.045592022791823E-4,62000.0,51.78225806451613,3.5590997832814892,3.7291082987150954,2.688714560072924,62000.0,3961056.0
63000.0,697.043884381,7.142803995173282E-4,63000.0,51.84444444444445,3.6828011759896904,3.887216854110577,2.7970907692800706,63000.0,3961056.0
64000.0,706.51142457,7.239820532297779E-4,64000.0,51.9,3.794363326779454,3.962064016971359,2.944700170250345,64000.0,3961056.0
65000.0,716.007304039,7.337127469965111E-4,65000.0,51.92153846153846,3.8364699764508354,4.04679296263318,2.950218937300078,65000.0,3961056.0
66000.0,725.496377395,7.434364663485457E-4,66000.0,51.91969696969697,3.8325062627717927,4.0806456488226575,2.957186544342516,66000.0,3961056.0
67000.0,734.971874651,7.531462738905076E-4,67000.0,51.952238805970154,3.897659804930302,4.096285041856591,3.0244607784070454,67000.0,3961056.0
68000.0,744.421481692,7.628295510037144E-4,68000.0,51.96176470588235,3.9182473257230046,4.163121607745335,3.1286142166602393,68000.0,3961056.0
69000.0,753.903365266,7.725459027846757E-4,69000.0,51.96666666666667,3.9294436966114223,4.133402753673509,3.2179880274492847,69000.0,3961056.0
70000.0,763.357090262,7.822333996817561E-4,70000.0,52.01,4.014812568694925,4.206113835975819,3.2348196796865984,70000.0,3961056.0
71000.0,772.836603566,7.919473225806334E-4,71000.0,52.05492957746479,4.105329867609644,4.38189938484875,3.380449591280659,71000.0,3961056.0
72000.0,782.264381537,8.016082308341598E-4,72000.0,52.05416666666667,4.104105478687369,4.421618029791246,3.3972296068280388,72000.0,3961056.0
73000.0,791.748446979,8.113268184363967E-4,73000.0,52.084931506849315,4.166640394437746,4.50735755821891,3.519611629061619,73000.0,3961056.0
74000.0,801.260826483,8.210744202513259E-4,74000.0,52.1,4.198271510084967,4.4942609257961985,3.6426901538628895,74000.0,3961056.0
75000.0,810.950316748,8.310035124257011E-4,75000.0,52.10666666666667,4.211976464050599,4.432501463310813,3.684238751541804,75000.0,3961056.0
76000.0,820.441445376,8.407293378725429E-4,76000.0,52.1342105263158,4.267880073338938,4.499632468759858,3.7924468422723074,76000.0,3961056.0
77000.0,829.927537477,8.504500022490441E-4,77000.0,52.15324675324675,4.306040295768505,4.544512384703079,3.8419376729132897,77000.0,3961056.0
78000.0,839.397031286,8.601536578906483E-4,78000.0,52.15512820512821,4.310170220205922,4.528128117884836,3.8715161506362463,78000.0,3961056.0
79000.0,848.933645396,8.699260935854002E-4,79000.0,52.14810126582279,4.295794627165049,4.549930564322689,3.809160305343516,79000.0,3961056.0
80000.0,858.472853866,8.797011877935382E-4,80000.0,52.1375,4.275806476330453,4.518477881402435,3.7480204117543714,80000.0,3961056.0
81000.0,867.97298657,8.894362399693517E-4,81000.0,52.15555555555555,4.3120955545724895,4.549149035738037,3.778925414638986,81000.0,3961056.0
82000.0,877.521807138,8.992211839636416E-4,82000.0,52.19268292682927,4.386452867637885,4.604078454275568,3.8506818404787633,82000.0,3961056.0
83000.0,886.98781647,9.089212689640287E-4,83000.0,52.20843373493976,4.418508990762712,4.722215550164544,3.849230396315612,83000.0,3961056.0
84000.0,896.482737317,9.18650980403938E-4,84000.0,52.24285714285715,4.488493215745017,4.794000379722812,3.8515926467416124,84000.0,3961056.0
85000.0,905.95725274,9.283597818341137E-4,85000.0,52.23882352941176,4.479997710229359,4.744362842863504,3.8691956145958994,85000.0,3961056.0
86000.0,915.451664086,9.38088971174072E-4,86000.0,52.259302325581395,4.520729671677964,4.762236140106695,3.931019959285849,86000.0,3961056.0
87000.0,924.913454377,9.477847328049288E-4,87000.0,52.235632183908045,4.473035623766457,4.779908801356518,3.9146318904920374,87000.0,3961056.0
88000.0,934.400780971,9.575066622009977E-4,88000.0,52.25909090909091,4.519101512290806,4.780036717209498,4.023027893907213,88000.0,3961056.0
89000.0,943.911780567,9.672528499855343E-4,89000.0,52.28089887640449,4.562896731355034,4.865373415169571,4.061624649859929,89000.0,3961056.0
90000.0,953.390120771,9.769655707759712E-4,90000.0,52.26777777777778,4.5369542659589746,4.762010330990762,4.019393181107299,90000.0,3961056.0
91000.0,962.936101462,9.867476046687257E-4,91000.0,52.26923076923077,4.539472283428355,4.810431733508657,4.051337559919598,91000.0,3961056.0
92000.0,972.452755378,9.964995865934005E-4,92000.0,52.28586956521739,4.572386919770458,4.824162005116867,4.113149847094801,92000.0,3961056.0
93000.0,981.909953936,0.0010061906429467916,93000.0,52.26559139784946,4.5316025078444016,4.821834398181895,4.091861645818475,93000.0,3961056.0
94000.0,991.526273868,0.0010160447554307067,94000.0,52.27978723404255,4.560349045750247,4.857148917216358,4.098430752127255,94000.0,3961056.0
95000.0,1001.078196297,0.0010258328779888775,95000.0,52.30315789473684,4.606258965456857,4.89862737690467,4.19890904477991,95000.0,3961056.0
96000.0,1010.593202741,0.0010355831717028317,96000.0,52.313541666666666,4.626764594655966,4.90246993082531,4.183934028213805,96000.0,3961056.0
97000.0,1020.072647733,0.0010452970246004885,97000.0,52.34123711340206,4.682886656426657,4.937281513469053,4.228299150611155,97000.0,3961056.0
98000.0,1029.671020197,0.0010551327458110551,98000.0,52.36122448979592,4.723023577933612,4.910687007352796,4.261340333032569,98000.0,3961056.0
99000.0,1039.300438176,0.0010650002802307388,99000.0,52.362626262626264,4.725610409338572,4.92308932927445,4.2824379452416395,99000.0,3961056.0
100000.0,1048.902241617,0.0010748395172595735,100000.0,52.347,4.694403714505873,4.891825003991693,4.251642588760063,100000.0,3961056.0
