learning evaluation instances,evaluation time (cpu seconds),model cost (RAM-Hours),classified instances,classifications correct (percent),Kappa Statistic (percent),Kappa Temporal Statistic (percent),Kappa M Statistic (percent),model training instances,model serialized size (bytes)
100.0,3.158116096,1.4615684672320155E-5,100.0,53.0,6.000000000000005,52.52525252525253,6.000000000000005,100.0,1.7889304E7
200.0,7.816969924,3.6206068451728584E-5,200.0,61.5,23.0,61.30653266331658,23.0,200.0,1.7913632E7
300.0,11.929657681,5.527637706893142E-5,300.0,66.66666666666666,33.33333333333333,66.5551839464883,33.33333333333333,300.0,1.7923976E7
400.0,15.806542719,7.326541306928862E-5,400.0,70.5,40.99999999999999,70.42606516290726,40.99999999999999,400.0,1.7936072E7
500.0,19.605311291,9.09055840147035E-5,500.0,72.2,44.39999999999999,72.1442885771543,44.39999999999999,500.0,1.7949912E7
600.0,23.409421998,1.0857897036631982E-4,600.0,73.83333333333333,47.66666666666666,73.78964941569282,47.66666666666666,600.0,1.7958456E7
700.0,27.260983646,1.264797025035567E-4,700.0,75.14285714285714,50.28571428571429,75.10729613733905,50.28571428571429,700.0,1.7965376E7
800.0,30.980923226,1.4378238137903988E-4,800.0,76.375,52.75000000000001,76.34543178973718,52.75000000000001,800.0,1.7979592E7
900.0,34.730595135,1.6122995151782212E-4,900.0,77.11111111111111,54.222222222222214,77.08565072302558,54.222222222222214,900.0,1.7986392E7
1000.0,38.531666777,1.7892721503822754E-4,1000.0,77.9,55.800000000000004,77.87787787787788,55.800000000000004,1000.0,1.7997096E7
1100.0,42.324429845,1.9659129750436996E-4,1100.0,78.27272727272727,56.54545454545455,78.25295723384895,56.54545454545455,1100.0,1.8002704E7
1200.0,46.028786086,2.138488166847848E-4,1200.0,79.08333333333334,58.16666666666668,79.06588824020018,58.16666666666668,1200.0,1.8008104E7
1300.0,49.798306491,2.3141643875545918E-4,1300.0,79.61538461538461,59.23076923076922,79.5996920708237,59.23076923076922,1300.0,1.8014696E7
1400.0,53.576264289,2.490269951103527E-4,1400.0,79.92857142857143,59.857142857142854,79.91422444603288,59.857142857142854,1400.0,1.8018488E7
1500.0,57.348215002,2.666137577418345E-4,1500.0,80.80000000000001,61.60000000000001,80.78719146097399,61.60000000000001,1500.0,1.80228E7
1600.0,61.16247519,2.84400985852416E-4,1600.0,80.8125,61.625,80.80050031269543,61.625,1600.0,1.802604E7
1700.0,64.964179333,3.021334452593603E-4,1700.0,81.0,62.000000000000014,80.98881695114774,62.000000000000014,1700.0,1.8029888E7
1800.0,68.73402614,3.1972058014140866E-4,1800.0,81.27777777777779,62.555555555555564,81.26737076153418,62.555555555555564,1800.0,1.803324E7
1900.0,72.552733698,3.3753928046380375E-4,1900.0,81.78947368421052,63.57894736842105,81.7798841495524,63.57894736842105,1900.0,1.8036904E7
2000.0,76.122246826,3.5419853885673984E-4,2000.0,81.95,63.9,81.94097048524263,63.9,2000.0,1.804052E7
2100.0,79.594743646,3.704079881758607E-4,2100.0,82.19047619047619,64.38095238095238,82.18199142448785,64.38095238095238,2100.0,1.8043832E7
2200.0,83.13387345,3.8693175117976154E-4,2200.0,82.4090909090909,64.81818181818181,82.40109140518418,64.81818181818181,2200.0,1.8047408E7
2300.0,86.588401694,4.030633296338343E-4,2300.0,82.73913043478261,65.4782608695652,82.7316224445411,65.4782608695652,2300.0,1.8050552E7
2400.0,90.276815142,4.202904994881992E-4,2400.0,82.95833333333333,65.91666666666667,82.95122967903293,65.91666666666667,2400.0,1.8054136E7
2500.0,93.8082545,4.3678697368499953E-4,2500.0,83.12,66.24000000000001,83.11324529811925,66.24000000000001,2500.0,1.805684E7
2600.0,97.604520036,4.5452301776104873E-4,2600.0,83.1923076923077,66.38461538461537,83.1858407079646,66.38461538461537,2600.0,1.8059368E7
2700.0,101.162557389,4.711484818802695E-4,2700.0,83.48148148148148,66.96296296296296,83.47536124490553,66.96296296296296,2700.0,1.8061992E7
2800.0,105.04846159,4.893089207128971E-4,2800.0,83.67857142857143,67.35714285714285,83.67274026438012,67.35714285714285,2800.0,1.8064944E7
2900.0,108.70748204,5.064119760816909E-4,2900.0,83.79310344827586,67.58620689655173,83.787512935495,67.58620689655173,2900.0,1.8068048E7
3000.0,112.430278651,5.23815369431695E-4,3000.0,84.0,68.0,83.9946648882961,68.0,3000.0,1.8070368E7
3100.0,116.40815619,5.42423165030078E-4,3100.0,83.25806451612904,66.51612903225808,83.07792631235735,66.16688396349414,3100.0,1.8081976E7
3200.0,120.215100067,5.602377534705399E-4,3200.0,83.03125,66.0625,82.66836897542291,65.34779834077857,3200.0,1.8088464E7
3300.0,124.029544001,5.78090248821648E-4,3300.0,82.66666666666667,65.33333333333333,82.125,64.25,3300.0,1.8091312E7
3400.0,127.862600669,5.960325930044585E-4,3400.0,82.52941176470588,65.05882352941177,81.81818181818183,63.64749082007345,3400.0,1.8094072E7
3500.0,131.905610708,6.149610066889258E-4,3500.0,82.19999999999999,64.39999999999999,81.3081308130813,62.62747450509897,3500.0,1.8097216E7
3600.0,135.53951193,6.319763186668866E-4,3600.0,81.83333333333334,63.66666666666667,80.76470588235294,61.52941176470589,3600.0,1.8099608E7
3700.0,139.371661144,6.499236309695549E-4,3700.0,81.86486486486486,63.729729729729726,80.6460917219498,61.3033448673587,3700.0,1.8103368E7
3800.0,143.224154607,6.679698344307701E-4,3800.0,81.78947368421052,63.57894736842105,80.41324653269176,60.83757781550649,3800.0,1.8106992E7
3900.0,147.200696678,6.866006072334294E-4,3900.0,81.64102564102565,63.282051282051285,80.11111111111111,60.222222222222236,3900.0,1.8110384E7
4000.0,151.06940836,7.047282581527492E-4,4000.0,81.45,62.9,79.76547586583038,59.541984732824424,4000.0,1.8112464E7
4100.0,154.721540314,7.218428485227142E-4,4100.0,81.3170731707317,62.634146341463406,79.48031074203054,58.971612212104965,4100.0,1.8114336E7
4200.0,158.3527566,7.38861580921739E-4,4200.0,81.11904761904762,62.23809523809525,79.13157894736842,58.26315789473685,4200.0,1.8116632E7
4300.0,162.230748852,7.570386891572185E-4,4300.0,81.0,62.000000000000014,78.87251099043186,57.755946225439516,4300.0,1.8118416E7
4400.0,166.058566867,7.749823928865537E-4,4400.0,80.84090909090908,61.68181818181817,78.56598016781082,57.14285714285713,4400.0,1.8120208E7
4500.0,169.762992242,7.923495229499772E-4,4500.0,80.75555555555556,61.51111111111112,78.35,56.7,4500.0,1.8122144E7
4600.0,173.66767028,8.106608295909908E-4,4600.0,80.56521739130434,61.13043478260869,78.00738007380075,56.39024390243902,4600.0,1.812744E7
4700.0,177.290022494,8.276512424118114E-4,4700.0,80.34042553191489,60.67621552128644,77.6379477250726,55.979037636969984,4700.0,1.8130744E7
4800.0,181.182473256,8.459117254163887E-4,4800.0,80.02083333333333,60.03696268414927,77.15578847070034,55.374592833876214,4800.0,1.8133912E7
4900.0,184.817567874,8.629672471542158E-4,4900.0,79.6938775510204,59.38775510204082,76.67057444314185,54.77272727272728,4900.0,1.8136424E7
5000.0,188.611977523,8.807724431345627E-4,5000.0,79.54,59.075206888230746,76.38504155124653,54.5131169408626,5000.0,1.8138648E7
5100.0,192.29164532,8.980419643120287E-4,5100.0,79.33333333333333,58.66185421355473,76.03456116416554,54.153979991300574,5100.0,1.8141536E7
5200.0,195.963913768,9.152787346935143E-4,5200.0,79.09615384615385,58.1923076923077,75.65509518477043,53.74468085106383,5200.0,1.8143616E7
5300.0,199.801902008,9.332968103305554E-4,5300.0,78.79245283018868,57.5799221695678,75.19858781994704,53.14714464360149,5300.0,1.8147096E7
5400.0,203.696609788,9.51583607638418E-4,5400.0,78.61111111111111,57.217198617560584,74.88038277511961,52.83789301755819,5400.0,1.814952E7
5500.0,207.514671342,9.69512235202762E-4,5500.0,78.45454545454545,56.90909090909091,74.59807073954984,52.6,5500.0,1.8151248E7
5600.0,211.302028763,9.87298479094935E-4,5600.0,78.21428571428571,56.42347453139608,74.21808960270498,52.138093369949004,5600.0,1.815308E7
5700.0,215.219935213,0.0010056997228775225,5700.0,78.05263157894737,56.10015029143438,73.92663609837433,51.866102347056575,5700.0,1.8154968E7
5800.0,219.155594015,0.0010241873009187504,5800.0,77.91379310344828,55.82758620689656,73.66906474820144,51.66037735849057,5800.0,1.8157872E7
5900.0,223.091924752,0.001042680723739412,5900.0,77.7457627118644,55.486430851494184,73.3779399837794,51.35235272323082,5900.0,1.8160512E7
5995.0,226.778508582,0.0010600037921370004,5995.0,77.71476230191826,55.42700326718308,73.25325325325325,51.36512559155442,5995.0,1.8163648E7
