learning evaluation instances,evaluation time (cpu seconds),model cost (RAM-Hours),classified instances,classifications correct (percent),Kappa Statistic (percent),Kappa Temporal Statistic (percent),Kappa M Statistic (percent),model training instances,model serialized size (bytes)
100.0,2.222561265,1.0285683622687837E-5,100.0,53.0,6.000000000000005,52.52525252525253,6.000000000000005,100.0,1.7888824E7
200.0,5.389578937,2.5003357355235827E-5,200.0,54.50000000000001,9.000000000000007,54.2713567839196,9.000000000000007,200.0,1.7963504E7
300.0,8.064423893,3.744100018083488E-5,300.0,56.00000000000001,12.00000000000001,55.85284280936455,12.00000000000001,300.0,1.797388E7
400.0,10.66353148,4.9534597659450654E-5,400.0,57.49999999999999,14.999999999999991,57.393483709273184,14.999999999999991,400.0,1.798596E7
500.0,13.184996949,6.127596619731088E-5,500.0,60.6,21.199999999999996,60.52104208416833,21.199999999999996,500.0,1.7999816E7
600.0,15.636868358,7.269867477019194E-5,600.0,60.5,20.999999999999996,60.43405676126877,20.999999999999996,600.0,1.8008344E7
700.0,18.174524183,8.452557626723001E-5,700.0,61.857142857142854,23.714285714285708,61.80257510729613,23.714285714285708,700.0,1.8015264E7
800.0,20.715673149,9.637809280153732E-5,800.0,63.24999999999999,26.49999999999999,63.204005006257816,26.49999999999999,800.0,1.8029464E7
900.0,23.042470582,1.0723491658410589E-4,900.0,63.0,26.0,62.95884315906564,26.0,900.0,1.8036264E7
1000.0,25.733468187,1.197985480569852E-4,1000.0,64.1,28.200000000000003,64.06406406406407,28.200000000000003,1000.0,1.8046968E7
1100.0,28.074522004,1.307317129807258E-4,1100.0,64.9090909090909,29.81818181818181,64.87716105550501,29.81818181818181,1100.0,1.805248E7
1200.0,30.507746591,1.4209873204097355E-4,1200.0,65.16666666666666,30.33333333333332,65.13761467889908,30.33333333333332,1200.0,1.805788E7
1300.0,32.752420882,1.5258880580329572E-4,1300.0,65.46153846153845,30.92307692307692,65.43494996150885,30.92307692307692,1300.0,1.8064568E7
1400.0,35.078223156,1.6346029791624382E-4,1400.0,65.78571428571428,31.571428571428562,65.76125804145818,31.571428571428562,1400.0,1.806836E7
1500.0,37.470242898,1.7464397852435975E-4,1500.0,66.0,32.00000000000001,65.97731821214143,32.00000000000001,1500.0,1.8072672E7
1600.0,39.817539722,1.8562052849406215E-4,1600.0,66.75,33.5,66.729205753596,33.5,1600.0,1.8075912E7
1700.0,42.135543153,1.964624027217289E-4,1700.0,67.23529411764706,34.470588235294116,67.2160094173043,34.470588235294116,1700.0,1.807976E7
1800.0,44.544039942,2.0772962528596366E-4,1800.0,67.16666666666666,34.33333333333333,67.14841578654807,34.33333333333333,1800.0,1.8083112E7
1900.0,46.862838568,2.1857942755897103E-4,1900.0,67.3157894736842,34.63157894736841,67.29857819905213,34.63157894736841,1900.0,1.8086776E7
2000.0,49.12405804,2.291619286914554E-4,2000.0,67.15,34.3,67.1335667833917,34.3,2000.0,1.8090392E7
2100.0,51.508324073,2.4032233028223345E-4,2100.0,67.28571428571428,34.57142857142856,67.27012863268223,34.57142857142856,2100.0,1.8093704E7
2200.0,53.810733249,2.511017018534021E-4,2200.0,67.72727272727272,35.45454545454545,67.71259663483401,35.45454545454545,2200.0,1.809728E7
2300.0,56.096784001,2.6180634626497644E-4,2300.0,68.13043478260869,36.26086956521739,68.11657242279252,36.26086956521739,2300.0,1.8100424E7
2400.0,58.590865616,2.7348742693419616E-4,2400.0,68.33333333333333,36.66666666666667,68.32013338891205,36.66666666666667,2400.0,1.8104008E7
2500.0,60.993490201,2.8474184749112993E-4,2500.0,68.92,37.84,68.90756302521008,37.84,2500.0,1.8106712E7
2600.0,63.257651773,2.9534915767543996E-4,2600.0,69.07692307692308,38.15384615384616,69.06502500961909,38.15384615384616,2600.0,1.810924E7
2700.0,65.57528029,3.062085270022434E-4,2700.0,69.2962962962963,38.5925925925926,69.28492034086699,38.5925925925926,2700.0,1.8111864E7
2800.0,67.841445635,3.1682849358718714E-4,2800.0,69.75,39.5,69.73919256877457,39.5,2800.0,1.8114816E7
2900.0,70.268955698,3.282065217897379E-4,2900.0,69.89655172413794,39.79310344827587,69.88616764401519,39.79310344827587,2900.0,1.811792E7
3000.0,72.632311014,3.3928526751954416E-4,3000.0,69.93333333333334,39.866666666666674,69.92330776925643,39.866666666666674,3000.0,1.812024E7
3100.0,75.520429401,3.528326281059319E-4,3100.0,69.6774193548387,39.35483870967742,69.3511574828823,38.72229465449804,3100.0,1.8131848E7
3200.0,78.374192251,3.6622362631648744E-4,3200.0,69.59375,39.1875,68.94350462815193,37.90682833439694,3200.0,1.8138336E7
3300.0,81.082875919,3.789358506045505E-4,3300.0,69.54545454545455,39.090909090909086,68.59375,37.18749999999999,3300.0,1.8141184E7
3400.0,83.593989462,3.907226441447393E-4,3400.0,69.70588235294117,39.41176470588235,68.4726048362412,36.964504283965724,3400.0,1.8143944E7
3500.0,85.968619717,4.018707368451529E-4,3500.0,70.0,39.99999999999999,68.4968496849685,37.01259748050389,3500.0,1.8147088E7
3600.0,88.313489428,4.128805648056425E-4,3600.0,70.36111111111111,40.722222222222214,68.61764705882352,37.23529411764705,3600.0,1.814948E7
3700.0,91.380439702,4.272837489550536E-4,3700.0,70.51351351351352,41.02702702702703,68.53187193539083,37.08189158016148,3700.0,1.815324E7
3800.0,93.874840358,4.3900043200683606E-4,3800.0,70.78947368421052,41.57894736842105,68.58194169261252,37.181663837011875,3800.0,1.8156864E7
3900.0,96.896563192,4.5319670107262075E-4,3900.0,70.7948717948718,41.58974358974359,68.3611111111111,36.72222222222222,3900.0,1.8160256E7
4000.0,99.967323909,4.6762500597359347E-4,4000.0,70.875,41.75,68.23016089446415,36.47764449291167,4000.0,1.8162336E7
4100.0,102.263139086,4.784132563788792E-4,4100.0,70.68292682926828,41.36585365853658,67.8006964907581,35.618639528655585,4100.0,1.8164208E7
4200.0,104.595531593,4.893747724686128E-4,4200.0,70.57142857142857,41.142857142857146,67.47368421052632,34.94736842105263,4200.0,1.8166504E7
4300.0,107.309375591,5.021302438907261E-4,4300.0,70.55813953488372,41.116279069767444,67.26144297905353,34.539813857290596,4300.0,1.8168288E7
4400.0,110.054132429,5.150322827163521E-4,4400.0,70.63636363636364,41.27272727272728,67.1497584541063,34.31621759023895,4400.0,1.817008E7
4500.0,112.631291074,5.271477981049725E-4,4500.0,70.6888888888889,41.37777777777778,67.025,34.05,4500.0,1.8172016E7
4600.0,115.094546886,5.387312181986967E-4,4600.0,70.67391304347827,41.34782608695653,66.81426814268144,34.19512195121952,4600.0,1.8177312E7
4700.0,117.467086495,5.498900747557629E-4,4700.0,70.48936170212767,40.96803404871865,66.43272023233301,33.92091472129586,4700.0,1.8180616E7
4800.0,119.993509402,5.617747670964228E-4,4800.0,70.33333333333334,40.656188774997254,66.07908527870414,33.736621684504435,4800.0,1.8183784E7
4900.0,122.573953332,5.739152597780393E-4,4900.0,70.28571428571428,40.57142857142857,65.86166471277842,33.81818181818183,4900.0,1.8186296E7
5000.0,125.080384814,5.857089801947088E-4,5000.0,70.38,40.75006497089432,65.81255771006464,34.14851044908848,5000.0,1.818852E7
5100.0,127.46415055,5.96927292256617E-4,5100.0,70.41176470588235,40.81386302537992,65.68894952251023,34.36276642018269,5100.0,1.8191408E7
5200.0,130.111566816,6.093878026237503E-4,5200.0,70.42307692307692,40.84615384615384,65.55431131019037,34.55319148936169,5200.0,1.8193488E7
5300.0,132.610057413,6.211496185943871E-4,5300.0,70.37735849056604,40.74542694411753,65.35745807590467,34.55606502709462,5300.0,1.8196968E7
5400.0,135.092092466,6.328355254228944E-4,5400.0,70.46296296296296,40.91688110278611,65.311004784689,34.87137607186607,5400.0,1.8199392E7
5500.0,137.4224604,6.438083955255863E-4,5500.0,70.30909090909091,40.61818181818182,64.994640943194,34.68000000000001,5500.0,1.820112E7
5600.0,139.879689246,6.553797729215369E-4,5600.0,70.33928571428572,40.66989894186064,64.89856297548606,34.83719105531581,5600.0,1.8202952E7
5700.0,142.353082157,6.670284768576852E-4,5700.0,70.47368421052632,40.93899190134444,64.922884535223,35.244324740284725,5700.0,1.820484E7
5800.0,144.75050896,6.783212115294218E-4,5800.0,70.41379310344827,40.82758620689655,64.72764645426516,35.245283018867916,5800.0,1.8207744E7
5900.0,147.17755495,6.897551207273703E-4,5900.0,70.38983050847457,40.77171173333001,64.57826439578264,35.272323082623174,5900.0,1.8210384E7
5995.0,149.555077573,7.009576522434212E-4,5995.0,70.52543786488741,41.04702590968733,64.62462462462463,35.6752821259556,5995.0,1.821352E7
