learning evaluation instances,evaluation time (cpu seconds),model cost (RAM-Hours),classified instances,classifications correct (percent),Kappa Statistic (percent),Kappa Temporal Statistic (percent),Kappa M Statistic (percent),model training instances,model serialized size (bytes)
100.0,0.566094446,1.1643518638356693E-7,100.0,33.0,0.0,-42.55319148936171,-179.16666666666669,100.0,795056.0
200.0,1.522223502,3.265056734642469E-7,200.0,41.5,0.0,-17.000000000000004,-58.10810810810811,200.0,849280.0
300.0,2.030209389,4.381149191435261E-7,300.0,38.666666666666664,0.0,-26.027397260273965,-71.96261682242991,300.0,849280.0
400.0,2.514338272,5.444825581389417E-7,400.0,38.0,0.0,-31.914893617021285,-73.4265734265734,400.0,849280.0
500.0,2.950378254,6.402846162717623E-7,500.0,37.4,0.0,-28.80658436213992,-75.84269662921349,500.0,849280.0
600.0,3.40194348,7.394977155696434E-7,600.0,36.333333333333336,0.0,-32.63888888888889,-82.77511961722486,600.0,849280.0
700.0,3.880630359,8.446696954395455E-7,700.0,35.85714285714286,0.0,-34.029850746268664,-85.5371900826446,700.0,849280.0
800.0,4.430318435,9.6544130168154E-7,800.0,36.875,0.0,-32.89473684210527,-76.57342657342654,800.0,849280.0
900.0,4.962630271,1.0823951856427142E-6,900.0,36.333333333333336,0.0,-36.10451306413302,-80.18867924528298,900.0,849280.0
1000.0,5.491164814,1.198519163039103E-6,1000.0,37.3,0.0,-32.27848101265823,-72.25274725274727,1000.0,849280.0
1100.0,6.026803024,1.316203882447655E-6,1100.0,37.27272727272727,0.0,-31.931166347992345,-72.06982543640899,1100.0,849280.0
1200.0,6.572137934,1.4360190574461635E-6,1200.0,36.833333333333336,0.0,-33.21616871704746,-75.05773672055427,1200.0,849280.0
1300.0,7.127631176,1.5580661128982321E-6,1300.0,37.38461538461538,0.0,-31.502423263327955,-70.64989517819707,1300.0,849280.0
1400.0,7.698262238,1.6834390888427114E-6,1400.0,37.142857142857146,0.0,-32.330827067669176,-72.21135029354208,1400.0,849280.0
1500.0,8.374192011,1.831947175439803E-6,1500.0,37.13333333333333,0.0,-31.88811188811188,-72.08029197080293,1500.0,849280.0
1600.0,9.132481854,1.998550538937358E-6,1600.0,37.625,0.0,-30.287206266318538,-68.29679595278247,1600.0,849280.0
1700.0,9.838719097,2.153717459867671E-6,1700.0,37.29411764705882,0.0,-32.09417596034696,-70.55999999999999,1700.0,849280.0
1800.0,10.513371511,2.3019448987576116E-6,1800.0,37.44444444444445,0.0,-30.02309468822169,-69.32330827067668,1800.0,849280.0
1900.0,11.201621722,2.453159900697842E-6,1900.0,37.57894736842105,0.0,-28.913043478260885,-68.22695035460991,1900.0,849280.0
2000.0,11.895118202,2.6055275569552595E-6,2000.0,37.5,0.0,-30.072840790842864,-68.69095816464235,2000.0,849280.0
2100.0,12.62562332,2.7660263567670597E-6,2100.0,37.523809523809526,0.0,-30.158730158730158,-68.42105263157896,2100.0,849280.0
2200.0,13.393478626,2.9347313418594743E-6,2200.0,38.31818181818182,0.0,-27.179006560449864,-62.70983213429254,2200.0,849280.0
2300.0,14.170124929,3.105367791130418E-6,2300.0,38.173913043478265,0.0,-27.877697841726608,-63.636363636363626,2300.0,849280.0
2400.0,14.976802169,3.28260231785073E-6,2400.0,38.416666666666664,0.0,-27.744165946413148,-61.883899233296844,2400.0,849280.0
2500.0,15.916780544,3.489124349413754E-6,2500.0,38.76,0.0,-26.11202635914332,-59.47916666666666,2500.0,849280.0
2600.0,16.765409093,3.675575970688404E-6,2600.0,38.80769230769231,0.0,-27.076677316293914,-59.10000000000001,2600.0,849280.0
2700.0,17.629315758,3.865384336797504E-6,2700.0,38.88888888888889,0.0,-26.436781609195414,-58.501440922190206,2700.0,849280.0
2800.0,18.486856867,4.053794130777592E-6,2800.0,39.285714285714285,0.0,-25.832716506291625,-55.82034830430796,2800.0,849280.0
2900.0,19.367243595,4.247223320707289E-6,2900.0,39.310344827586206,0.0,-25.714285714285722,-55.614500442086644,2900.0,849280.0
3000.0,20.270717609,4.445725003084482E-6,3000.0,39.7,0.0,-24.329896907216494,-53.04568527918781,3000.0,849280.0
3100.0,21.17019481,4.6433485483018305E-6,3100.0,39.87096774193548,0.0,-24.101198402130503,-51.915240423797904,3100.0,849280.0
3200.0,22.157584731,4.8602873395051635E-6,3200.0,39.875,0.0,-24.129032258064516,-51.854775059194935,3200.0,849280.0
3300.0,23.050354019,5.056437093561829E-6,3300.0,40.15151515151515,0.0,-23.360399750156166,-50.07598784194529,3300.0,849280.0
3400.0,23.99983588,5.265047129793737E-6,3400.0,40.1764705882353,0.0,-23.04900181488202,-49.88946204863667,3400.0,849280.0
3500.0,24.92485328,5.46828209536318E-6,3500.0,40.37142857142857,0.0,-22.118197776477466,-48.64672364672366,3500.0,849280.0
3600.0,25.895484336,5.681538807341563E-6,3600.0,40.666666666666664,0.0,-21.501706484641648,-46.8041237113402,3600.0,849280.0
3700.0,26.888143737,5.899635352535652E-6,3700.0,40.72972972972973,0.0,-21.563192904656315,-46.39519359145528,3700.0,849280.0
3800.0,27.86911315,6.115163498142137E-6,3800.0,40.81578947368421,0.0,-20.58981233243967,-45.84954604409859,3800.0,849280.0
3900.0,28.870318663,6.3351377039922015E-6,3900.0,41.05128205128205,0.0,-19.801980198019812,-44.40954773869346,3900.0,849280.0
4000.0,29.913888174,6.564419676025815E-6,4000.0,41.025,0.0,-20.418580908626847,-44.54656862745097,4000.0,849280.0
4100.0,31.002175812,6.8035266383798E-6,4100.0,41.02439024390244,0.0,-20.358387257341967,-44.53078302450687,4100.0,849280.0
4200.0,32.16798915,7.05966672137589E-6,4200.0,41.04761904761905,0.0,-20.428015564202344,-44.373177842565596,4200.0,849280.0
4300.0,33.341851983,7.317575353632974E-6,4300.0,41.18604651162791,0.0,-20.142517814726844,-43.530079455164596,4300.0,849280.0
4400.0,34.567725075,7.586911125743993E-6,4400.0,41.340909090909086,0.0,-19.823584029712176,-42.59668508287292,4400.0,849280.0
4500.0,35.778031607,7.85282677917872E-6,4500.0,41.31111111111111,0.0,-20.100045475216007,-42.756756756756765,4500.0,849280.0
4600.0,37.040557467,8.130215506880092E-6,4600.0,41.32608695652174,0.0,-20.276292335115862,-42.65327695560254,4600.0,849280.0
4700.0,38.264537812,8.399135424790557E-6,4700.0,41.42553191489362,0.0,-19.904181184668996,-42.053663570691455,4700.0,849280.0
4800.0,39.478152464,8.665777903098307E-6,4800.0,41.333333333333336,0.0,-20.187793427230037,-42.58227848101265,4800.0,849280.0
4900.0,40.772226543,8.95009806928099E-6,4900.0,41.55102040816326,0.0,-19.283631820074973,-41.29255056734091,4900.0,849280.0
5000.0,42.112638023,9.244598995411338E-6,5000.0,41.64,0.0,-18.859470468431773,-40.76218041485771,5000.0,849280.0
5100.0,43.53983054,9.558166526198825E-6,5100.0,41.431372549019606,0.0,-19.575660528422752,-41.96768060836501,5100.0,849280.0
5200.0,44.915631341,9.860442816808761E-6,5200.0,41.40384615384615,0.0,-19.724950884086436,-42.117537313432855,5200.0,849280.0
5300.0,46.277991893,1.0159766159136038E-5,5300.0,41.16981132075472,0.0,-20.339637205712087,-43.48826507132995,5300.0,849280.0
5400.0,47.521343322,1.0432942085192708E-5,5400.0,40.925925925925924,0.0,-21.43129044537494,-44.934120854157186,5400.0,849280.0
5500.0,48.963772214,1.0749857189926944E-5,5500.0,40.74545454545454,0.0,-21.831775700934585,-46.01254480286737,5500.0,849280.0
5600.0,50.395592021,1.1064441379561963E-5,5600.0,40.55357142857143,0.0,-22.479764532744674,-47.17064544650753,5600.0,849280.0
5700.0,51.818310243,1.137702586593291E-5,5700.0,40.29824561403509,0.0,-23.341790503805722,-48.732517482517466,5700.0,849280.0
5800.0,53.352698916,1.171414539376806E-5,5800.0,40.17241379310345,0.0,-23.795932929004625,-49.504523912106855,5800.0,849280.0
5900.0,54.805751544,1.2033394632563101E-5,5900.0,40.016949152542374,0.0,-24.612676056338035,-50.46768707482991,5900.0,849280.0
6000.0,56.313674877,1.2364699477924513E-5,6000.0,39.96666666666667,0.0,-24.593566240055342,-50.774382586856426,6000.0,849280.0
6100.0,57.750488348,1.2680380822198034E-5,6100.0,39.885245901639344,0.0,-24.855294518215853,-51.27887788778877,6100.0,849280.0
6200.0,59.265790428,1.3013306847217786E-5,6200.0,39.66129032258065,0.0,-25.663419549882448,-52.69387755102042,6200.0,849280.0
6300.0,60.801113644,1.3350631702881828E-5,6300.0,39.55555555555556,0.0,-25.967581872312273,-53.36286749899316,6300.0,849280.0
6400.0,62.216249337,1.3661550236785023E-5,6400.0,39.46875,0.0,-26.47730982696701,-53.91338895510527,6400.0,849280.0
6500.0,63.559306731,1.395663249494295E-5,6500.0,39.36923076923077,0.0,-26.679524268723874,-54.54901960784312,6500.0,849280.0
6600.0,65.175751371,1.4311780485408115E-5,6600.0,39.27272727272727,0.0,-27.44038155802861,-55.168408826945424,6600.0,849280.0
6700.0,66.68302811,1.4642943268026354E-5,6700.0,39.08955223880597,0.0,-28.172110552763822,-56.36015325670499,6700.0,849280.0
6800.0,68.1946873,1.4975068916076198E-5,6800.0,38.91176470588235,0.0,-28.646639826571697,-57.527493363670835,6800.0,849280.0
6900.0,69.796358734,1.5326971095151478E-5,6900.0,38.7536231884058,0.0,-29.11701802627561,-58.57410881801125,6900.0,849280.0
7000.0,71.180048627,1.5630980692984602E-5,7000.0,38.614285714285714,0.0,-29.701177180802894,-59.5025983667409,7000.0,849280.0
7100.0,72.646215932,1.595311134885196E-5,7100.0,38.45070422535211,0.0,-30.408833184124155,-60.60271958838664,7100.0,849280.0
7200.0,74.090731478,1.627125024284188E-5,7200.0,38.34722222222222,0.0,-30.674124227259338,-61.30087209302325,7200.0,851328.0
7300.0,75.583135504,1.6599936055557767E-5,7300.0,38.21917808219178,0.0,-31.371977861928347,-62.17188061848259,7300.0,851328.0
7400.0,77.104850569,1.693507730695341E-5,7400.0,38.13513513513514,0.0,-31.778929188255624,-62.744400995378626,7400.0,851328.0
7500.0,78.745731778,1.729646361009542E-5,7500.0,37.98666666666667,0.0,-32.658300057045054,-63.767605633802795,7500.0,851328.0
7600.0,80.340909928,1.7647784309802094E-5,7600.0,37.82894736842105,0.0,-33.21116436425149,-64.86392184228892,7600.0,851328.0
7700.0,81.80724569,1.7970728869888224E-5,7700.0,37.84415584415585,0.0,-33.166388425153045,-64.75043029259894,7700.0,851328.0
7800.0,83.228098912,1.828365639345888E-5,7800.0,37.705128205128204,0.0,-33.96746622553074,-65.72305593451571,7800.0,851328.0
7900.0,84.858383038,1.864270880391661E-5,7900.0,37.68354430379747,0.0,-33.959183673469376,-65.86927223719675,7900.0,851328.0
8000.0,86.618822846,1.903042659276549E-5,8000.0,37.625,0.0,-34.139784946236574,-66.27790736421191,8000.0,851328.0
8100.0,88.411681586,1.942528430004541E-5,8100.0,37.641975308641975,0.0,-34.19234856535602,-66.15131578947368,8100.0,851328.0
8200.0,90.309062914,1.984316197456304E-5,8200.0,37.829268292682926,0.0,-33.31589958158997,-64.8237956676366,8200.0,851328.0
8300.0,92.237212289,2.0267815977982022E-5,8300.0,37.78313253012048,0.0,-33.471181183768394,-65.1423089222897,8300.0,851328.0
8400.0,94.05880515,2.0669002064004578E-5,8400.0,37.86904761904762,0.0,-33.34184977005619,-64.53341740226986,8400.0,851328.0
8500.0,95.728668359,2.1036771338552573E-5,8500.0,37.96470588235294,0.0,-32.78771090405439,-63.85954008701056,8500.0,851328.0
8600.0,97.519263776,2.143113057347063E-5,8600.0,38.01162790697674,0.0,-32.97580444000999,-63.52760736196319,8600.0,851328.0
8700.0,99.516135277,2.1870919880361298E-5,8700.0,38.03448275862069,0.0,-32.7178729689808,-63.36363636363637,8700.0,851328.0
8800.0,101.544346754,2.2317611477317253E-5,8800.0,38.15909090909091,0.0,-32.5054784514244,-62.49626754255,8800.0,851328.0
8900.0,103.465875703,2.2740807403658965E-5,8900.0,38.19101123595506,0.0,-32.26737196441452,-62.27138643067847,8900.0,851328.0
9000.0,105.506810225,2.319030111338947E-5,9000.0,38.32222222222222,0.0,-31.821420090239837,-61.36627906976743,9000.0,851328.0
9100.0,107.416710083,2.3610935858469346E-5,9100.0,38.40659340659341,0.0,-31.60366283165063,-60.786001147446925,9100.0,851328.0
9200.0,109.225839102,2.4009376918368973E-5,9200.0,38.42391304347826,0.0,-31.46901833372014,-60.663641520136125,9200.0,851328.0
9300.0,111.363313745,2.4480132543490865E-5,9300.0,38.53763440860215,0.0,-31.130993347097945,-59.888111888111894,9300.0,851328.0
9400.0,113.520020117,2.4955123748500085E-5,9400.0,38.57446808510638,0.0,-30.92970521541949,-59.63505667680396,9400.0,851328.0
9500.0,115.672690081,2.54292259783921E-5,9500.0,38.66315789473684,0.0,-30.41629364368844,-59.03384279475984,9500.0,851328.0
9600.0,117.851852824,2.5909162955741917E-5,9600.0,38.77083333333333,0.0,-30.18826135105204,-58.30864530029628,9600.0,851328.0
9700.0,120.010223668,2.6384520742670332E-5,9700.0,38.83505154639175,0.0,-30.081122560841916,-57.876530069185726,9700.0,851328.0
9800.0,122.090191972,2.684261121985558E-5,9800.0,38.87755102040816,0.0,-29.569543586415737,-57.59010786635095,9800.0,851328.0
9900.0,124.304825506,2.73303602545065E-5,9900.0,38.97979797979798,0.0,-29.219251336898395,-56.909090909090935,9900.0,851328.0
10000.0,126.412931532,2.7794647760018142E-5,10000.0,39.0,0.0,-29.34690415606445,-56.772038036494465,10000.0,851328.0
