learning evaluation instances,evaluation time (cpu seconds),model cost (RAM-Hours),classified instances,classifications correct (percent),Kappa Statistic (percent),Kappa Temporal Statistic (percent),Kappa M Statistic (percent),model training instances,model serialized size (bytes)
100.0,0.577034438,1.1868534095857706E-7,100.0,35.0,0.0,-35.41666666666667,-91.17647058823532,100.0,795056.0
200.0,1.628312928,3.4966104770641363E-7,200.0,27.500000000000004,0.0,-93.33333333333333,-168.51851851851848,200.0,849280.0
300.0,2.181754119,4.712572483806892E-7,300.0,30.0,0.0,-74.99999999999999,-135.9550561797753,300.0,849280.0
400.0,2.701165735,5.853768334762007E-7,400.0,29.75,0.0,-86.0927152317881,-138.13559322033896,400.0,849280.0
500.0,3.200629803,6.951137558985833E-7,500.0,28.999999999999996,0.0,-87.83068783068784,-146.52777777777774,500.0,849280.0
600.0,3.806914078,8.283200758606942E-7,600.0,29.833333333333336,0.0,-80.68669527896996,-136.5168539325843,600.0,849280.0
700.0,4.348467228,9.473043628527804E-7,700.0,29.714285714285715,0.0,-76.97841726618705,-137.68115942028987,700.0,849280.0
800.0,5.006298992,1.0918361477759896E-6,800.0,29.625,0.0,-77.602523659306,-138.55932203389827,800.0,849280.0
900.0,5.581525698,1.218218829646119E-6,900.0,29.555555555555557,0.0,-78.59154929577463,-139.24528301886795,900.0,849280.0
1000.0,6.349998177,1.3870594134131158E-6,1000.0,29.9,0.0,-75.6892230576441,-135.23489932885903,1000.0,849280.0
1100.0,7.186738708,1.5708991260588915E-6,1100.0,29.454545454545457,0.0,-77.57437070938217,-140.2476780185759,1100.0,849280.0
1200.0,7.967502237,1.742440168350844E-6,1200.0,29.166666666666668,0.0,-78.94736842105262,-143.5530085959885,1200.0,849280.0
1300.0,8.769640499,1.918677439195158E-6,1300.0,30.0,0.0,-75.33718689788053,-133.93316195372756,1300.0,849280.0
1400.0,9.603463291,2.1018760973210883E-6,1400.0,30.428571428571427,0.0,-71.1775043936731,-129.17647058823528,1400.0,849280.0
1500.0,10.553112954,2.310523001220235E-6,1500.0,30.06666666666667,0.0,-73.96351575456052,-133.11111111111106,1500.0,849280.0
1600.0,11.781032501,2.580308398615561E-6,1600.0,30.1875,0.0,-72.11093990755008,-131.7427385892116,1600.0,849280.0
1700.0,12.764878685,2.7964685976895117E-6,1700.0,29.764705882352942,0.0,-73.79912663755455,-136.43564356435638,1700.0,849280.0
1800.0,13.821990676,3.028725979111667E-6,1800.0,29.61111111111111,0.0,-74.27785419532327,-138.1578947368421,1800.0,849280.0
1900.0,14.922995138,3.2706269465165755E-6,1900.0,29.578947368421055,0.0,-74.67362924281981,-138.50267379679138,1900.0,849280.0
2000.0,16.055482191,3.519444933318008E-6,2000.0,29.45,0.0,-74.84510532837672,-139.9659863945578,2000.0,849280.0
2100.0,17.285553676,3.7897031315983093E-6,2100.0,28.952380952380953,0.0,-77.40784780023785,-145.79901153212523,2100.0,849280.0
2200.0,18.491469656,4.054654139736039E-6,2200.0,29.272727272727273,0.0,-76.61748013620883,-141.99066874027997,2200.0,849280.0
2300.0,19.825011435,4.347645728370457E-6,2300.0,29.304347826086957,0.0,-76.7391304347826,-141.6047548291233,2300.0,849280.0
2400.0,21.086941504,4.624903555222427E-6,2400.0,29.375,0.0,-76.37877211238295,-140.76704545454547,2400.0,849280.0
2500.0,22.412729353,4.916191532987928E-6,2500.0,29.360000000000003,0.0,-75.8964143426295,-140.9276944065484,2500.0,849280.0
2600.0,23.89301627,5.241424399536592E-6,2600.0,29.46153846153846,0.0,-73.67424242424241,-139.7385620915033,2600.0,849280.0
2700.0,25.32116143,5.5552012348920864E-6,2700.0,29.40740740740741,0.0,-72.17705510388436,-140.3530895334174,2700.0,849280.0
2800.0,26.84024763,5.888958666432311E-6,2800.0,29.32142857142857,0.0,-73.44434706397898,-141.34146341463418,2800.0,849280.0
2900.0,28.166141618,6.180269963927808E-6,2900.0,29.24137931034483,0.0,-72.87278854254421,-142.2668240850059,2900.0,849280.0
3000.0,29.739958792,6.526052301828142E-6,3000.0,29.2,0.0,-71.98380566801622,-142.74285714285716,3000.0,849280.0
3100.0,31.461298803,6.9042467853793595E-6,3100.0,29.419354838709676,0.0,-71.33907595927954,-140.17563117453352,3100.0,849280.0
3200.0,33.175179645,7.280802419807423E-6,3200.0,29.531249999999996,0.0,-70.70401211203632,-138.87711864406776,3200.0,849280.0
3300.0,35.031428764,7.688637694893356E-6,3300.0,29.757575757575754,0.0,-69.69253294289898,-136.28950050968402,3300.0,849280.0
3400.0,36.715834004,8.058717264160258E-6,3400.0,29.470588235294116,0.0,-72.14644651830584,-139.56043956043956,3400.0,849280.0
3500.0,38.367853746,8.421681436926532E-6,3500.0,29.714285714285715,0.0,-70.59639389736475,-136.76612127045237,3500.0,849280.0
3600.0,40.2069869,8.825756174580993E-6,3600.0,29.916666666666668,0.0,-70.47297297297297,-134.47955390334573,3600.0,849280.0
3700.0,42.013739922,9.222716694695162E-6,3700.0,29.81081081081081,0.0,-71.64573694646396,-135.6624319419238,3700.0,849280.0
3800.0,44.014926494,9.662396082410952E-6,3800.0,29.68421052631579,0.0,-71.83279742765272,-137.08961845607809,3800.0,849280.0
3900.0,45.980833973,1.0094324323768656E-5,3900.0,29.641025641025642,0.0,-71.82216656230432,-137.57575757575762,3900.0,849280.0
4000.0,48.225298595,1.058745417210881E-5,4000.0,29.925,0.0,-70.3951367781155,-134.36454849498324,4000.0,849280.0
4100.0,50.432403335,1.1072375705305974E-5,4100.0,29.926829268292682,0.0,-70.50445103857565,-134.33931484502443,4100.0,849280.0
4200.0,52.806697198,1.1594030250937813E-5,4200.0,29.928571428571427,0.0,-71.20418848167542,-134.31528662420388,4200.0,849280.0
4300.0,55.177181631,1.2114847829205699E-5,4300.0,30.023255813953487,0.0,-70.67498581962562,-133.25581395348834,4300.0,849280.0
4400.0,57.479937659,1.2620784844082832E-5,4400.0,29.954545454545457,0.0,-70.37037037037037,-134.0167046317388,4400.0,849280.0
4500.0,59.727137319,1.3114515605826086E-5,4500.0,30.0,0.0,-69.90291262135922,-133.50630096367678,4500.0,849280.0
4600.0,62.061118721,1.3627313127121568E-5,4600.0,29.84782608695652,0.0,-70.29023746701847,-135.2040816326531,4600.0,849280.0
4700.0,64.219049325,1.4101430643186875E-5,4700.0,29.744680851063833,0.0,-70.82255561303671,-136.36363636363632,4700.0,849280.0
4800.0,66.424117832,1.458590479696864E-5,4800.0,29.770833333333336,0.0,-70.33855482566955,-136.06442577030813,4800.0,849280.0
4900.0,68.864174666,1.5122008081777633E-5,4900.0,29.591836734693878,0.0,-71.81274900398405,-138.0952380952381,4900.0,849280.0
5000.0,71.229057306,1.5641594893783734E-5,5000.0,29.599999999999998,0.0,-70.790878214459,-137.99864773495608,5000.0,849280.0
5100.0,73.516933495,1.6144262669004572E-5,5100.0,29.843137254901958,0.0,-69.33270231897777,-135.23997370151218,5100.0,849280.0
5200.0,75.966807612,1.6682522902615275E-5,5200.0,29.96153846153846,0.0,-68.68920796665124,-133.91136801541427,5200.0,849280.0
5300.0,78.370707351,1.7210682135823277E-5,5300.0,30.245283018867923,0.0,-66.98283649503162,-130.77403245942574,5300.0,849280.0
5400.0,81.020516252,1.7792869909545523E-5,5400.0,30.5,0.0,-65.5491839435377,-128.0072904009721,5400.0,849280.0
5500.0,83.500432525,1.8337730685524717E-5,5500.0,30.636363636363633,0.0,-65.15151515151514,-126.54394299287408,5500.0,849280.0
5600.0,86.000794447,1.8887083561620687E-5,5600.0,30.892857142857146,0.0,-64.61080391322841,-123.82880277617122,5600.0,849280.0
5700.0,88.45845287,1.942705407999132E-5,5700.0,30.982456140350877,0.0,-63.848396501457714,-122.88951841359777,5700.0,849280.0
5800.0,91.499770379,2.009525995290502E-5,5800.0,31.120689655172413,0.0,-63.06122448979592,-121.45232815964526,5800.0,849280.0
5900.0,94.257205064,2.0701094116960706E-5,5900.0,31.35593220338983,0.0,-61.93522590963614,-119.03731746890212,5900.0,849280.0
6000.0,97.026163684,2.13094601972084E-5,6000.0,31.55,0.0,-60.995687965503706,-117.07188160676532,6000.0,849280.0
6100.0,100.170263097,2.2000248214761326E-5,6100.0,31.639344262295083,0.0,-60.569888332691576,-116.17418351477447,6100.0,849280.0
6200.0,103.269062598,2.2681083418393543E-5,6200.0,31.758064516129032,0.0,-59.53996983408749,-114.98983739837401,6200.0,849280.0
6300.0,106.229506536,2.3331520612126005E-5,6300.0,32.03174603174603,0.0,-58.76900259547646,-112.29548834903318,6300.0,849280.0
6400.0,109.073464235,2.3956364690774923E-5,6400.0,32.234375,0.0,-57.42286751361163,-110.32977691561594,6400.0,849280.0
6500.0,112.215173758,2.4646627627165196E-5,6500.0,32.353846153846156,0.0,-57.20414730067931,-109.18173168411036,6500.0,849280.0
6600.0,115.6197068,2.5394635346339885E-5,6600.0,32.59090909090909,0.0,-55.50506815798671,-106.9302325581395,6600.0,849280.0
6700.0,118.78000023,2.608898134073457E-5,6700.0,32.626865671641795,0.0,-55.1735991749742,-106.59038901601834,6700.0,849280.0
6800.0,122.220736561,2.6844943260763662E-5,6800.0,32.76470588235294,0.0,-54.40729483282676,-105.29860799281545,6800.0,849280.0
6900.0,125.602803204,2.758801490216594E-5,6900.0,32.869565217391305,0.0,-54.09181636726548,-104.32289369210407,6900.0,849280.0
7000.0,129.025918777,2.8340105377024987E-5,7000.0,33.02857142857143,0.0,-53.35296041871115,-102.85590653396794,7000.0,849280.0
7100.0,132.523907148,2.9108646105169664E-5,7100.0,33.028169014084504,0.0,-53.23880116016757,-102.85836177474404,7100.0,849280.0
7200.0,136.066078185,2.9886894177849997E-5,7200.0,33.263888888888886,0.0,-52.39454487789409,-100.71010860484544,7200.0,849280.0
7300.0,139.555417584,3.065353464603564E-5,7300.0,33.42465753424658,0.0,-51.6380655226209,-99.2619926199262,7300.0,849280.0
7400.0,143.114241974,3.143544161596869E-5,7400.0,33.56756756756757,0.0,-50.982800982801,-97.98630688683046,7400.0,849280.0
7500.0,146.547473889,3.2189754745685966E-5,7500.0,33.6,0.0,-50.954834798423775,-97.69749900754267,7500.0,849280.0
7600.0,150.299952851,3.301420943447574E-5,7600.0,33.75,0.0,-49.98510574918082,-96.37285491419658,7600.0,849280.0
7700.0,154.041007272,3.383615404486399E-5,7700.0,33.87012987012987,0.0,-49.150556531927336,-95.32029152282318,7700.0,849280.0
7800.0,157.718319662,3.464409393547549E-5,7800.0,33.98717948717949,0.0,-48.7720312048541,-94.30188679245283,7800.0,849280.0
7900.0,161.550951775,3.5486159020441345E-5,7900.0,33.98734177215189,0.0,-48.32195676905576,-94.29955290611029,7900.0,849280.0
8000.0,165.067399195,3.625875537412124E-5,8000.0,34.1,0.0,-47.840717891194615,-93.3259992665933,8000.0,849280.0
8100.0,168.772731103,3.707285141463436E-5,8100.0,34.25925925925926,0.0,-47.221454243848505,-91.96106705118959,8100.0,849280.0
8200.0,172.621031283,3.791835892031283E-5,8200.0,34.40243902439024,0.0,-46.566757493188035,-90.74468085106385,8200.0,849280.0
8300.0,176.770517622,3.883003983922045E-5,8300.0,34.6144578313253,0.0,-46.04413347685683,-88.96239554317546,8300.0,849280.0
8400.0,180.866358355,3.972993431725857E-5,8400.0,34.67857142857143,0.0,-45.737051792828694,-88.42719780219778,8400.0,849280.0
8500.0,185.072341997,4.065402822151109E-5,8500.0,34.87058823529412,0.0,-44.84563055991627,-86.83766452919338,8500.0,849280.0
8600.0,188.928521981,4.1501266993752365E-5,8600.0,35.0,0.0,-44.55650374967674,-85.77600531738119,8600.0,849280.0
8700.0,193.020848212,4.240038930286376E-5,8700.0,34.97701149425288,0.0,-44.79140005119018,-85.9631821170283,8700.0,849280.0
8800.0,197.346602855,4.3350798015101994E-5,8800.0,35.04545454545455,0.0,-44.52591656131478,-85.4038274408044,8800.0,849280.0
8900.0,201.68806506,4.430465782547336E-5,8900.0,35.12359550561798,0.0,-44.061876247505,-84.76799999999999,8900.0,849280.0
9000.0,205.786545833,4.520513234496638E-5,9000.0,35.333333333333336,0.0,-43.597335307179854,-83.07643913180246,9000.0,849280.0
9100.0,210.384353841,4.6215313723393195E-5,9100.0,35.42857142857142,0.0,-43.35203708221517,-82.31461371393114,9100.0,849280.0
9200.0,215.04760748,4.7239874118434136E-5,9200.0,35.54347826086956,0.0,-43.0984555984556,-81.40104007341692,9200.0,849280.0
9300.0,219.606559719,4.8241518521367425E-5,9300.0,35.612903225806456,0.0,-42.91169451073984,-80.85170643310175,9300.0,849280.0
9400.0,224.168600633,4.924384153505688E-5,9400.0,35.648936170212764,0.0,-42.59783121169261,-80.56716417910447,9400.0,849280.0
9500.0,228.736174814,5.024738025920565E-5,9500.0,35.73684210526316,0.0,-42.2082459818309,-79.87625220978197,9500.0,849280.0
9600.0,233.61058794,5.132091692348714E-5,9600.0,35.66666666666667,0.0,-42.3369439963125,-80.42652643879636,9600.0,851328.0
9700.0,238.561105035,5.241121466215993E-5,9700.0,35.63917525773196,0.0,-42.63193968471556,-80.64236111111113,9700.0,851328.0
9800.0,243.557172716,5.351154442374225E-5,9800.0,35.76530612244898,0.0,-42.16350496838302,-79.65182648401829,9800.0,851328.0
9900.0,248.558379156,5.4613005941302734E-5,9900.0,35.75757575757576,0.0,-42.31371671514881,-79.71178298954504,9900.0,851328.0
10000.0,253.608471065,5.572523395361151E-5,10000.0,35.88,0.0,-41.88979862801506,-78.75662113186506,10000.0,851328.0
