learning evaluation instances,evaluation time (cpu seconds),model cost (RAM-Hours),classified instances,classifications correct (percent),Kappa Statistic (percent),Kappa Temporal Statistic (percent),Kappa M Statistic (percent),model training instances,model serialized size (bytes)
100.0,0.586084975,1.205468694895713E-7,100.0,35.0,0.0,-35.41666666666667,-91.17647058823532,100.0,795056.0
200.0,1.637027818,3.514488314554303E-7,200.0,27.500000000000004,0.0,-93.33333333333333,-168.51851851851848,200.0,849280.0
300.0,2.162060844,4.668034928509138E-7,300.0,30.0,0.0,-74.99999999999999,-135.9550561797753,300.0,849280.0
400.0,2.75323218,5.966893589087866E-7,400.0,29.75,0.0,-86.0927152317881,-138.13559322033896,400.0,849280.0
500.0,3.273380478,7.109707999227983E-7,500.0,28.999999999999996,0.0,-87.83068783068784,-146.52777777777774,500.0,849280.0
600.0,3.860337736,8.399307936703372E-7,600.0,29.833333333333336,0.0,-80.68669527896996,-136.5168539325843,600.0,849280.0
700.0,4.39214304,9.567733878183903E-7,700.0,29.714285714285715,0.0,-76.97841726618705,-137.68115942028987,700.0,849280.0
800.0,5.041851909,1.0995204968148015E-6,800.0,29.625,0.0,-77.602523659306,-138.55932203389827,800.0,849280.0
900.0,5.715587356,1.2475464694872706E-6,900.0,29.555555555555557,0.0,-78.59154929577463,-139.24528301886795,900.0,849280.0
1000.0,6.519347287,1.4241400361627546E-6,1000.0,29.9,0.0,-75.6892230576441,-135.23489932885903,1000.0,849280.0
1100.0,7.22235568,1.5785975485796937E-6,1100.0,29.454545454545457,0.0,-77.57437070938217,-140.2476780185759,1100.0,849280.0
1200.0,7.973655868,1.7436652195667435E-6,1200.0,29.166666666666668,0.0,-78.94736842105262,-143.5530085959885,1200.0,849280.0
1300.0,8.675718505,1.8979149405539245E-6,1300.0,30.0,0.0,-75.33718689788053,-133.93316195372756,1300.0,849280.0
1400.0,9.372721118,2.051052926990576E-6,1400.0,30.428571428571427,0.0,-71.1775043936731,-129.17647058823528,1400.0,849280.0
1500.0,10.286613637,2.2518436522603243E-6,1500.0,30.06666666666667,0.0,-73.96351575456052,-133.11111111111106,1500.0,849280.0
1600.0,11.478794087,2.513776836120772E-6,1600.0,30.1875,0.0,-72.11093990755008,-131.7427385892116,1600.0,849280.0
1700.0,12.557030007,2.7506753421131313E-6,1700.0,29.764705882352942,0.0,-73.79912663755455,-136.43564356435638,1700.0,849280.0
1800.0,13.612123156,2.982489165085078E-6,1800.0,29.61111111111111,0.0,-74.27785419532327,-138.1578947368421,1800.0,849280.0
1900.0,14.457593404,3.1682468781208204E-6,1900.0,29.578947368421055,0.0,-74.67362924281981,-138.50267379679138,1900.0,849280.0
2000.0,15.333641529,3.3607228364341994E-6,2000.0,29.45,0.0,-74.84510532837672,-139.9659863945578,2000.0,849280.0
2100.0,16.419856858,3.5993744931385127E-6,2100.0,28.952380952380953,0.0,-77.40784780023785,-145.79901153212523,2100.0,849280.0
2200.0,17.613390356,3.8616049542866025E-6,2200.0,29.272727272727273,0.0,-76.61748013620883,-141.99066874027997,2200.0,849280.0
2300.0,18.778034753,4.117488210023133E-6,2300.0,29.304347826086957,0.0,-76.7391304347826,-141.6047548291233,2300.0,849280.0
2400.0,19.898649839,4.363697814750361E-6,2400.0,29.375,0.0,-76.37877211238295,-140.76704545454547,2400.0,849280.0
2500.0,20.949220202,4.594517939379998E-6,2500.0,29.360000000000003,0.0,-75.8964143426295,-140.9276944065484,2500.0,849280.0
2600.0,22.193442723,4.867885252488012E-6,2600.0,29.46153846153846,0.0,-73.67424242424241,-139.7385620915033,2600.0,849280.0
2700.0,23.497581725,5.1544167762942E-6,2700.0,29.40740740740741,0.0,-72.17705510388436,-140.3530895334174,2700.0,849280.0
2800.0,24.918758954,5.466662692104964E-6,2800.0,29.32142857142857,0.0,-73.44434706397898,-141.34146341463418,2800.0,849280.0
2900.0,26.466368075,5.806686875889389E-6,2900.0,29.24137931034483,0.0,-72.87278854254421,-142.2668240850059,2900.0,849280.0
3000.0,28.115224639,6.168956068894289E-6,3000.0,29.2,0.0,-71.98380566801622,-142.74285714285716,3000.0,849280.0
3100.0,29.667516796,6.510009159443301E-6,3100.0,29.419354838709676,0.0,-71.33907595927954,-140.17563117453352,3100.0,849280.0
3200.0,31.380350142,6.886334649213011E-6,3200.0,29.531249999999996,0.0,-70.70401211203632,-138.87711864406776,3200.0,849280.0
3300.0,33.279156405,7.303520126463329E-6,3300.0,29.757575757575754,0.0,-69.69253294289898,-136.28950050968402,3300.0,849280.0
3400.0,35.194641436,7.72437008487932E-6,3400.0,29.470588235294116,0.0,-72.14644651830584,-139.56043956043956,3400.0,849280.0
3500.0,37.043528203,8.130587782441597E-6,3500.0,29.714285714285715,0.0,-70.59639389736475,-136.76612127045237,3500.0,849280.0
3600.0,39.020043842,8.564846735667375E-6,3600.0,29.916666666666668,0.0,-70.47297297297297,-134.47955390334573,3600.0,849280.0
3700.0,41.008218649,9.001667317038795E-6,3700.0,29.81081081081081,0.0,-71.64573694646396,-135.6624319419238,3700.0,849280.0
3800.0,43.137108381,9.469404282185786E-6,3800.0,29.68421052631579,0.0,-71.83279742765272,-137.08961845607809,3800.0,849280.0
3900.0,45.399956888,9.96657324182807E-6,3900.0,29.641025641025642,0.0,-71.82216656230432,-137.57575757575762,3900.0,849280.0
4000.0,47.70988228,1.04740854329621E-5,4000.0,29.925,0.0,-70.3951367781155,-134.36454849498324,4000.0,849280.0
4100.0,50.024688962,1.0982670089116879E-5,4100.0,29.926829268292682,0.0,-70.50445103857565,-134.33931484502443,4100.0,849280.0
4200.0,52.317718558,1.1486470116005859E-5,4200.0,29.928571428571427,0.0,-71.20418848167542,-134.31528662420388,4200.0,849280.0
4300.0,54.609887307,1.1990081006765717E-5,4300.0,30.023255813953487,0.0,-70.67498581962562,-133.25581395348834,4300.0,849280.0
4400.0,56.967764807,1.2508128724062132E-5,4400.0,29.954545454545457,0.0,-70.37037037037037,-134.0167046317388,4400.0,849280.0
4500.0,59.339826904,1.3029292929851532E-5,4500.0,30.0,0.0,-69.90291262135922,-133.50630096367678,4500.0,849280.0
4600.0,61.891447123,1.358990773272417E-5,4600.0,29.84782608695652,0.0,-70.29023746701847,-135.2040816326531,4600.0,849280.0
4700.0,64.398881793,1.4140814557639115E-5,4700.0,29.744680851063833,0.0,-70.82255561303671,-136.36363636363632,4700.0,849280.0
4800.0,67.059572004,1.4725393056836579E-5,4800.0,29.770833333333336,0.0,-70.33855482566955,-136.06442577030813,4800.0,849280.0
4900.0,69.749817371,1.5316465099952306E-5,4900.0,29.591836734693878,0.0,-71.81274900398405,-138.0952380952381,4900.0,849280.0
5000.0,72.463082234,1.591259474141914E-5,5000.0,29.599999999999998,0.0,-70.790878214459,-137.99864773495608,5000.0,849280.0
5100.0,75.290686811,1.653384588637122E-5,5100.0,29.843137254901958,0.0,-69.33270231897777,-135.23997370151218,5100.0,849280.0
5200.0,78.040510149,1.7138007766375295E-5,5200.0,29.96153846153846,0.0,-68.68920796665124,-133.91136801541427,5200.0,849280.0
5300.0,80.695417076,1.7721315624042535E-5,5300.0,30.245283018867923,0.0,-66.98283649503162,-130.77403245942574,5300.0,849280.0
5400.0,83.442028582,1.8324771834546843E-5,5400.0,30.5,0.0,-65.5491839435377,-128.0072904009721,5400.0,849280.0
5500.0,86.193780072,1.8929357347560777E-5,5500.0,30.636363636363633,0.0,-65.15151515151514,-126.54394299287408,5500.0,849280.0
5600.0,89.000422612,1.954600293712767E-5,5600.0,30.892857142857146,0.0,-64.61080391322841,-123.82880277617122,5600.0,849280.0
5700.0,91.39582171,2.0072294500083246E-5,5700.0,30.982456140350877,0.0,-63.848396501457714,-122.88951841359777,5700.0,849280.0
5800.0,94.295508219,2.0709382718984635E-5,5800.0,31.120689655172413,0.0,-63.06122448979592,-121.45232815964526,5800.0,849280.0
5900.0,96.805770828,2.126091086852039E-5,5900.0,31.35593220338983,0.0,-61.93522590963614,-119.03731746890212,5900.0,849280.0
6000.0,99.474128656,2.1847174014814215E-5,6000.0,31.55,0.0,-60.995687965503706,-117.07188160676532,6000.0,849280.0
6100.0,102.182558511,2.2442241359848133E-5,6100.0,31.639344262295083,0.0,-60.569888332691576,-116.17418351477447,6100.0,849280.0
6200.0,105.360660184,2.3140499991619107E-5,6200.0,31.758064516129032,0.0,-59.53996983408749,-114.98983739837401,6200.0,849280.0
6300.0,108.49197784,2.3828479737734316E-5,6300.0,32.03174603174603,0.0,-58.76900259547646,-112.29548834903318,6300.0,849280.0
6400.0,111.340040481,2.4454225710494667E-5,6400.0,32.234375,0.0,-57.42286751361163,-110.32977691561594,6400.0,849280.0
6500.0,114.212388546,2.5085307417815774E-5,6500.0,32.353846153846156,0.0,-57.20414730067931,-109.18173168411036,6500.0,849280.0
6600.0,117.17055619,2.5735244488488154E-5,6600.0,32.59090909090909,0.0,-55.50506815798671,-106.9302325581395,6600.0,849280.0
6700.0,120.234805265,2.6408488640710395E-5,6700.0,32.626865671641795,0.0,-55.1735991749742,-106.59038901601834,6700.0,849280.0
6800.0,123.490420194,2.712377765906041E-5,6800.0,32.76470588235294,0.0,-54.40729483282676,-105.29860799281545,6800.0,849280.0
6900.0,126.315859279,2.774455302518707E-5,6900.0,32.869565217391305,0.0,-54.09181636726548,-104.32289369210407,6900.0,849280.0
7000.0,129.440337304,2.8431030040466303E-5,7000.0,33.02857142857143,0.0,-53.35296041871115,-102.85590653396794,7000.0,849280.0
7100.0,132.570525683,2.9118761673873344E-5,7100.0,33.028169014084504,0.0,-53.23880116016757,-102.85836177474404,7100.0,849280.0
7200.0,135.914902986,2.9853552615131783E-5,7200.0,33.263888888888886,0.0,-52.39454487789409,-100.71010860484544,7200.0,849280.0
7300.0,139.090595405,3.055128191128838E-5,7300.0,33.42465753424658,0.0,-51.6380655226209,-99.2619926199262,7300.0,849280.0
7400.0,142.388411243,3.127584286364484E-5,7400.0,33.56756756756757,0.0,-50.982800982801,-97.98630688683046,7400.0,849280.0
7500.0,145.630636795,3.198819011076591E-5,7500.0,33.6,0.0,-50.954834798423775,-97.69749900754267,7500.0,849280.0
7600.0,149.003332081,3.2729202777475134E-5,7600.0,33.75,0.0,-49.98510574918082,-96.37285491419658,7600.0,849280.0
7700.0,152.586074323,3.351636472296617E-5,7700.0,33.87012987012987,0.0,-49.150556531927336,-95.32029152282318,7700.0,849280.0
7800.0,155.83380796,3.422992214782587E-5,7800.0,33.98717948717949,0.0,-48.7720312048541,-94.30188679245283,7800.0,849280.0
7900.0,159.185364059,3.496629033763973E-5,7900.0,33.98734177215189,0.0,-48.32195676905576,-94.29955290611029,7900.0,849280.0
8000.0,163.009925251,3.58065821658522E-5,8000.0,34.1,0.0,-47.840717891194615,-93.3259992665933,8000.0,849280.0
8100.0,166.547068121,3.658372550326256E-5,8100.0,34.25925925925926,0.0,-47.221454243848505,-91.96106705118959,8100.0,849280.0
8200.0,170.388962268,3.742782554363693E-5,8200.0,34.40243902439024,0.0,-46.566757493188035,-90.74468085106385,8200.0,849280.0
8300.0,174.399045965,3.8308878399605237E-5,8300.0,34.6144578313253,0.0,-46.04413347685683,-88.96239554317546,8300.0,849280.0
8400.0,178.440693876,3.91968662083058E-5,8400.0,34.67857142857143,0.0,-45.737051792828694,-88.42719780219778,8400.0,849280.0
8500.0,182.448605987,4.007744194653996E-5,8500.0,34.87058823529412,0.0,-44.84563055991627,-86.83766452919338,8500.0,849280.0
8600.0,186.719970399,4.1015900616838884E-5,8600.0,35.0,0.0,-44.55650374967674,-85.77600531738119,8600.0,849280.0
8700.0,191.150111302,4.1989243965719657E-5,8700.0,34.97701149425288,0.0,-44.79140005119018,-85.9631821170283,8700.0,849280.0
8800.0,195.233549672,4.288641352872668E-5,8800.0,35.04545454545455,0.0,-44.52591656131478,-85.4038274408044,8800.0,849280.0
8900.0,199.448613711,4.38125024810417E-5,8900.0,35.12359550561798,0.0,-44.061876247505,-84.76799999999999,8900.0,849280.0
9000.0,203.4400889,4.468946687393604E-5,9000.0,35.333333333333336,0.0,-43.597335307179854,-83.07643913180246,9000.0,849280.0
9100.0,207.680895745,4.562121176125409E-5,9100.0,35.42857142857142,0.0,-43.35203708221517,-82.31461371393114,9100.0,849280.0
9200.0,212.075498929,4.6586747141228135E-5,9200.0,35.54347826086956,0.0,-43.0984555984556,-81.40104007341692,9200.0,849280.0
9300.0,216.548544642,4.756951707774187E-5,9300.0,35.612903225806456,0.0,-42.91169451073984,-80.85170643310175,9300.0,849280.0
9400.0,220.755384558,4.849379911339268E-5,9400.0,35.648936170212764,0.0,-42.59783121169261,-80.56716417910447,9400.0,849280.0
9500.0,225.430523534,4.952097082802175E-5,9500.0,35.73684210526316,0.0,-42.2082459818309,-79.87625220978197,9500.0,849280.0
9600.0,230.206617205,5.057285369788198E-5,9600.0,35.66666666666667,0.0,-42.3369439963125,-80.42652643879636,9600.0,851328.0
9700.0,234.965969933,5.162104955647735E-5,9700.0,35.63917525773196,0.0,-42.63193968471556,-80.64236111111113,9700.0,851328.0
9800.0,239.780370331,5.268136906780807E-5,9800.0,35.76530612244898,0.0,-42.16350496838302,-79.65182648401829,9800.0,851328.0
9900.0,244.449076442,5.3709600991396884E-5,9900.0,35.75757575757576,0.0,-42.31371671514881,-79.71178298954504,9900.0,851328.0
10000.0,249.12650083,5.473975302101014E-5,10000.0,35.88,0.0,-41.88979862801506,-78.75662113186506,10000.0,851328.0
