learning evaluation instances,evaluation time (cpu seconds),model cost (RAM-Hours),classified instances,classifications correct (percent),Kappa Statistic (percent),Kappa Temporal Statistic (percent),Kappa M Statistic (percent),model training instances,model serialized size (bytes)
100.0,2.668785901,1.6423326036609388E-5,100.0,100.0,?,?,?,100.0,2.3787552E7
200.0,7.289851309,4.679471739803788E-5,200.0,97.0,0.0,-50.0,0.0,200.0,2.5405336E7
300.0,11.053325441,7.154330143766028E-5,300.0,98.0,0.0,-50.00000000000042,0.0,300.0,2.5419312E7
400.0,14.866080083,9.662264530709847E-5,400.0,98.5,0.0,-50.0,0.0,400.0,2.5426096E7
500.0,18.662762317,1.2160145494664456E-4,500.0,98.4,0.0,-33.33333333333333,0.0,500.0,2.5431376E7
600.0,22.545439822,1.471524819377135E-4,600.0,98.33333333333333,0.0,-25.00000000000063,0.0,600.0,2.5437696E7
700.0,26.069884552,1.7035924028429105E-4,700.0,96.85714285714285,0.0,-83.33333333333377,0.0,700.0,2.5452248E7
800.0,29.65295487,1.9399430310560416E-4,800.0,93.0,66.64085304104368,-330.76923076923083,54.09836065573773,800.0,2.5497864E7
900.0,33.551646974,2.197288886722632E-4,900.0,92.55555555555556,75.74689898161108,-139.2857142857144,66.66666666666669,900.0,2.5515296E7
1000.0,37.168885554,2.436146172271333E-4,1000.0,91.8,76.42878907215666,-28.12500000000005,68.0933852140078,1000.0,2.552488E7
1100.0,40.691324243,2.66883283537792E-4,1100.0,87.18181818181819,65.54864504664593,-46.87499999999998,56.61538461538461,1100.0,2.553468E7
1200.0,44.523160399,2.922029728687055E-4,1200.0,85.58333333333333,61.39857643304997,-47.863247863247814,51.81058495821728,1200.0,2.5541936E7
1300.0,47.881316395,3.1439690858718936E-4,1300.0,82.76923076923077,55.42425030997904,-79.19999999999999,46.53937947494035,1300.0,2.554676E7
1400.0,51.398939819,3.3765365524342466E-4,1400.0,80.57142857142857,51.57779088930031,-87.58620689655179,43.096234309623426,1400.0,2.5556536E7
1500.0,54.920305955,3.609399349286704E-4,1500.0,78.26666666666667,46.99014602100881,-82.12290502793306,39.065420560747654,1500.0,2.5561792E7
1600.0,58.433443471,3.8417581343913815E-4,1600.0,76.125,42.87209780536134,-71.30044843049326,35.690235690235674,1600.0,2.5566208E7
1700.0,62.386419589,4.103243252502701E-4,1700.0,74.11764705882354,39.2781240512207,-83.33333333333324,32.61868300153141,1700.0,2.5569672E7
1800.0,66.035887829,4.344756712636836E-4,1800.0,73.33333333333333,37.859608745684675,-69.01408450704227,31.428571428571406,1800.0,2.55808E7
1900.0,69.673634013,4.58552643089489E-4,1900.0,71.6842105263158,35.39506216534618,-78.14569536423839,29.94791666666668,1900.0,2.55842E7
2000.0,73.089189646,4.811620457770704E-4,2000.0,71.05,33.974054882498905,-73.3532934131736,28.34158415841585,2000.0,2.5587632E7
2100.0,76.621829247,5.045515935191838E-4,2100.0,69.33333333333334,31.623205640023798,-73.58490566037737,26.984126984127,2100.0,2.5593216E7
2200.0,80.531917241,5.304426080018842E-4,2200.0,68.31818181818183,30.83446098331078,-75.1256281407035,27.01570680628273,2200.0,2.5595576E7
2300.0,83.849053559,5.524097264105285E-4,2300.0,68.0,30.86972324203357,-80.83538083538079,27.48768472906405,2300.0,2.559836E7
2400.0,87.391276318,5.75872276380404E-4,2400.0,67.875,30.972738260441375,-78.88631090487243,27.80898876404493,2400.0,2.560364E7
2500.0,90.752177825,5.981361356211333E-4,2500.0,67.47999999999999,30.315177680011395,-77.12418300653599,27.280858676207508,2500.0,2.5606312E7
2600.0,94.207695448,6.210301927351127E-4,2600.0,65.84615384615384,28.88350052856857,-93.46405228758172,27.093596059113295,2600.0,2.5610144E7
2700.0,97.469486632,6.426445222997759E-4,2700.0,64.4074074074074,27.75305226438923,-109.36819172113287,27.086494688922592,2700.0,2.5614624E7
2800.0,100.871033907,6.651879546338105E-4,2800.0,64.14285714285714,28.828217566103287,-118.73638344226578,27.351664254703334,2800.0,2.561804E7
2900.0,104.224873296,6.874207256673071E-4,2900.0,64.6896551724138,31.16046177384209,-123.09368191721136,25.904486251808972,2900.0,2.56244E7
3000.0,107.765407138,7.10894554934352E-4,3000.0,64.83333333333333,32.43410564103703,-129.84749455337686,23.66136034732272,3000.0,2.5628168E7
3100.0,111.455522939,7.353632475922287E-4,3100.0,65.19354838709678,33.87800770161387,-135.0762527233115,21.924746743849504,3100.0,2.5631448E7
3200.0,115.182476071,7.60077576919415E-4,3200.0,65.71875,35.30056191786357,-136.9330453563715,20.96541786743516,3200.0,2.5632872E7
3300.0,118.529587086,7.822752216309166E-4,3300.0,65.87878787878788,35.47535654562726,-138.05496828752644,20.760028149190727,3300.0,2.5635344E7
3400.0,121.988765981,8.052169678529006E-4,3400.0,66.55882352941175,36.95308127178051,-138.36477987421395,20.322354590049034,3400.0,2.5636328E7
3500.0,125.350347442,8.27512276396417E-4,3500.0,66.62857142857142,36.82419818657012,-140.32921810699582,20.652173913043477,3500.0,2.5637296E7
3600.0,128.680282281,8.495990361737696E-4,3600.0,66.83333333333333,36.97628693208059,-142.1906693711968,21.18811881188118,3600.0,2.5638856E7
3700.0,132.021489976,8.717627792364119E-4,3700.0,66.75675675675676,36.56154366631622,-147.48490945674055,21.20435618193465,3700.0,2.5641416E7
3800.0,135.30855541,8.935684334309481E-4,3800.0,66.84210526315789,36.67361916614974,-143.24324324324334,20.504731861198735,3800.0,2.5642664E7
3900.0,138.593401879,9.153601289235463E-4,3900.0,66.58974358974359,35.85134407068332,-143.55140186915895,20.403176542455704,3900.0,2.564356E7
4000.0,142.125218016,9.387916556548917E-4,4000.0,67.07499999999999,36.84377105507347,-146.1682242990654,19.54795357361025,4000.0,2.5645128E7
4100.0,145.971037926,9.643091112986834E-4,4100.0,67.53658536585367,37.655885989933736,-147.85847299813776,19.18639951426838,4100.0,2.564784E7
4200.0,149.676319983,9.888948030255828E-4,4200.0,67.92857142857143,38.21165702063412,-146.25228519195608,19.244604316546756,4200.0,2.5648592E7
4300.0,153.35827466,0.0010133271963137609,4300.0,68.46511627906978,39.142051977872875,-147.4452554744525,18.802395209580848,4300.0,2.5650152E7
4400.0,156.794869627,0.0010361322567672242,4400.0,68.52272727272727,39.0947403600986,-148.20788530465953,18.911007025761116,4400.0,2.5651056E7
4500.0,160.4821385,0.0010606021342102043,4500.0,68.68888888888888,39.30612266777757,-151.15864527629225,19.069500287191257,4500.0,2.565248E7
4600.0,164.061782085,0.001084358880207631,4600.0,69.19565217391305,40.09465452641858,-152.135231316726,18.889524899828285,4600.0,2.5653672E7
4700.0,167.711535245,0.0011085817781482789,4700.0,69.34042553191489,40.16398251117083,-155.04424778761066,19.452207937395187,4700.0,2.5654584E7
4800.0,171.3891241,0.0011330129742150655,4800.0,69.35416666666666,39.988270991101245,-154.93934142114384,18.953168044077128,4800.0,2.5679344E7
4900.0,175.0708112,0.0011574730951878932,4900.0,69.57142857142857,40.227710505078676,-155.74614065180106,18.56908793009286,4900.0,2.5681128E7
5000.0,178.359006906,0.0011793198109381117,5000.0,69.98,40.81133192090217,-153.9763113367175,18.37955410549211,5000.0,2.568212E7
5100.0,181.816229998,0.0012022912017160968,5100.0,70.2156862745098,41.057751215000536,-156.15514333895436,17.980561555075596,5100.0,2.5683976E7
5200.0,185.310480882,0.0012255097648985191,5200.0,70.5576923076923,41.48248678997203,-156.44891122278062,17.510775862068968,5200.0,2.568524E7
5300.0,188.687323457,0.001247948985221385,5300.0,70.77358490566039,41.72372886360952,-156.88225538971807,16.809881847475832,5300.0,2.5686168E7
5400.0,192.096690879,0.0012706062815981242,5400.0,70.75925925925925,41.44642292073202,-159.2775041050904,16.188959660297233,5400.0,2.5688376E7
5500.0,195.66374205,0.0012943143087483671,5500.0,71.14545454545454,41.957412693734625,-158.0487804878049,16.385669125395157,5500.0,2.569144E7
5600.0,199.227054954,0.001317999576930353,5600.0,71.625,42.58430011227111,-157.53646677471625,16.3684210526316,5600.0,2.5693704E7
5700.0,202.675728908,0.0013409238130360685,5700.0,71.82456140350877,42.75405631241868,-156.14035087719304,16.484659386375437,5700.0,2.5694792E7
5800.0,206.376307537,0.0013655234060353492,5800.0,71.98275862068965,42.78877555232354,-154.3035993740218,16.193914388860257,5800.0,2.5695712E7
5900.0,210.03736813,0.0013898617273939897,5900.0,71.98305084745763,42.55146493852765,-155.48686244204018,15.963396034570426,5900.0,2.5697216E7
6000.0,213.450171474,0.0014125525511584347,6000.0,72.25,42.87984389215715,-153.42465753424645,16.20533467539006,6000.0,2.5700488E7
6100.0,216.910956766,0.0014355639555784696,6100.0,72.21311475409836,42.64763733448827,-152.60804769001493,16.3788850518007,6100.0,2.5702232E7
6200.0,220.28597032,0.0014580065844645824,6200.0,72.16129032258064,42.36735880913077,-150.5079825834544,16.416464891041134,6200.0,2.5703992E7
6300.0,223.733964251,0.0014809355199763387,6300.0,72.22222222222221,42.28226751061771,-150.35765379113028,16.547448736289933,6300.0,2.5705128E7
6400.0,227.051125805,0.0015029951289376071,6400.0,72.53125,42.7098614378281,-148.65629420084863,17.0363378952336,6400.0,2.5705944E7
6500.0,230.552547656,0.0015262814146682028,6500.0,72.64615384615385,42.783248170791786,-149.0196078431373,17.494199535962892,6500.0,2.57074E7
6600.0,234.17195099,0.0015503554176306156,6600.0,72.71212121212122,42.77006629786374,-149.4459833795014,17.76255707762558,6600.0,2.5710688E7
6700.0,237.568429109,0.0015729477161593587,6700.0,72.85074626865672,42.89132327485622,-148.83720930232553,18.17363922627082,6700.0,2.5711888E7
6800.0,241.121279993,0.001596582090717138,6800.0,72.95588235294119,42.918084904761244,-148.8497970230041,18.011591618368268,6800.0,2.5713992E7
6900.0,244.668970377,0.0016201830909533437,6900.0,73.28985507246377,43.320413690067625,-148.71794871794873,17.906458797327417,6900.0,2.5715032E7
7000.0,248.509957115,0.0016457367865238823,7000.0,73.24285714285715,43.04554427712629,-150.06675567423235,17.814831066257145,7000.0,2.5716584E7
7100.0,251.929475075,0.0016684872856507823,7100.0,73.40845070422534,43.17526679408935,-151.06382978723406,17.626527050610793,7100.0,2.571748E7
7200.0,255.571107046,0.0016927161713580822,7200.0,73.65277777777777,43.46407934168916,-151.92563081009288,17.700650759219084,7200.0,2.5718152E7
7300.0,259.01432597,0.001715627584216531,7300.0,73.61643835616438,43.268749440648534,-154.42536327608977,17.586649550706035,7300.0,2.5721104E7
7400.0,262.388929634,0.0017380826918648807,7400.0,73.94594594594595,43.64447608662489,-154.6895640686922,17.501069747539592,7400.0,2.5721408E7
7500.0,265.704428571,0.0017601450775197433,7500.0,74.29333333333334,44.069014040379386,-154.01844532279324,17.571611799914482,7500.0,2.5722072E7
7600.0,269.016118073,0.0017821825526301664,7600.0,74.63157894736842,44.458448264686616,-154.01844532279304,17.571611799914514,7600.0,2.5722584E7
7700.0,272.387297892,0.0018046167961903834,7700.0,74.88311688311688,44.69816833803584,-154.8089591567853,17.315091919623786,7700.0,2.5723608E7
7800.0,275.738220278,0.0018269165235651255,7800.0,75.2051282051282,45.05926346081186,-154.80895915678525,17.315091919623747,7800.0,2.5723944E7
7900.0,279.141466663,0.0018495649569100529,7900.0,75.49367088607595,45.36283182173502,-155.0724637681159,17.229585292860182,7900.0,2.5724512E7
8000.0,282.549792129,0.0018722481082889977,8000.0,75.6625,45.45914464139598,-156.52173913043467,16.75929884566055,8000.0,2.5725552E7
8100.0,286.139418288,0.0018961385240503974,8100.0,75.93827160493827,45.741190955923436,-156.78524374176544,16.673792218896967,8100.0,2.5726272E7
8200.0,289.993081735,0.0019217867811543575,8200.0,76.23170731707317,46.05491140027703,-156.78524374176556,16.673792218896978,8200.0,2.572684E7
8300.0,293.687252779,0.0019463741093476569,8300.0,76.49397590361446,46.315443851960794,-157.04874835309613,16.58828559213338,8300.0,2.5727448E7
8400.0,297.167878647,0.0019695492193882967,8400.0,76.70238095238095,46.482755315750715,-157.8392621870884,16.331765711842692,8400.0,2.5737528E7
8500.0,300.668725449,0.001992859647880551,8500.0,76.95294117647059,46.72504009819371,-158.10276679841886,16.24625908507909,8500.0,2.573828E7
8600.0,304.269418771,0.0020168353154296484,8600.0,77.22093023255813,46.99954120001239,-158.10276679841903,16.246259085079103,8600.0,2.573872E7
8700.0,307.654448317,0.0020393754280900334,8700.0,77.48275862068965,47.26501365831597,-158.10276679841905,16.246259085079096,8700.0,2.5739256E7
8800.0,311.219684476,0.0020631163056955885,8800.0,77.63636363636364,47.380590455257675,-157.92922673656628,16.07675906183369,8800.0,2.5740136E7
8900.0,315.275527051,0.0020901251765495445,8900.0,77.82022471910113,47.49894257372983,-158.03921568627445,16.035729476818375,8900.0,2.5741136E7
9000.0,318.901925919,0.002114275625210895,9000.0,78.0,47.62353395126591,-158.82352941176478,15.780518928115713,9000.0,2.5742576E7
9100.0,322.425324164,0.0021377417546987534,9100.0,78.24175824175825,47.86053105863494,-158.8235294117646,15.7805189281157,9100.0,2.574436E7
9200.0,325.897512278,0.0021608675318148824,9200.0,78.43478260869566,48.01209671194628,-159.34640522875802,15.610378562313901,9200.0,2.5745152E7
9300.0,329.259101514,0.0021832585529345475,9300.0,78.35483870967742,47.7223102411092,-158.7403598971723,15.491183879093198,9300.0,2.5747296E7
9324.0,330.864094153,0.002193949201527915,9324.0,78.36765336765336,47.70302751414948,-157.92838874680305,15.5006284038542,9324.0,2.57474E7
