learning evaluation instances,evaluation time (cpu seconds),model cost (RAM-Hours),classified instances,classifications correct (percent),Kappa Statistic (percent),Kappa Temporal Statistic (percent),Kappa M Statistic (percent),model training instances,model serialized size (bytes)
100.0,0.116027098,9.127834706621038E-9,100.0,100.0,?,?,?,100.0,304096.0
200.0,0.474286126,3.9855951539716785E-8,200.0,95.5,44.92044063647486,-125.0,-50.0,200.0,331544.0
300.0,0.566947218,4.779876117705471E-8,300.0,96.0,38.27160493827152,-200.00000000000085,-100.0,300.0,331344.0
400.0,0.614002779,5.183260566496394E-8,400.0,96.25,33.30369052912419,-274.9999999999995,-149.99999999999963,400.0,331368.0
500.0,0.657183718,5.5534476379996376E-8,500.0,95.39999999999999,24.00211472376431,-283.33333333333337,-187.5,500.0,331384.0
600.0,0.699545376,5.9166198398516414E-8,600.0,95.33333333333334,24.460431654676366,-250.0000000000004,-179.99999999999895,600.0,331392.0
700.0,0.736691295,6.235860958033138E-8,700.0,94.14285714285714,27.656785642266605,-241.6666666666672,-86.36363636363622,700.0,332208.0
800.0,0.771919083,6.539506662103865E-8,800.0,93.75,76.29882442169132,-284.6153846153849,59.01639344262294,800.0,333184.0
900.0,0.804269875,6.818200123894546E-8,900.0,93.11111111111111,80.0715709173506,-121.42857142857157,69.1542288557214,900.0,333000.0
1000.0,0.834352633,7.077398658105069E-8,1000.0,92.60000000000001,80.57385871419947,-15.625000000000028,71.20622568093387,1000.0,333056.0
1100.0,0.864776899,7.339558577452683E-8,1100.0,87.63636363636364,68.73889875666073,-41.66666666666668,58.153846153846146,1100.0,333080.0
1200.0,0.894503948,7.595778390567336E-8,1200.0,85.91666666666666,64.2761516889559,-44.44444444444443,52.924791086350965,1200.0,333168.0
1300.0,0.923244434,7.843518730862273E-8,1300.0,82.6923076923077,57.076947459248764,-80.00000000000007,46.30071599045345,1300.0,333200.0
1400.0,0.951089797,8.08366997703082E-8,1400.0,81.07142857142857,54.64214979093822,-82.75862068965523,44.56066945606694,1400.0,333376.0
1500.0,0.97971637,8.330623908638747E-8,1500.0,78.73333333333333,49.79013641133264,-78.21229050279335,40.373831775700936,1500.0,333464.0
1600.0,1.008120974,8.575657093311142E-8,1600.0,77.0625,46.61604646004022,-64.5739910313901,38.215488215488215,1600.0,333456.0
1700.0,1.035403397,8.811004102898554E-8,1700.0,76.52941176470588,46.42704821960566,-66.24999999999997,38.897396630934146,1700.0,333448.0
1800.0,1.062892953,9.04816635504489E-8,1800.0,76.94444444444444,47.90794979079499,-46.12676056338024,40.71428571428572,1800.0,333488.0
1900.0,1.090883341,9.28964946435847E-8,1900.0,77.52631578947368,50.48979282971614,-41.39072847682119,44.40104166666667,1900.0,333488.0
2000.0,1.119030256,9.532471337598643E-8,2000.0,78.35,52.415072443381625,-29.640718562874234,46.41089108910891,2000.0,333472.0
2100.0,1.147843673,9.781025196870786E-8,2100.0,79.0952380952381,55.11981679888771,-18.32884097035042,50.22675736961452,2100.0,333448.0
2200.0,1.175416087,1.001882811144677E-7,2200.0,79.72727272727272,57.25717571517561,-12.060301507537705,53.29842931937172,2200.0,333384.0
2300.0,1.203955243,1.0264939322339368E-7,2300.0,80.13043478260869,58.4719445607769,-12.285012285012275,54.97536945812808,2300.0,333344.0
2400.0,1.232607226,1.0512035371547562E-7,2400.0,80.75,59.97366232326032,-7.1925754060324945,56.74157303370786,2400.0,333360.0
2500.0,1.260333266,1.0751140306569426E-7,2500.0,81.28,61.196295008981224,-1.960784313725516,58.13953488372092,2500.0,333352.0
2600.0,1.287889361,1.0988785366114019E-7,2600.0,81.76923076923077,62.86824433442444,-3.2679738562091387,61.083743842364534,2600.0,333360.0
2700.0,1.31615424,1.1232531312785419E-7,2700.0,82.22222222222221,64.23848953975818,-4.575163398692806,63.58118361153261,2700.0,333344.0
2800.0,1.344203283,1.1474392748794826E-7,2800.0,82.53571428571429,65.16324829556385,-6.535947712418277,64.616497829233,2800.0,333312.0
2900.0,1.371908753,1.1713285887786702E-7,2900.0,83.0,66.2629643473369,-7.407407407407451,64.32706222865411,2900.0,333304.0
3000.0,1.399757784,1.1953411131964167E-7,3000.0,83.46666666666667,67.26637253331879,-8.06100217864922,64.10998552821997,3000.0,333296.0
3100.0,1.426624411,1.218504902338609E-7,3100.0,84.0,68.31901205426976,-8.061002178649254,64.10998552821997,3100.0,333272.0
3200.0,1.453918625,1.2420362174127664E-7,3200.0,84.40625,69.06610956734399,-7.775377969762408,64.04899135446686,3200.0,333256.0
3300.0,1.48034838,1.264820063593549E-7,3300.0,84.42424242424242,69.04894762407517,-8.668076109936592,63.828289936664326,3300.0,333224.0
3400.0,1.507801674,1.2884873908578728E-7,3400.0,84.70588235294117,69.4895821073656,-9.014675052410935,63.559915907498244,3400.0,333240.0
3500.0,1.538254517,1.314738091092267E-7,3500.0,84.85714285714285,69.75820913820515,-9.053497942386825,63.9945652173913,3500.0,333208.0
3600.0,1.563191655,1.336235222502715E-7,3600.0,85.0,70.00263865678481,-9.53346855983776,64.35643564356435,3600.0,333224.0
3700.0,1.590893297,1.360114355894054E-7,3700.0,85.24324324324324,70.46404001989531,-9.859154929577532,65.02242152466367,3700.0,333208.0
3800.0,1.617592494,1.3831299227564284E-7,3800.0,85.47368421052632,70.85326726592363,-6.563706563706619,65.17350157728707,3800.0,333216.0
3900.0,1.642076029,1.404235517685736E-7,3900.0,85.74358974358974,71.39535123010279,-3.925233644859849,66.03543066585218,3900.0,333216.0
4000.0,1.669222457,1.4276366120597968E-7,4000.0,86.05000000000001,71.87796953900282,-4.299065420560688,65.91325595601711,4000.0,333216.0
4100.0,1.695401225,1.450203552379335E-7,4100.0,86.29268292682927,72.23659405350786,-4.6554934823091285,65.87735276259866,4100.0,333216.0
4200.0,1.721471437,1.4726758348328784E-7,4200.0,86.52380952380952,72.60755096848416,-3.473491773308928,66.06714628297362,4200.0,333200.0
4300.0,1.748129726,1.495653930797138E-7,4300.0,86.83720930232558,73.08184058362126,-3.2846715328467133,66.10778443113772,4300.0,333184.0
4400.0,1.775637695,1.5193627000003017E-7,4400.0,86.68181818181819,72.72028601802509,-5.017921146953394,65.69086651053865,4400.0,333160.0
4500.0,1.801101237,1.5413099305258647E-7,4500.0,86.82222222222222,72.95931768104946,-5.704099821746844,65.9391154508903,4500.0,333168.0
4600.0,1.827936717,1.564438534610118E-7,4600.0,87.06521739130434,73.3101533754416,-5.871886120996436,65.94161419576417,4600.0,333152.0
4700.0,1.85452949,1.5873557561736758E-7,4700.0,87.19148936170212,73.55281239957517,-6.548672566371734,66.34991615427612,4700.0,333120.0
4800.0,1.882383928,1.6113602602234934E-7,4800.0,87.08333333333333,73.26801242821843,-7.452339688041556,65.84022038567494,4800.0,333120.0
4900.0,1.910019285,1.6351765357546506E-7,4900.0,87.14285714285714,73.27424057546872,-8.061749571183539,65.59257236482797,4900.0,333128.0
5000.0,1.935821282,1.65741281335389E-7,5000.0,87.2,73.22482694452603,-8.291032148900197,65.19847743338771,5000.0,333128.0
5100.0,1.96220548,1.680149742307824E-7,5100.0,87.3921568627451,73.48950914402958,-8.431703204047183,65.28077753779698,5100.0,333112.0
5200.0,1.995965408,1.709238611221044E-7,5200.0,87.5576923076923,73.66318181078071,-8.375209380234574,65.14008620689654,5200.0,333064.0
5300.0,2.038674573,1.7460384913060396E-7,5300.0,87.71698113207546,73.83377015762076,-7.960199004975182,65.03759398496238,5300.0,333064.0
5400.0,2.079551918,1.7812583119299464E-7,5400.0,87.68518518518519,73.65089036657182,-9.19540229885057,64.7027600849257,5400.0,333048.0
5500.0,2.106007095,1.8040520278259693E-7,5500.0,87.74545454545455,73.64400653190675,-9.593495934959321,64.48893572181245,5500.0,333048.0
5600.0,2.140514421,1.8337834556359378E-7,5600.0,87.92857142857143,73.8390092879257,-9.56239870340349,64.42105263157897,5600.0,333048.0
5700.0,2.176712707,1.864965817157965E-7,5700.0,87.9298245614035,73.72780218353479,-9.728867623604437,64.22256890275612,5700.0,332984.0
5800.0,2.205498343,1.88976268484373E-7,5800.0,87.9655172413793,73.65847501023171,-9.2331768388106,64.00206291903044,5800.0,332984.0
5900.0,2.229779281,1.9106790615696866E-7,5900.0,87.96610169491525,73.57735602749771,-9.737248840803709,63.90442297915608,5900.0,332984.0
6000.0,2.254967047,1.9323766089437315E-7,6000.0,88.03333333333333,73.62330876611087,-9.284627092846259,63.865123301459484,6000.0,332984.0
6100.0,2.279579778,1.95357829338726E-7,6100.0,87.90163934426229,73.3373828513258,-9.98509687034279,63.59151455352738,6100.0,332976.0
6200.0,2.304149023,1.9747425184992858E-7,6200.0,87.69354838709677,72.83599847487447,-10.740203193033409,63.050847457627114,6200.0,332976.0
6300.0,2.328677616,1.9958717255194145E-7,6300.0,87.63492063492063,72.65202624763532,-11.444921316166015,62.85169289461135,6300.0,332976.0
6400.0,2.352946997,2.0167766398343766E-7,6400.0,87.734375,72.77904298397169,-11.032531824611048,62.954223690419994,6400.0,332960.0
6500.0,2.377513818,2.0379367431400955E-7,6500.0,87.8,72.90952111160047,-11.064425770308151,63.201856148491885,6500.0,332944.0
6600.0,2.401219123,2.0583538169412555E-7,6600.0,87.63636363636364,72.52239290284265,-13.019390581717486,62.739726027397246,6600.0,332928.0
6700.0,2.424668937,2.0785498689982203E-7,6700.0,87.67164179104478,72.56319235898144,-12.995896032831745,62.8430049482681,6700.0,332912.0
6800.0,2.448184196,2.0988027719547964E-7,6800.0,87.73529411764706,72.59924776450892,-12.855209742895864,62.8176549264378,6800.0,332920.0
6900.0,2.471625059,2.1189896596009524E-7,6900.0,87.91304347826086,72.81212129802206,-12.550607287449447,62.85077951002227,6900.0,332888.0
7000.0,2.496411006,2.14033491157792E-7,7000.0,87.82857142857144,72.58277689027825,-13.751668891855779,62.61518209741117,7000.0,332888.0
7100.0,2.521822925,2.1622192403983316E-7,7100.0,87.95774647887325,72.74607993405724,-13.696808510638236,62.69633507853404,7100.0,332888.0
7200.0,2.546189842,2.1832026219977884E-7,7200.0,88.02777777777779,72.76543759206871,-14.475431606905634,62.60303687635576,7200.0,332872.0
7300.0,2.56994237,2.2036579104420822E-7,7300.0,87.95890410958904,72.58349627909418,-16.116248348745007,62.387676508344036,7300.0,332888.0
7400.0,2.59320745,2.223693416645025E-7,7400.0,88.12162162162163,72.76109665166601,-16.11624834874499,62.38767650834405,7400.0,332888.0
7500.0,2.617279935,2.2444232504111186E-7,7500.0,88.25333333333333,72.8886817272792,-16.073781291172697,62.334330910645555,7500.0,332872.0
7600.0,2.640811346,2.2646861684834987E-7,7600.0,88.40789473684211,73.05337649772777,-16.07378129117254,62.33433091064558,7600.0,332856.0
7700.0,2.665687616,2.286107660627964E-7,7700.0,88.53246753246754,73.1574746746729,-16.337285902503375,62.248824283882,7700.0,332864.0
7800.0,2.689194292,2.3063497658662693E-7,7800.0,88.67948717948718,73.31053112174823,-16.337285902503258,62.248824283882,7800.0,332864.0
7900.0,2.712815483,2.3266904824387062E-7,7900.0,88.82278481012659,73.4580422698855,-16.337285902503215,62.24882428388201,7900.0,332864.0
8000.0,2.736210209,2.346835216762476E-7,8000.0,88.8875,73.44070181078247,-17.127799736495366,61.99230440359127,8000.0,332848.0
8100.0,2.759417659,2.3668186914388697E-7,8100.0,89.02469135802468,73.57905750371792,-17.12779973649539,61.99230440359127,8100.0,332848.0
8200.0,2.782837577,2.3869856027939033E-7,8200.0,89.15853658536585,73.71265652396924,-17.127799736495408,61.99230440359129,8200.0,332856.0
8300.0,2.805971792,2.4069055374780035E-7,8300.0,89.28915662650603,73.8417400278702,-17.1277997364953,61.99230440359129,8300.0,332840.0
8400.0,2.830431843,2.42796608333958E-7,8400.0,89.39285714285714,73.91473459904935,-17.391304347826182,61.9067977768277,8400.0,332824.0
8500.0,2.854142473,2.4483813641794223E-7,8500.0,89.49411764705883,73.98429234601807,-17.654808959156735,61.82129115006413,8500.0,332824.0
8600.0,2.877939653,2.4688711661330726E-7,8600.0,89.61627906976744,74.10171761342194,-17.654808959156753,61.82129115006415,8600.0,332824.0
8700.0,2.901466415,2.48912813330274E-7,8700.0,89.73563218390804,74.21542418848165,-17.65480895915684,61.82129115006413,8700.0,332824.0
8800.0,2.925190966,2.5095554003751105E-7,8800.0,89.85227272727273,74.36601690099681,-17.038007863695942,61.91897654584223,8800.0,332824.0
8900.0,2.948147099,2.529321045665504E-7,8900.0,89.96629213483146,74.51337892878523,-16.732026143790854,62.01616333475116,8900.0,332824.0
9000.0,2.971843773,2.549724310137186E-7,9000.0,90.05555555555556,74.56736739700051,-16.99346405228763,61.93109315185028,9000.0,332824.0
9100.0,2.994977162,2.569642097276345E-7,9100.0,90.14285714285715,74.61878899282485,-17.25490196078422,61.8460229689494,9100.0,332816.0
9200.0,3.017877447,2.589359182484054E-7,9200.0,90.18478260869566,74.56905824945638,-18.03921568627438,61.59081242024672,9200.0,332816.0
9300.0,3.041259986,2.6094924549712277E-7,9300.0,90.06451612903226,74.27330437687938,-18.76606683804633,61.20906801007556,9300.0,332832.0
9324.0,3.053605896,2.620122762062007E-7,9324.0,90.06864006864006,74.26830118032292,-18.414322250639348,61.206535400083794,9324.0,332832.0
