learning evaluation instances,evaluation time (cpu seconds),model cost (RAM-Hours),classified instances,classifications correct (percent),Kappa Statistic (percent),Kappa Temporal Statistic (percent),Kappa M Statistic (percent),model training instances,model serialized size (bytes)
100.0,0.108011528,8.497250995569758E-9,100.0,100.0,?,?,?,100.0,304096.0
200.0,0.424390093,3.520502706807728E-8,200.0,97.0,0.0,-50.0,0.0,200.0,326312.0
300.0,0.506334505,4.212576286456858E-8,300.0,97.33333333333334,-1.0101010101004748,-100.0,-33.333333333332966,300.0,326464.0
400.0,0.555128562,4.6247241611609025E-8,400.0,98.0,-0.7556675062977083,-100.0,-33.33333333333333,400.0,326504.0
500.0,0.603023337,5.0293355609151635E-8,500.0,97.0,-1.5159718462371536,-150.0,-87.5,500.0,326552.0
600.0,0.643435211,5.3709076217154246E-8,600.0,97.16666666666667,17.609046849757767,-112.50000000000031,-69.9999999999994,600.0,326720.0
700.0,0.68265943,5.703220617280031E-8,700.0,95.28571428571428,8.478605388272555,-175.00000000000034,-49.99999999999982,700.0,327488.0
800.0,0.72215449,6.038645607188964E-8,800.0,91.875,63.825583660294384,-400.0000000000007,46.72131147540979,800.0,328288.0
900.0,0.753629343,6.306054020898623E-8,900.0,91.77777777777779,74.19504823898642,-164.2857142857144,63.18407960199007,900.0,328408.0
1000.0,0.782995669,6.555591062704307E-8,1000.0,91.60000000000001,76.5738731754115,-31.250000000000057,67.31517509727628,1000.0,328464.0
1100.0,0.81415296,6.820378869178186E-8,1100.0,87.09090909090908,65.81682897472369,-47.91666666666672,56.30769230769228,1100.0,328504.0
1200.0,0.844290659,7.076532939172244E-8,1200.0,86.5,64.26930358225964,-38.461538461538424,54.874651810584965,1200.0,328544.0
1300.0,0.87255254,7.316755273344821E-8,1300.0,84.92307692307692,61.700451838468496,-56.800000000000004,53.22195704057279,1300.0,328560.0
1400.0,0.90057494,7.555000045302219E-8,1400.0,85.07142857142857,63.71509779314384,-44.13793103448277,56.276150627615074,1400.0,328640.0
1500.0,0.929526719,7.801152333913577E-8,1500.0,83.86666666666667,61.61532849030866,-35.19553072625703,54.76635514018692,1500.0,328648.0
1600.0,0.958788613,8.049959434098666E-8,1600.0,82.5,59.19467782012139,-25.560538116591935,52.861952861952844,1600.0,328672.0
1700.0,0.986180141,8.282868914804523E-8,1700.0,82.17647058823529,59.367358207777876,-26.249999999999947,53.598774885145495,1700.0,328680.0
1800.0,1.013355643,8.513958404582405E-8,1800.0,82.22222222222221,59.888579387186624,-12.67605633802818,54.28571428571427,1800.0,328704.0
1900.0,1.040752755,8.74693237626718E-8,1900.0,82.42105263157895,61.36744394444121,-10.596026490066217,56.51041666666667,1900.0,328704.0
2000.0,1.067651557,8.975680055018099E-8,2000.0,82.45,61.57248458520179,-5.089820359281407,56.55940594059407,2000.0,328720.0
2100.0,1.095229848,9.210211822577026E-8,2100.0,82.76190476190476,63.09436424435201,2.425876010781638,58.95691609977324,2100.0,328728.0
2200.0,1.122313352,9.440524603748692E-8,2200.0,83.13636363636364,64.50316609839261,6.783919597989978,61.15183246073299,2200.0,328712.0
2300.0,1.149750752,9.673852525228633E-8,2300.0,83.47826086956522,65.50213342069634,6.633906633906619,62.561576354679794,2300.0,328720.0
2400.0,1.177160314,9.906943712080724E-8,2400.0,83.45833333333333,65.62800322075134,7.888631090487236,62.827715355805246,2400.0,328720.0
2500.0,1.203954774,1.0134809610826479E-7,2500.0,83.56,65.96113175344398,10.45751633986928,63.23792486583185,2500.0,328728.0
2600.0,1.233688817,1.0387705129783392E-7,2600.0,83.5,66.39507151818113,6.535947712418277,64.7783251231527,2600.0,328768.0
2700.0,1.262238333,1.0630537765740726E-7,2700.0,83.88888888888889,67.59170347608988,5.2287581699346735,66.99544764795145,2700.0,328784.0
2800.0,1.289921802,1.0866004095527653E-7,2800.0,84.10714285714286,68.29784354095277,3.0501089324618764,67.80028943560058,2800.0,328784.0
2900.0,1.316962451,1.1096008409705839E-7,2900.0,84.13793103448276,68.53233290999022,-0.21786492374728417,66.71490593342982,2900.0,328792.0
3000.0,1.347442529,1.1355274376791797E-7,3000.0,84.26666666666667,68.88256773315659,-2.832244008714575,65.8465991316932,3000.0,328800.0
3100.0,1.374507957,1.1585500660938934E-7,3100.0,84.48387096774194,69.33866433291496,-4.793028322440077,65.19536903039074,3100.0,328808.0
3200.0,1.402108933,1.1820293894422964E-7,3200.0,84.21875,68.82220476402885,-9.071274298056194,63.61671469740633,3200.0,328824.0
3300.0,1.429503183,1.2053328571760818E-7,3300.0,84.21212121212122,68.80212348066179,-10.147991543340371,63.335679099225906,3300.0,328824.0
3400.0,1.456104814,1.227962067673707E-7,3400.0,84.32352941176471,68.94045864326603,-11.740041928721183,62.648913805185714,3400.0,328824.0
3500.0,1.48261446,1.2505130292877346E-7,3500.0,84.37142857142858,69.01568102707718,-12.551440329218044,62.83967391304349,3500.0,328824.0
3600.0,1.50704009,1.2712911809284032E-7,3600.0,84.36111111111111,68.98954383967832,-14.198782961460479,62.83828382838282,3600.0,328824.0
3700.0,1.533221125,1.2935615193216336E-7,3700.0,84.51351351351352,69.26578852148741,-15.291750503018124,63.29276105060859,3700.0,328808.0
3800.0,1.561327383,1.3174700892402893E-7,3800.0,84.71052631578947,69.60669594306245,-12.162162162162229,63.34384858044163,3800.0,328816.0
3900.0,1.587478776,1.339715754529875E-7,3900.0,84.6923076923077,69.60478783011371,-11.588785046729031,63.53084911423335,3900.0,328816.0
4000.0,1.613635824,1.3619662302414988E-7,4000.0,84.725,69.59348832857744,-14.205607476635523,62.675626145387895,4000.0,328816.0
4100.0,1.639824694,1.3842437753165345E-7,4100.0,84.09756097560975,68.35595127583566,-21.415270018621992,60.412871888281714,4100.0,328816.0
4200.0,1.665582915,1.4061539229151686E-7,4200.0,84.0,68.1248983574565,-22.851919561243143,59.71223021582733,4200.0,328800.0
4300.0,1.691527766,1.428222819475788E-7,4300.0,84.0,68.02656095315086,-25.54744525547446,58.80239520958083,4300.0,328800.0
4400.0,1.718005135,1.4507452280586583E-7,4400.0,83.88636363636364,67.78909892905672,-27.06093189964156,58.48946135831382,4400.0,328808.0
4500.0,1.743988909,1.4728483083559197E-7,4500.0,84.11111111111111,68.19023966813053,-27.450980392156797,58.93164847788628,4500.0,328816.0
4600.0,1.771093453,1.4959047709180039E-7,4600.0,84.17391304347827,68.21158056069046,-29.53736654804268,58.32856325128793,4600.0,328816.0
4700.0,1.796991551,1.5179349709821034E-7,4700.0,84.3404255319149,68.5241758387745,-30.265486725663703,58.85969815539408,4700.0,328816.0
4800.0,1.822381248,1.5395337510025126E-7,4800.0,84.25,68.29066886870355,-31.022530329289378,58.34710743801654,4800.0,328832.0
4900.0,1.848388018,1.561658007544879E-7,4900.0,84.20408163265306,68.12879576664088,-32.76157804459693,57.72801747678864,4900.0,328840.0
5000.0,1.873620432,1.583123510585787E-7,5000.0,84.2,67.96978553379284,-33.671742808798705,57.04187058183795,5000.0,328840.0
5100.0,1.899897155,1.6054774192312936E-7,5100.0,84.41176470588235,68.24750671074399,-34.0640809443507,57.07343412526998,5100.0,328840.0
5200.0,1.927442982,1.6289109691577028E-7,5200.0,84.48076923076923,68.25222939496756,-35.175879396985,56.51939655172412,5200.0,328840.0
5300.0,1.953459061,1.6510431449727874E-7,5300.0,84.50943396226414,68.17244765163821,-36.152570480928745,55.90762620837807,5300.0,328840.0
5400.0,1.979449721,1.673153696553988E-7,5400.0,84.5,68.0228411915726,-37.43842364532025,55.573248407643305,5400.0,328840.0
5500.0,2.005681734,1.6954695698913803E-7,5500.0,84.61818181818181,68.11561867348914,-37.56097560975613,55.4267650158061,5500.0,328840.0
5600.0,2.032077193,1.7179244886094493E-7,5600.0,84.89285714285715,68.48323576370412,-37.11507293354936,55.47368421052633,5600.0,328840.0
5700.0,2.058145325,1.740100946506692E-7,5700.0,84.98245614035088,68.55451703999478,-36.52312599681019,55.48621944877796,5700.0,328840.0
5800.0,2.084197315,1.7622636722200028E-7,5800.0,85.05172413793105,68.53586858422297,-35.68075117370881,55.286230015471915,5800.0,328840.0
5900.0,2.110645982,1.7847638555919332E-7,5900.0,85.01694915254238,68.35759821090235,-36.63060278207108,55.0584646670056,5900.0,328840.0
6000.0,2.152647747,1.820495237231875E-7,6000.0,85.13333333333334,68.49731114661901,-35.76864535768635,55.108203321590366,6000.0,328840.0
6100.0,2.184177567,1.8473186680904276E-7,6100.0,84.88524590163934,67.92575646956801,-37.40685543964239,54.51406018746915,6100.0,328848.0
6200.0,2.210880123,1.870035390374685E-7,6200.0,84.72580645161291,67.5132599503575,-37.445573294629924,54.140435835351084,6200.0,328848.0
6300.0,2.234882083,1.8904546288774656E-7,6300.0,84.74603174603175,67.4837539612106,-37.48211731044353,54.17262756318551,6300.0,328848.0
6400.0,2.260049528,1.9118653829142449E-7,6400.0,84.921875,67.75361085416802,-36.49222065063646,54.459650778669186,6400.0,328848.0
6500.0,2.285043643,1.9331286795513081E-7,6500.0,85.01538461538462,67.92600131822057,-36.41456582633057,54.80278422273782,6500.0,328848.0
6600.0,2.309232455,1.9537068790536372E-7,6600.0,84.8939393939394,67.61945253933528,-38.08864265927975,54.47488584474887,6600.0,328848.0
6700.0,2.334545156,1.9752412070363758E-7,6700.0,84.97014925373134,67.72322255509953,-37.75649794801642,54.7008547008547,6700.0,328848.0
6800.0,2.359806918,1.9967327223941267E-7,6800.0,85.07352941176471,67.86338539818765,-37.347767253044715,54.74810521622826,6800.0,328856.0
6900.0,2.384299514,2.0175698676053431E-7,6900.0,85.26086956521739,68.07857330014411,-37.24696356275308,54.69933184855233,6900.0,328856.0
7000.0,2.417339693,2.0456788931911808E-7,7000.0,85.24285714285715,67.98384377355497,-37.917222963951964,54.67310223782361,7000.0,328856.0
7100.0,2.441501638,2.0662347361304277E-7,7100.0,85.43661971830986,68.26966231528166,-37.499999999999986,54.88656195462477,7100.0,328856.0
7200.0,2.465045014,2.0862643297461584E-7,7200.0,85.56944444444444,68.4117718594187,-37.98140770252322,54.924078091106274,7200.0,328856.0
7300.0,2.488178406,2.105946085856151E-7,7300.0,85.56164383561644,68.35711916290595,-39.23381770145304,54.899443731279426,7300.0,328872.0
7400.0,2.511522803,2.12580736379969E-7,7400.0,85.75675675675676,68.58260568124904,-39.23381770145308,54.899443731279426,7400.0,328872.0
7500.0,2.539630461,2.1497211966513136E-7,7500.0,85.92,68.75859680973203,-39.130434782608795,54.852501068832815,7500.0,328872.0
7600.0,2.56338866,2.1699345349430208E-7,7600.0,86.10526315789474,68.96708607140464,-39.130434782608624,54.85250106883285,7600.0,328872.0
7700.0,2.587230972,2.1902199295304713E-7,7700.0,86.25974025974025,69.11618517975703,-39.39393939393946,54.76699444206926,7700.0,328880.0
7800.0,2.611662599,2.2110067221078192E-7,7800.0,86.43589743589743,69.30940356393826,-39.393939393939384,54.76699444206925,7800.0,328880.0
7900.0,2.635522609,2.2313071744175833E-7,7900.0,86.60759493670886,69.49541781627893,-39.39393939393931,54.766994442069276,7900.0,328880.0
8000.0,2.658626785,2.2509645518891098E-7,8000.0,86.7375,69.59948975279315,-39.789196310935374,54.63873450192391,8000.0,328880.0
8100.0,2.684824266,2.2732537593821683E-7,8100.0,86.90123456790123,69.77280698533367,-39.78919631093544,54.63873450192389,8100.0,328880.0
8200.0,2.708111513,2.2930673783446557E-7,8200.0,87.0609756097561,69.94000300731264,-39.78919631093549,54.6387345019239,8200.0,328888.0
8300.0,2.731884852,2.3132945816895614E-7,8300.0,87.21686746987952,70.10139647457022,-39.789196310935345,54.63873450192391,8300.0,328888.0
8400.0,2.75535432,2.3332632407673946E-7,8400.0,87.3452380952381,70.20861973544487,-40.05270092226619,54.553227875160346,8400.0,328888.0
8500.0,2.780344469,2.3545257493886064E-7,8500.0,87.49411764705883,70.359596437811,-40.0527009222661,54.55322787516032,8500.0,328888.0
8600.0,2.804380896,2.3749767973719787E-7,8600.0,87.63953488372093,70.50559205818429,-40.0527009222662,54.55322787516032,8600.0,328888.0
8700.0,2.828235708,2.395273320846384E-7,8700.0,87.7816091954023,70.6468491028215,-40.05270092226616,54.55322787516034,8700.0,328888.0
8800.0,2.851555977,2.4151150361023223E-7,8800.0,87.92045454545455,70.82384644655009,-39.31847968545227,54.66950959488271,8800.0,328888.0
8900.0,2.874694412,2.434802040516295E-7,8900.0,88.0561797752809,70.99682129060848,-38.954248366013104,54.785197788175225,8900.0,328888.0
9000.0,2.897782635,2.454446322772714E-7,9000.0,88.16666666666667,71.07883983693839,-39.21568627450981,54.700127605274375,9000.0,328888.0
9100.0,2.921569115,2.474685199234697E-7,9100.0,88.2967032967033,71.20400678351176,-39.21568627450978,54.70012760527434,9100.0,328896.0
9200.0,2.945829053,2.495326920420739E-7,9200.0,88.39130434782608,71.25598665399686,-39.607843137254875,54.57252233092299,9200.0,328896.0
9300.0,2.970838643,2.516606487736913E-7,9300.0,88.33333333333333,71.1126478764468,-39.460154241645334,54.45004198152811,9300.0,328896.0
9324.0,2.983146534,2.5270787343852844E-7,9324.0,88.33118833118833,71.084118109259,-39.130434782608745,54.41977377461246,9324.0,328896.0
