learning evaluation instances,evaluation time (cpu seconds),model cost (RAM-Hours),classified instances,classifications correct (percent),Kappa Statistic (percent),Kappa Temporal Statistic (percent),Kappa M Statistic (percent),model training instances,model serialized size (bytes)
100.0,0.325051186,6.685703365142975E-8,100.0,56.00000000000001,3.0409872190392555,12.00000000000001,-4.76190476190474,100.0,795056.0
200.0,0.665253655,1.3683040676268025E-7,200.0,53.5,6.155398587285586,3.1250000000000027,0.0,200.0,795056.0
300.0,0.883659322,1.8175242414698833E-7,300.0,56.99999999999999,14.403255772803671,13.99999999999999,6.5217391304347645,300.0,795056.0
400.0,1.096826513,2.255969836375904E-7,400.0,57.25,14.61100569259963,18.181818181818187,8.064516129032254,400.0,795056.0
500.0,1.305442082,2.685053584338145E-7,500.0,55.800000000000004,11.404380872967524,12.648221343873528,5.555555555555561,500.0,795056.0
600.0,1.510613622,3.10705359987095E-7,600.0,55.666666666666664,11.333333333333329,11.333333333333329,5.338078291814951,600.0,795056.0
700.0,1.719324392,3.536333158731129E-7,700.0,56.14285714285714,12.512823853181123,14.48467966573815,4.953560371517015,700.0,795056.0
800.0,1.936503497,3.9830305207697467E-7,800.0,56.375,12.997955825896193,13.613861386138609,5.9299191374663005,800.0,795056.0
900.0,2.151393271,4.42501915119013E-7,900.0,56.44444444444444,13.081183357313202,12.69487750556793,6.888361045130627,900.0,795056.0
1000.0,2.375876514,4.886739777904997E-7,1000.0,57.599999999999994,15.362503992334704,14.170040485829949,9.594882729211072,1000.0,795056.0
1100.0,2.582223443,5.311157351819715E-7,1100.0,57.99999999999999,16.236752319889234,13.80597014925373,9.41176470588234,1100.0,795056.0
1200.0,2.795054848,5.748912296856773E-7,1200.0,58.416666666666664,17.026017359686936,13.667820069204145,10.892857142857132,1200.0,795056.0
1300.0,3.001678712,6.17389947498805E-7,1300.0,57.769230769230774,15.694103194103201,12.44019138755982,10.586319218241051,1300.0,795056.0
1400.0,3.204327091,6.590709813720691E-7,1400.0,58.357142857142854,16.785612332286604,13.501483679525212,13.244047619047606,1400.0,795056.0
1500.0,3.40881089,7.011295272864815E-7,1500.0,58.733333333333334,17.498933750355427,14.265927977839334,14.620689655172415,1500.0,795056.0
1600.0,3.619955578,7.445580952134314E-7,1600.0,59.0,17.986672834335568,14.583333333333323,15.025906735751295,1600.0,795056.0
1700.0,3.828410597,7.874334478358717E-7,1700.0,59.1764705882353,18.322983516445486,15.262515262515276,15.262515262515276,1700.0,795056.0
1800.0,4.034998878,8.299248468821991E-7,1800.0,59.5,18.96458452212448,16.206896551724125,16.013824884792623,1800.0,795056.0
1900.0,4.250119365,8.74171163333021E-7,1900.0,59.68421052631578,19.38369572081079,16.55773420479302,16.466739367502715,1900.0,795056.0
2000.0,4.465162708,9.184016126859022E-7,2000.0,59.95,19.880450830002534,17.166494312306117,16.908713692946062,2000.0,795056.0
2100.0,4.672500904,9.610472554161481E-7,2100.0,59.952380952380956,19.838596937154485,17.951219512195138,16.23505976095619,2100.0,795056.0
2200.0,4.87513739,1.002725843118669E-6,2200.0,59.77272727272728,19.507137281879647,17.750929368029755,16.43059490084986,2200.0,795056.0
2300.0,5.078608858,1.0445761712180159E-6,2300.0,59.95652173913043,19.870145983634323,18.495575221238937,16.726943942133808,2300.0,795056.0
2400.0,5.283468552,1.086712031800846E-6,2400.0,59.958333333333336,19.894860267517274,18.902953586497897,17.1551724137931,2400.0,795056.0
2500.0,5.488293108,1.1288406651451684E-6,2500.0,60.08,20.15448107773209,19.059205190592046,17.927631578947377,2500.0,795056.0
2600.0,5.691726826,1.1706832287657839E-6,2600.0,60.23076923076923,20.472079440358215,18.83830455259027,18.066561014263083,2600.0,795056.0
2700.0,5.897931593,1.21309574605592E-6,2700.0,60.44444444444444,20.89357667693767,19.879969992498133,18.721461187214615,2700.0,795056.0
2800.0,6.128805895,1.2605823316857424E-6,2800.0,60.60714285714286,21.21645628130654,20.303468208092497,19.01615271659325,2800.0,795056.0
2900.0,6.343595629,1.3047606183449383E-6,2900.0,60.689655172413794,21.379310344827584,19.943820224719104,18.861209964412815,2900.0,795056.0
3000.0,6.557499021,1.3487566008026027E-6,3000.0,61.06666666666667,22.125026669511417,20.97428958051422,19.281271596406356,3000.0,795056.0
3100.0,6.768315654,1.3921176938667643E-6,3100.0,61.29032258064516,22.580645161290324,21.77314211212517,19.839679358717436,3100.0,795056.0
3200.0,6.979811414,1.4356184708288723E-6,3200.0,61.15625,22.308797528632223,21.428571428571434,19.28571428571428,3200.0,795056.0
3300.0,7.186029627,1.4780337537132077E-6,3300.0,61.303030303030305,22.599351128325548,21.75245098039215,19.279393173198482,3300.0,795056.0
3400.0,7.39128451,1.5202508973843932E-6,3400.0,61.29411764705882,22.57829638337654,21.899109792284865,19.214241866175563,3400.0,795056.0
3500.0,7.596707953,1.5625027107386248E-6,3500.0,61.31428571428571,22.62713134579157,22.004608294930865,19.64391691394658,3500.0,795056.0
3600.0,7.809498035,1.6062697058634003E-6,3600.0,61.416666666666664,22.826425822064323,22.358859698155385,19.757365684575383,3600.0,795056.0
3700.0,8.067360617,1.6593072829120149E-6,3700.0,61.54054054054055,23.066245061136716,22.45231607629429,19.830985915492963,3700.0,795056.0
3800.0,8.281910859,1.703436310484049E-6,3800.0,61.71052631578947,23.41243918291087,22.688629117959614,20.448332422088576,3800.0,795056.0
3900.0,8.492105506,1.7466694725000442E-6,3900.0,61.89743589743589,23.78324635973402,22.96526697770864,20.78891257995735,3900.0,795056.0
4000.0,8.717567252,1.7930427951909267E-6,4000.0,62.025,24.04487302892944,23.282828282828273,21.336095287415844,4000.0,795056.0
4100.0,8.921692355,1.8350275639539994E-6,4100.0,61.97560975609756,23.940179300267257,23.428290766208253,21.103238866396758,4100.0,795056.0
4200.0,9.128701844,1.8776055977170827E-6,4200.0,61.92857142857143,23.848163502272396,23.41954022988506,21.153846153846164,4200.0,795056.0
4300.0,9.378580649,1.9290010590911693E-6,4300.0,62.06976744186047,24.13218198324034,23.749415614773266,21.548821548821564,4300.0,795056.0
4400.0,9.637998092,1.9823584423693183E-6,4400.0,62.272727272727266,24.540543444459708,24.408014571948996,22.102299389957768,4400.0,795056.0
4500.0,9.862823049,2.028600789307964E-6,4500.0,62.2,24.399044254584158,24.500665778961384,22.115384615384606,4500.0,795056.0
4600.0,10.099350972,2.0772502205009754E-6,4600.0,62.39130434782608,24.778627224125263,24.684370918589448,22.351885098743253,4600.0,795056.0
4700.0,10.33476689,2.1256709327755284E-6,4700.0,62.46808510638297,24.93708089010055,24.90421455938697,22.563652326602266,4700.0,795056.0
4800.0,10.551905852,2.1703324123046956E-6,4800.0,62.60416666666667,25.20916434261841,24.98955286251568,22.729229444683615,4800.0,795056.0
4900.0,10.760542406,2.213245103328368E-6,4900.0,62.83673469387755,25.675029562061667,25.582345729464645,23.00211416490486,4900.0,795056.0
5000.0,10.974834371,2.2573210080852144E-6,5000.0,62.86000000000001,25.716814737015923,25.690276110444188,22.978017420157613,5000.0,795056.0
5100.0,11.193873366,2.302373289357895E-6,5100.0,62.84313725490196,25.68167997467893,25.773599686643166,22.936152907686054,5100.0,795056.0
5200.0,11.416194868,2.348100721777263E-6,5200.0,62.80769230769231,25.611588165372346,25.985457328740917,22.948207171314735,5200.0,795056.0
5300.0,11.62385815,2.390813228701758E-6,5300.0,62.96226415094339,25.92522448347228,26.25845229151013,23.260359655981222,5300.0,795056.0
5400.0,11.846548312,2.4366164876834877E-6,5400.0,63.0,25.99927927967474,26.4359351988218,23.301343570057583,5400.0,795056.0
5500.0,12.065624658,2.481676451367959E-6,5500.0,63.14545454545455,26.290304793242612,26.69077757685354,23.595929136826236,5500.0,795056.0
5600.0,12.289633117,2.5277508597276563E-6,5600.0,63.28571428571429,26.574566010253392,26.962699822380117,23.682256867112113,5600.0,795056.0
5700.0,12.496086546,2.570214522204821E-6,5700.0,63.21052631578947,26.426759143335143,26.755151938526012,23.43921139101862,5700.0,795056.0
5800.0,12.711395349,2.614499571783505E-6,5800.0,63.1551724137931,26.312079691821776,26.71467764060356,23.569384835479266,5800.0,795056.0
5900.0,12.918243375,2.657044395585544E-6,5900.0,63.28813559322034,26.57741861201594,27.07070707070708,23.919915700737622,5900.0,795056.0
6000.0,13.12913162,2.70042021791728E-6,6000.0,63.28333333333334,26.565051097790825,26.932006633499178,23.929558011049732,6000.0,795056.0
6100.0,13.335940497,2.742956989492091E-6,6100.0,63.42622950819672,26.85041452381361,27.162912177603655,23.98637137989778,6100.0,795056.0
6200.0,13.549153628,2.7868109979933665E-6,6200.0,63.61290322580645,27.22451148714508,27.552986512524086,24.447421299397178,6200.0,795056.0
6300.0,13.757535613,2.8296713288690604E-6,6300.0,63.63492063492063,27.26947477689482,27.52293577981651,24.588545095457533,6300.0,795056.0
6400.0,13.968739686,2.8731121111952018E-6,6400.0,63.78125,27.5625,27.922885572139304,24.715816823644037,6400.0,795056.0
6500.0,14.171528078,2.9148219431601385E-6,6500.0,64.04615384615384,28.09046953152885,28.31288343558282,25.168107588856863,6500.0,795056.0
6600.0,14.377083265,2.9571008538252575E-6,6600.0,64.03030303030303,28.0567743736581,28.40772014475271,25.063131313131304,6600.0,795056.0
6700.0,14.57771801,2.998367720324588E-6,6700.0,64.14925373134328,28.296558739177126,28.63933452168746,25.47316165063605,6700.0,795056.0
6800.0,14.780319856,3.0400391832180157E-6,6800.0,64.26470588235294,28.526147215028512,28.884986830553128,25.688073394495415,6800.0,795056.0
6900.0,14.98630783,3.082407110186625E-6,6900.0,64.47826086956522,28.9537640528454,29.325259515570938,26.196928635953032,6900.0,795056.0
7000.0,15.211534156,3.128732011325641E-6,7000.0,64.45714285714286,28.914285714285715,29.17734130372901,26.28148148148147,7000.0,795056.0
7100.0,15.418836394,3.1713702581585033E-6,7100.0,64.45070422535211,28.90057348025195,29.041326960922138,26.198830409356738,7100.0,795056.0
7200.0,15.620598219,3.212868944225746E-6,7200.0,64.61111111111111,29.22006496339972,29.33998890737659,26.50706662820882,7200.0,795056.0
7300.0,15.825737629,3.2550623372306386E-6,7300.0,64.71232876712328,29.422406044103482,29.521203830369352,26.755757748080743,7300.0,795056.0
7400.0,16.028475186,3.2967617133736862E-6,7400.0,64.83783783783784,29.671894705223025,29.6376419686317,26.99214365881033,7400.0,795056.0
7500.0,16.23633939,3.3395155462477358E-6,7500.0,64.90666666666667,29.81043341239556,29.775880469583786,27.19225449515906,7500.0,795056.0
7600.0,16.442433626,3.3819053293498275E-6,7600.0,64.94736842105263,29.89559130027224,29.96845425867508,27.371864776444927,7600.0,795056.0
7700.0,16.647775298,3.4241403239175597E-6,7700.0,64.88311688311688,29.767328301377134,29.784471565827065,27.253161151466255,7700.0,795056.0
7800.0,16.856550865,3.467081607351349E-6,7800.0,64.83333333333333,29.663337120494855,29.594455852156052,27.00904736562001,7800.0,795056.0
7900.0,17.067264389,3.5104214927959737E-6,7900.0,64.88607594936708,29.771139144772143,29.71877375221686,27.267960146827463,7900.0,795056.0
8000.0,17.271265488,3.552380756223401E-6,8000.0,64.9125,29.824684211078946,29.68436873747494,27.29862729862728,8000.0,795056.0
8100.0,17.482126984,3.5957510767792004E-6,8100.0,64.98765432098766,29.975594673687343,29.836714497773375,27.30069213022301,8100.0,795056.0
8200.0,17.683254972,3.6371193942661586E-6,8200.0,65.07317073170732,30.143748346161097,30.095191603612403,27.309644670050766,8200.0,795056.0
8300.0,17.891389982,3.679928926939609E-6,8300.0,65.13253012048193,30.259759618251707,30.130371801062278,27.304697312233106,8300.0,795056.0
8400.0,18.100632714,3.722966297597414E-6,8400.0,65.28571428571428,30.56387089751264,30.53835159599808,27.53479125248508,8400.0,795056.0
8500.0,18.305479285,3.7650994590211873E-6,8500.0,65.34117647058824,30.67400503590052,30.45325779036827,27.6700220967346,8500.0,795056.0
8600.0,18.514566075,3.8081047552858173E-6,8600.0,65.36046511627906,30.71093222104735,30.527052238805968,27.676620538965764,8600.0,795056.0
8700.0,18.717647932,3.849874947588527E-6,8700.0,65.47126436781609,30.93178296573133,30.815292491939207,27.892462794047056,8700.0,795056.0
8800.0,18.920519342,3.891601854824863E-6,8800.0,65.43181818181819,30.851421067151325,30.674567000911573,27.74346793349168,8800.0,795056.0
8900.0,19.129987519,3.934685595361016E-6,8900.0,65.57303370786516,31.13530084036874,30.866425992779778,28.10886907555139,8900.0,795056.0
9000.0,19.337669167,3.9774018798329645E-6,9000.0,65.56666666666666,31.123415105108464,30.87218380548738,28.130797773654916,9000.0,795056.0
9100.0,19.543921609,4.019824202991274E-6,9100.0,65.63736263736264,31.264897674054616,31.0778047167732,28.296262325154785,9100.0,795056.0
9200.0,19.748001622,4.061799697572996E-6,9200.0,65.69565217391305,31.381060149764334,31.361461505002175,28.419142662735315,9200.0,795056.0
9300.0,19.952277522,4.103815482497638E-6,9300.0,65.76344086021506,31.51601169856166,31.467929401635804,28.51369555455769,9300.0,795056.0
9400.0,20.154945482,4.145500543821447E-6,9400.0,65.85106382978724,31.69151495153073,31.614827439284205,28.73001776198936,9400.0,795056.0
9500.0,20.355645192,4.18678077242305E-6,9500.0,65.89473684210526,31.777378815080787,31.789473684210524,28.759894459102895,9500.0,795056.0
9600.0,20.555979197,4.227985782251289E-6,9600.0,65.92708333333334,31.842280481031814,31.811548884719613,28.87584257447271,9600.0,795056.0
9700.0,20.758013454,4.269540502556142E-6,9700.0,66.01030927835052,32.00610201485042,31.95046439628484,29.005167958656347,9700.0,795056.0
9800.0,20.965355843,4.312187007709151E-6,9800.0,66.07142857142857,32.130560930447615,32.031888798037606,29.225202213707952,9800.0,795056.0
9900.0,21.177907372,4.355904936881745E-6,9900.0,66.1010101010101,32.19049376212711,32.10600849686427,29.33249105074754,9900.0,795056.0
10000.0,21.381469148,4.397773839671033E-6,10000.0,66.25999999999999,32.50822673507165,32.37121667668871,29.693686184621786,10000.0,795056.0
