learning evaluation instances,evaluation time (cpu seconds),model cost (RAM-Hours),classified instances,classifications correct (percent),Kappa Statistic (percent),Kappa Temporal Statistic (percent),Kappa M Statistic (percent),model training instances,model serialized size (bytes)
100.0,0.41731285,8.583355624373589E-8,100.0,35.0,0.0,-35.41666666666667,-91.17647058823532,100.0,795056.0
200.0,0.761056686,1.5653532322920862E-7,200.0,27.500000000000004,0.0,-93.33333333333333,-168.51851851851848,200.0,795056.0
300.0,0.970407379,1.995948994734594E-7,300.0,30.0,0.0,-74.99999999999999,-135.9550561797753,300.0,795056.0
400.0,1.180431943,2.427930785533993E-7,400.0,29.75,0.0,-86.0927152317881,-138.13559322033896,400.0,795056.0
500.0,1.385329786,2.8493678568190175E-7,500.0,28.999999999999996,0.0,-87.83068783068784,-146.52777777777774,500.0,795056.0
600.0,1.588690219,3.2676427592970023E-7,600.0,29.833333333333336,0.0,-80.68669527896996,-136.5168539325843,600.0,795056.0
700.0,1.790227738,3.6821682638988733E-7,700.0,29.714285714285715,0.0,-76.97841726618705,-137.68115942028987,700.0,795056.0
800.0,2.002016931,4.1177795710795874E-7,800.0,29.625,0.0,-77.602523659306,-138.55932203389827,800.0,795056.0
900.0,2.203027729,4.531221707733928E-7,900.0,29.555555555555557,0.0,-78.59154929577463,-139.24528301886795,900.0,795056.0
1000.0,2.409618269,4.956140344543549E-7,1000.0,29.9,0.0,-75.6892230576441,-135.23489932885903,1000.0,795056.0
1100.0,2.625091569,5.399329180319235E-7,1100.0,29.454545454545457,0.0,-77.57437070938217,-140.2476780185759,1100.0,795056.0
1200.0,2.823272997,5.80695182473821E-7,1200.0,29.166666666666668,0.0,-78.94736842105262,-143.5530085959885,1200.0,795056.0
1300.0,3.03203931,6.236345625304928E-7,1300.0,30.0,0.0,-75.33718689788053,-133.93316195372756,1300.0,795056.0
1400.0,3.230182807,6.643890252652971E-7,1400.0,30.428571428571427,0.0,-71.1775043936731,-129.17647058823528,1400.0,795056.0
1500.0,3.439116182,7.073627668940442E-7,1500.0,30.06666666666667,0.0,-73.96351575456052,-133.11111111111106,1500.0,795056.0
1600.0,3.648751124,7.504808079148498E-7,1600.0,30.1875,0.0,-72.11093990755008,-131.7427385892116,1600.0,795056.0
1700.0,3.86554986,7.95072309231013E-7,1700.0,29.764705882352942,0.0,-73.79912663755455,-136.43564356435638,1700.0,795056.0
1800.0,4.080510054,8.392856563682108E-7,1800.0,29.61111111111111,0.0,-74.27785419532327,-138.1578947368421,1800.0,795056.0
1900.0,4.295241034,8.834518584132773E-7,1900.0,29.63157894736842,0.0,-74.54308093994776,-137.90035587188615,1900.0,795056.0
2000.0,4.506711986,9.269475328273491E-7,2000.0,29.5,0.0,-74.5049504950495,-139.38879456706283,2000.0,795056.0
2100.0,4.726980986,9.722528034420724E-7,2100.0,29.04761904761905,0.0,-76.74970344009488,-144.66338259441704,2100.0,795056.0
2200.0,4.929959292,1.0140016972139972E-6,2200.0,29.363636363636363,0.0,-76.1904761904762,-140.9302325581395,2200.0,795056.0
2300.0,5.138032521,1.0567985226752482E-6,2300.0,29.347826086956523,0.0,-76.63043478260867,-141.09792284866472,2300.0,795056.0
2400.0,5.349100765,1.1002113674813465E-6,2400.0,29.375,0.0,-76.37877211238295,-140.76704545454547,2400.0,795056.0
2500.0,5.559958303,1.1435808739495482E-6,2500.0,29.32,0.0,-75.82089552238804,-141.39344262295086,2500.0,795056.0
2600.0,5.768927885,1.186562062690386E-6,2600.0,29.423076923076923,0.0,-73.60454115421004,-140.18324607329842,2600.0,795056.0
2700.0,5.975444952,1.2290388143303987E-6,2700.0,29.444444444444446,0.0,-71.77637511271415,-139.92443324937028,2700.0,795056.0
2800.0,6.182469054,1.2716198537180569E-6,2800.0,29.428571428571427,0.0,-72.27550130775936,-140.09720534629406,2800.0,795056.0
2900.0,6.398752537,1.316105376995549E-6,2900.0,29.310344827586203,0.0,-72.12426532325776,-141.4605418138987,2900.0,795056.0
3000.0,6.602852455,1.3580849656686389E-6,3000.0,29.233333333333334,0.0,-71.34786117836964,-142.35159817351595,3000.0,795056.0
3100.0,6.810239444,1.400740644219037E-6,3100.0,29.419354838709676,0.0,-70.40498442367603,-140.17563117453352,3100.0,795056.0
3200.0,7.032776693,1.4465124518170245E-6,3200.0,29.593750000000004,0.0,-69.90950226244341,-138.16067653276954,3200.0,795056.0
3300.0,7.24777249,1.4907331218346535E-6,3300.0,29.666666666666668,0.0,-70.16129032258064,-137.321063394683,3300.0,795056.0
3400.0,7.451708076,1.5326789104463155E-6,3400.0,29.64705882352941,0.0,-70.85714285714288,-137.53723932472695,3400.0,795056.0
3500.0,7.658397795,1.5751911734183003E-6,3500.0,29.714285714285715,0.0,-70.47817047817048,-136.76612127045237,3500.0,795056.0
3600.0,7.876967553,1.6201469412947813E-6,3600.0,29.86111111111111,0.0,-69.91924629878868,-135.1024208566108,3600.0,795056.0
3700.0,8.101478657,1.666324734460094E-6,3700.0,30.08108108108108,0.0,-69.19555264879006,-132.6438848920863,3700.0,795056.0
3800.0,8.330861203,1.7135044933949612E-6,3800.0,29.947368421052634,0.0,-70.42253521126761,-134.1248900615655,3800.0,795056.0
3900.0,8.545289904,1.7576085222250216E-6,3900.0,29.97435897435897,0.0,-69.73275326289621,-133.81849315068493,3900.0,795056.0
4000.0,8.752818292,1.8002932839417285E-6,4000.0,30.0,0.0,-69.38898971566849,-133.52793994995832,4000.0,795056.0
4100.0,8.962106438,1.8433399954217086E-6,4100.0,30.21951219512195,0.0,-68.19517930629041,-131.0985460420032,4100.0,795056.0
4200.0,9.167565409,1.8855991162302544E-6,4200.0,30.214285714285715,0.0,-68.06192660550461,-131.15141955835963,4200.0,795056.0
4300.0,9.370268364,1.927291375380108E-6,4300.0,30.162790697674417,0.0,-69.18309859154932,-131.71296296296296,4300.0,795056.0
4400.0,9.570814906,1.9685401001491723E-6,4400.0,30.25,0.0,-68.53377265238882,-130.75187969924815,4400.0,795056.0
4500.0,9.77237372,2.0099970305980902E-6,4500.0,30.288888888888888,0.0,-67.93361884368309,-130.32305433186494,4500.0,795056.0
4600.0,9.983397058,2.0534006390682437E-6,4600.0,30.26086956521739,0.0,-67.51958224543083,-130.6254493170381,4600.0,795056.0
4700.0,10.18408655,2.09467876601571E-6,4700.0,30.404255319148938,0.0,-66.71763506625891,-129.06162464985997,4700.0,795056.0
4800.0,10.387826259,2.136584266341266E-6,4800.0,30.541666666666668,0.0,-65.70576540755467,-127.57679180887374,4800.0,795056.0
4900.0,10.593538022,2.178895381801666E-6,4900.0,30.551020408163264,0.0,-65.19417475728153,-127.47326203208556,4900.0,795056.0
5000.0,10.808132594,2.2230335272370688E-6,5000.0,30.56,0.0,-65.64885496183206,-127.37393582187295,5000.0,795056.0
5100.0,11.021440225,2.2669069726453677E-6,5100.0,30.686274509803923,0.0,-65.03267973856207,-126.02301790281332,5100.0,795056.0
5200.0,11.247074624,2.313315806873904E-6,5200.0,30.76923076923077,0.0,-64.15868673050615,-125.14071294559099,5200.0,795056.0
5300.0,11.463055987,2.3577391896397577E-6,5300.0,30.943396226415093,0.0,-62.88384512683578,-123.30689444783407,5300.0,795056.0
5400.0,11.681632431,2.402696332703121E-6,5400.0,31.037037037037035,0.0,-62.691131498470966,-122.3283582089552,5400.0,795056.0
5500.0,11.892068328,2.445979115394453E-6,5500.0,31.09090909090909,0.0,-62.45177882554649,-121.76711527208892,5500.0,795056.0
5600.0,12.09148547,2.4869955434143957E-6,5600.0,30.982142857142858,0.0,-62.942664418212466,-122.89504036908883,5600.0,795056.0
5700.0,12.292734732,2.528388804726352E-6,5700.0,31.17543859649123,0.0,-61.83993399339936,-120.88963963963964,5700.0,795056.0
5800.0,12.500103326,2.5710406997645315E-6,5800.0,31.344827586206897,0.0,-60.62928600242032,-119.15244909190974,5800.0,795056.0
5900.0,12.703957562,2.612969756181629E-6,5900.0,31.52542372881356,0.0,-59.36883629191318,-117.32114039806349,5900.0,795056.0
6000.0,12.900321467,2.6533581896651823E-6,6000.0,31.55,0.0,-59.124370399070116,-117.07188160676532,6000.0,795056.0
6100.0,13.104494003,2.6953527145214913E-6,6100.0,31.655737704918035,0.0,-58.276385725132855,-116.01036269430054,6100.0,795056.0
6200.0,13.323332557,2.7403637687774453E-6,6200.0,31.85483870967742,0.0,-57.649253731343286,-114.03242147923001,6200.0,795056.0
6300.0,13.530400361,2.782953796860455E-6,6300.0,32.12698412698413,0.0,-56.57268399853535,-111.36925358378645,6300.0,795056.0
6400.0,13.736302978,2.8253041674685056E-6,6400.0,32.265625,0.0,-55.543595263724455,-110.02906976744187,6400.0,795056.0
6500.0,13.940990094,2.8674045319397986E-6,6500.0,32.38461538461539,0.0,-55.24549629106323,-108.88783269961975,6500.0,795056.0
6600.0,14.14175215,2.9086975839636796E-6,6600.0,32.68181818181819,0.0,-53.31262939958592,-106.07606679035251,6600.0,795056.0
6700.0,14.346950862,2.950903174296194E-6,6700.0,32.626865671641795,0.0,-53.5896563456958,-106.59038901601834,6700.0,795056.0
6800.0,14.552663421,2.9932144534791125E-6,6800.0,32.76470588235294,0.0,-52.756431673905766,-105.29860799281545,6800.0,795056.0
6900.0,14.759471656,3.0357510930063648E-6,6900.0,32.91304347826087,0.0,-52.21966458401841,-103.92070484581501,6900.0,795056.0
7000.0,14.961676829,3.0773409675800086E-6,7000.0,33.04285714285714,0.0,-51.682847896440144,-102.7249134948097,7000.0,795056.0
7100.0,15.168152692,3.119809244317196E-6,7100.0,33.056338028169016,0.0,-51.65922144224635,-102.60017050298377,7100.0,795056.0
7200.0,15.37017814,3.161362152773223E-6,7200.0,33.30555555555556,0.0,-50.816582914572884,-100.33375052148521,7200.0,795056.0
7300.0,15.568638254,3.2021817377851806E-6,7300.0,33.41095890410959,0.0,-50.16991041087429,-99.3847415914684,7300.0,795056.0
7400.0,15.766610596,3.242900997093302E-6,7400.0,33.56756756756757,0.0,-49.46792338096687,-97.98630688683046,7400.0,795056.0
7500.0,15.967600049,3.2842408204859277E-6,7500.0,33.61333333333334,0.0,-49.384938493849376,-97.5793650793651,7500.0,795056.0
7600.0,16.173681766,3.3266280286606222E-6,7600.0,33.776315789473685,0.0,-48.466076696165196,-96.14185502727983,7600.0,795056.0
7700.0,16.372706984,3.367563845142489E-6,7700.0,33.909090909090914,0.0,-47.76422764227642,-94.98084291187742,7700.0,795056.0
7800.0,16.56836591,3.407807277448515E-6,7800.0,33.96153846153846,0.0,-47.550845030077326,-94.52416918429006,7800.0,795056.0
7900.0,16.779637646,3.4512619768057664E-6,7900.0,33.974683544303794,0.0,-47.012401352874875,-94.40924338427136,7900.0,795056.0
8000.0,16.982878659,3.493064904562171E-6,8000.0,34.112500000000004,0.0,-46.53878231859881,-93.2184750733138,8000.0,795056.0
8100.0,17.186802396,3.5350082560530784E-6,8100.0,34.27160493827161,0.0,-45.942982456140335,-91.85585585585588,8100.0,795056.0
8200.0,17.388761216,3.576547460358406E-6,8200.0,34.40243902439024,0.0,-45.29983792544572,-90.74468085106385,8200.0,795056.0
8300.0,17.629787846,3.62612219260627E-6,8300.0,34.6144578313253,0.0,-44.79722518676626,-88.96239554317546,8300.0,795056.0
8400.0,17.830956522,3.667498878864371E-6,8400.0,34.67857142857143,0.0,-44.584980237154156,-88.42719780219778,8400.0,795056.0
8500.0,18.03467089,3.7093991670136216E-6,8500.0,34.88235294117647,0.0,-43.69158878504673,-86.7408906882591,8500.0,795056.0
8600.0,18.233834629,3.7503634747102795E-6,8600.0,35.0,0.0,-43.443674621503725,-85.77600531738119,8600.0,795056.0
8700.0,18.436734133,3.792096160364244E-6,8700.0,34.98850574712644,0.0,-43.626206196038595,-85.86920801840289,8700.0,795056.0
8800.0,18.636930844,3.833272931348961E-6,8800.0,35.04545454545455,0.0,-43.437892095357576,-85.4038274408044,8800.0,795056.0
8900.0,18.837115907,3.874447306554916E-6,8900.0,35.13483146067416,0.0,-42.96681525507676,-84.6769033909149,8900.0,795056.0
9000.0,19.039871743,3.916150442351122E-6,9000.0,35.333333333333336,0.0,-42.542248346803824,-83.07643913180246,9000.0,795056.0
9100.0,19.235925283,3.956475039478609E-6,9100.0,35.43956043956044,0.0,-42.25181598062952,-82.22704714640197,9100.0,795056.0
9200.0,19.434737666,3.997367079726547E-6,9200.0,35.55434782608696,0.0,-42.04599904168663,-81.31498470948011,9200.0,795056.0
9300.0,19.639195919,4.039420371299935E-6,9300.0,35.623655913978496,0.0,-41.872037914691944,-80.76690821256041,9300.0,795056.0
9400.0,19.837382555,4.080183706931376E-6,9400.0,35.648936170212764,0.0,-41.56330446992746,-80.56716417910447,9400.0,795056.0
9500.0,20.034243331,4.120674337615241E-6,9500.0,35.73684210526316,0.0,-41.221374045801525,-79.87625220978197,9500.0,795056.0
9600.0,20.234236093,4.161809160052334E-6,9600.0,35.67708333333333,0.0,-41.30434782608696,-80.3446261682243,9600.0,795056.0
9700.0,20.434609709,4.20302231713268E-6,9700.0,35.649484536082475,0.0,-41.60617059891106,-80.56118021405842,9700.0,795056.0
9800.0,20.638255586,4.2449085179464925E-6,9800.0,35.775510204081634,0.0,-41.18438761776581,-79.57203994293864,9800.0,795056.0
9900.0,20.837707936,4.285932187602652E-6,9900.0,35.75757575757576,0.0,-41.364747721715936,-79.71178298954504,9900.0,795056.0
10000.0,21.03654018,4.32682831289197E-6,10000.0,35.88,0.0,-40.95405583644758,-78.75662113186506,10000.0,795056.0
