learning evaluation instances,evaluation time (cpu seconds),model cost (RAM-Hours),classified instances,classifications correct (percent),Kappa Statistic (percent),Kappa Temporal Statistic (percent),Kappa M Statistic (percent),model training instances,model serialized size (bytes)
100.0,2.393252129,1.4727730683697338E-5,100.0,100.0,?,?,?,100.0,2.3787552E7
200.0,5.787032898,3.7032394901560034E-5,200.0,98.0,59.01639344262287,0.0,33.33333333333333,200.0,2.5404712E7
300.0,9.279933966,6.0001157102711784E-5,300.0,98.66666666666667,59.3495934959351,0.0,33.33333333333352,300.0,2.541872E7
400.0,12.649434633,8.216424591870094E-5,400.0,99.0,59.51417004048588,0.0,33.33333333333333,400.0,2.542536E7
500.0,15.890107038,1.0348438582762843E-4,500.0,98.8,49.46091644204845,0.0,25.0,500.0,2.543064E7
600.0,19.483126655,1.271285553114609E-4,600.0,98.66666666666667,42.3076923076929,0.0,20.0000000000004,600.0,2.5437056E7
700.0,23.004065394,1.5031164545215275E-4,700.0,97.28571428571429,28.800856531049252,-58.333333333333435,13.636363636363779,700.0,2.5451608E7
800.0,26.504429205,1.7340059947446287E-4,800.0,85.125,5.16039051603899,-815.3846153846164,2.459016393442571,800.0,2.5497256E7
900.0,29.950607591,1.9614767898282478E-4,900.0,78.0,2.8300343530181626,-607.1428571428576,1.4925373134328699,900.0,2.5514688E7
1000.0,33.342121955,2.1854234830746117E-4,1000.0,74.6,2.0930501484022837,-296.87500000000034,1.1673151750972772,1000.0,2.5524272E7
1100.0,36.752901222,2.410728738628E-4,1100.0,70.72727272727273,1.5427380125086922,-235.41666666666666,0.9230769230769104,1100.0,2.5534072E7
1200.0,40.373300317,2.649948774553451E-4,1200.0,70.33333333333334,1.3873179289490187,-204.27350427350413,0.8356545961002979,1200.0,2.5541328E7
1300.0,44.151367368,2.899633964216981E-4,1300.0,68.0,1.135262609458715,-232.79999999999998,0.7159904534606317,1300.0,2.5546152E7
1400.0,47.675273483,3.132611267773509E-4,1400.0,66.07142857142857,0.9561824193500471,-227.58620689655186,0.6276150627614976,1400.0,2.5555928E7
1500.0,51.190758909,3.365079652358812E-4,1500.0,64.53333333333333,0.826446280991717,-197.20670391061466,0.5607476635514024,1500.0,2.5561184E7
1600.0,54.782261838,3.6026158738987303E-4,1600.0,63.0625,0.7202402200617422,-165.02242152466366,0.5050505050504943,1600.0,2.55656E7
1700.0,58.273502613,3.833552204371224E-4,1700.0,61.76470588235294,0.6357513465879275,-170.8333333333332,0.4594180704441198,1700.0,2.5569064E7
1800.0,61.950458083,4.0768789230264584E-4,1800.0,61.27777777777778,0.5863708399366021,-145.4225352112676,0.42857142857140995,1800.0,2.5580192E7
1900.0,65.561156882,4.315852790041404E-4,1900.0,59.73684210526316,0.5147089019999624,-153.31125827814574,0.39062499999999023,1900.0,2.5583592E7
2000.0,69.150894704,4.553471228023107E-4,2000.0,59.8,0.6367159693110868,-140.71856287425146,0.4950495049504955,2000.0,2.5587024E7
2100.0,72.593836415,4.781422407738167E-4,2100.0,58.333333333333336,0.9553563343294584,-135.8490566037736,0.7936507936508118,2100.0,2.5592608E7
2200.0,76.126177381,5.015314122697105E-4,2200.0,57.09090909090909,1.3288862916138149,-137.1859296482412,1.1518324607329853,2200.0,2.5594968E7
2300.0,79.551185302,5.242123515897181E-4,2300.0,56.913043478260875,2.657248283166495,-143.48894348894345,2.36453201970444,2300.0,2.5597752E7
2400.0,82.981421461,5.469325986172946E-4,2400.0,56.791666666666664,3.2315258064817014,-140.60324825986083,2.902621722846422,2400.0,2.5603032E7
2500.0,86.52051181,5.703762902323488E-4,2500.0,57.199999999999996,4.7432519051349615,-133.1154684095861,4.293381037567082,2500.0,2.5605704E7
2600.0,90.355507753,5.95783925596542E-4,2600.0,56.230769230769226,6.963230540511319,-147.93028322440088,6.568144499178982,2600.0,2.5609536E7
2700.0,93.949080773,6.195962494133478E-4,2700.0,55.2962962962963,8.607584429103778,-162.96296296296288,8.421851289833079,2700.0,2.5614016E7
2800.0,97.398474403,6.42456236377381E-4,2800.0,55.07142857142857,11.152993213888621,-174.0740740740741,8.972503617945003,2800.0,2.5617432E7
2900.0,100.818270662,6.651257009400368E-4,2900.0,54.48275862068965,12.502857142857144,-187.5816993464053,4.486251808972494,2900.0,2.5623792E7
3000.0,104.220618964,6.876828214128513E-4,3000.0,54.06666666666666,13.819126066733256,-200.21786492374724,0.2894356005788634,3000.0,2.562756E7
3100.0,107.627113211,7.102703194951591E-4,3100.0,54.12903225806451,15.64338519524378,-209.80392156862746,-2.8943560057887194,3100.0,2.563084E7
3200.0,111.266270256,7.344018792917128E-4,3200.0,54.03125,16.73046795948605,-217.7105831533478,-5.979827089337189,3200.0,2.5632264E7
3300.0,114.748930868,7.574979251243329E-4,3300.0,54.81818181818182,18.29567192730752,-215.2219873150106,-4.926108374384216,3300.0,2.5634736E7
3400.0,118.3213862,7.811903742144192E-4,3400.0,55.17647058823529,19.78661778979747,-219.49685534591202,-6.79747722494745,3400.0,2.563572E7
3500.0,121.717339704,8.037131172929253E-4,3500.0,55.800000000000004,20.692556334723267,-218.31275720164592,-5.095108695652155,3500.0,2.5636688E7
3600.0,125.040931753,8.257572839058531E-4,3600.0,56.25,21.354860186418108,-219.47261663286008,-3.960396039603973,3600.0,2.5638248E7
3700.0,128.36814519,8.478276733830625E-4,3700.0,56.99999999999999,22.45951408471481,-220.1207243460766,-1.9218449711723322,3700.0,2.5640808E7
3800.0,131.767233884,8.703759300941953E-4,3800.0,57.23684210526315,23.18696355268067,-213.70656370656383,-2.5236593059936983,3800.0,2.5642056E7
3900.0,135.201063923,8.931554435722248E-4,3900.0,57.692307692307686,23.717077725125886,-208.41121495327118,-0.7941356139279354,3900.0,2.5642952E7
4000.0,138.681945369,9.162485010218152E-4,4000.0,58.175,25.17721773742705,-212.7102803738317,-2.1991447770311567,4000.0,2.564452E7
4100.0,142.097663454,9.389116445298974E-4,4100.0,58.21951219512195,25.70137948544346,-218.99441340782127,-4.0072859744990925,4100.0,2.5647232E7
4200.0,145.528819244,9.61677884057983E-4,4200.0,58.738095238095234,26.740922179063514,-216.81901279707492,-3.89688249400481,4200.0,2.5647984E7
4300.0,148.97572795,9.845500376547624E-4,4300.0,59.0,27.57387924808064,-221.71532846715328,-5.568862275449109,4300.0,2.5649544E7
4400.0,152.342811875,0.001006893296941376,4400.0,59.63636363636363,28.52867706347103,-218.27956989247315,-3.9812646370023534,4400.0,2.5650448E7
4500.0,156.004197834,0.0010311908313164306,4500.0,60.28888888888889,29.55830433265264,-218.53832442067724,-2.6421596783457844,4500.0,2.5651872E7
4600.0,159.448684051,0.0010540500469937892,4600.0,60.76086956521739,30.540055875811007,-221.17437722419933,-3.3199771036061865,4600.0,2.5653064E7
4700.0,162.830696183,0.001076495453465178,4700.0,61.38297872340426,31.43108206824531,-221.23893805309737,-1.4533258803801057,4700.0,2.5653976E7
4800.0,166.349097743,0.001099868572791597,4800.0,61.75000000000001,32.06274760117393,-218.19757365684563,-1.1570247933884048,4800.0,2.5678736E7
4900.0,169.83153932,0.0011230044133136656,4900.0,62.04081632653061,32.633492345098055,-219.03945111492285,-1.583833970507908,4900.0,2.568052E7
5000.0,173.185242517,0.001145285832203994,5000.0,62.519999999999996,33.500662793287276,-217.0896785109984,-1.9032082653616111,5000.0,2.5681512E7
5100.0,176.651462418,0.0011683164567442856,5100.0,62.66666666666667,33.828592175768016,-221.07925801011788,-2.8077753779697465,5100.0,2.5683368E7
5200.0,180.381691621,0.0011931024595630674,5200.0,63.11538461538462,34.60805747063736,-221.2730318257957,-3.3405172413793114,5200.0,2.5684632E7
5300.0,183.963106265,0.0012169005041072311,5300.0,63.50943396226415,35.27008204941151,-220.7296849087894,-3.8668098818474883,5300.0,2.568556E7
5400.0,187.45571553,0.0012401104432266297,5400.0,63.81481481481481,35.71729353210553,-220.85385878489333,-3.7154989384288717,5400.0,2.5687768E7
5500.0,190.967729129,0.0012634521165892222,5500.0,64.29090909090908,36.44383922986077,-219.34959349593498,-3.477344573234987,5500.0,2.5690832E7
5600.0,194.398931397,0.0012862587083748234,5600.0,64.71428571428571,37.097250960685784,-220.25931928687191,-3.9999999999999987,5600.0,2.5693096E7
5700.0,197.835659634,0.0013091029976179086,5700.0,65.21052631578948,37.803331946673005,-216.26794258373207,-3.12012480499221,5700.0,2.5694184E7
5800.0,201.305678344,0.0013321693979704108,5800.0,65.6896551724138,38.49838221225295,-211.42410015649435,-2.630221763795744,5800.0,2.5695104E7
5900.0,204.965530586,0.001356499110688462,5900.0,66.0677966101695,39.04184250750559,-209.42812982998453,-1.7793594306049705,5900.0,2.5696608E7
6000.0,208.509110189,0.0013800588737245994,6000.0,66.41666666666667,39.506081415107374,-206.69710806697097,-1.4091595369904164,6000.0,2.569988E7
6100.0,211.959529308,0.00140300080881778,6100.0,66.65573770491802,39.82922662171421,-203.12965722801795,-0.3453379378391802,6100.0,2.5701624E7
6200.0,215.365630009,0.0014256496203289767,6200.0,66.74193548387096,39.81656489688776,-199.27431059506546,0.14527845036316403,6200.0,2.5703384E7
6300.0,218.849291696,0.0014488151961543597,6300.0,67.17460317460318,40.42489445954811,-195.85121602288993,1.3829279923700544,6300.0,2.570452E7
6400.0,222.310653303,0.0014718332120975776,6400.0,67.453125,40.828003154608865,-194.6251768033946,1.6989145823501626,6400.0,2.5705336E7
6500.0,225.896358254,0.001495679460507787,6500.0,67.81538461538462,41.36308616970034,-192.99719887955195,2.923433874709969,6500.0,2.5706792E7
6600.0,229.626615782,0.0015204902093721357,6600.0,67.92424242424242,41.484803940044976,-193.21329639889206,3.333333333333313,6600.0,2.571008E7
6700.0,233.203126261,0.0015442794636864286,6700.0,68.31343283582089,42.06124943157369,-190.4240766073871,4.498425551057142,6700.0,2.571128E7
6800.0,236.803255219,0.0015682277765131352,6800.0,68.38235294117648,42.154756679246226,-190.9336941813262,4.146232724030315,6800.0,2.5713384E7
6900.0,240.394665782,0.001592119060223276,6900.0,68.73913043478261,42.646021757309285,-191.0931174089069,3.9198218262806526,6900.0,2.5714424E7
7000.0,243.961162168,0.001615846038321024,7000.0,68.97142857142858,42.97324536019987,-189.98664886515357,4.695041684949557,7000.0,2.5715976E7
7100.0,247.61281818,0.0016401404078254579,7100.0,69.35211267605635,43.50869176929948,-189.36170212765947,5.06108202443281,7100.0,2.5716872E7
7200.0,251.408990501,0.0016653969004102205,7200.0,69.69444444444444,43.98423469116703,-189.7742363877821,5.336225596529286,7200.0,2.5717544E7
7300.0,254.920446166,0.0016887618128663834,7300.0,69.87671232876713,44.23786785353914,-190.48877146631435,5.905006418485237,7300.0,2.5720496E7
7400.0,258.64153128,0.0017135218736031301,7400.0,70.25675675675676,44.73896068504499,-190.75297225891677,5.819426615318795,7400.0,2.57208E7
7500.0,262.197866172,0.0017371862990140095,7500.0,70.6,45.18221349365793,-190.51383399209502,5.7289439931594455,7500.0,2.5721464E7
7600.0,265.713995447,0.0017605836554990383,7600.0,70.98684210526316,45.678085182000785,-190.51383399209476,5.7289439931594766,7600.0,2.5721976E7
7700.0,269.356748537,0.0017848245690241767,7700.0,71.18181818181817,45.88325303908055,-192.3583662714099,5.130397605814451,7700.0,2.5723E7
7800.0,273.180724223,0.0018102717713083783,7800.0,71.55128205128204,46.34070665756936,-192.35836627140975,5.130397605814433,7800.0,2.5723336E7
7900.0,276.808281472,0.0018344124115809769,7900.0,71.81012658227847,46.62908975345747,-193.4123847167325,4.788371098760135,7900.0,2.5723904E7
8000.0,280.369053063,0.0018581095651879634,8000.0,72.0625,46.903108983328764,-194.46640316205523,4.446344591705861,8000.0,2.5724944E7
8100.0,283.989648316,0.0018822055233277814,8100.0,72.25925925925925,47.09045312435137,-196.04743083003945,3.93330483112442,8100.0,2.5725664E7
8200.0,287.602823418,0.0019062526294521063,8200.0,72.53658536585365,47.39331338086729,-196.7061923583664,3.7195382642154793,8200.0,2.5726232E7
8300.0,291.290345218,0.0019307951222005287,8300.0,72.75903614457832,47.61142513852071,-197.8919631093543,3.3347584437794087,8300.0,2.572684E7
8400.0,294.661760588,0.0019532425438466006,8400.0,72.91666666666666,47.73028542819919,-199.73649538866954,2.7362120564343795,8400.0,2.573692E7
8500.0,297.868682683,0.0019745953668969473,8500.0,73.14117647058823,47.94556456134141,-200.790513833992,2.3941855493800466,8500.0,2.5737672E7
8600.0,301.085701599,0.0019960157843451755,8600.0,73.43023255813954,48.25441668868923,-201.0540184453229,2.308678922616502,8600.0,2.5738112E7
8700.0,304.387574649,0.0020180016581772937,8700.0,73.6896551724138,48.51735099934915,-201.58102766798422,2.137665669089372,8700.0,2.5738648E7
8800.0,307.752589007,0.0020404087312102695,8800.0,73.94318181818181,48.79940564032713,-200.52424639580616,2.2174840085287677,8800.0,2.5739528E7
8900.0,311.040730952,0.002062304774227374,8900.0,74.12359550561798,48.97197069513755,-201.04575163398692,2.0416843896214227,8900.0,2.5740528E7
9000.0,314.375483316,0.0020845124426515475,9000.0,74.21111111111112,48.97455190965469,-203.3986928104576,1.276052743513428,9000.0,2.5741968E7
9100.0,317.663689836,0.002106411658211867,9100.0,74.4065934065934,49.137341824402284,-204.44444444444437,0.9357720119098136,9100.0,2.5743752E7
9200.0,321.026958259,0.0021288114696739868,9200.0,74.55434782608695,49.227416158002555,-206.01307189542473,0.42535091450444207,9200.0,2.5744544E7
9300.0,324.417679709,0.0021513960025965496,9300.0,74.53763440860214,49.14994062136158,-204.37017994858624,0.5877413937867195,9300.0,2.5746688E7
9324.0,325.927472114,0.0021614522972564047,9324.0,74.57099957099958,49.18455140029324,-203.1969309462915,0.6702974444909965,9324.0,2.5746792E7
