learning evaluation instances,evaluation time (cpu seconds),model cost (RAM-Hours),classified instances,classifications correct (percent),Kappa Statistic (percent),Kappa Temporal Statistic (percent),Kappa M Statistic (percent),model training instances,model serialized size (bytes)
100.0,2.394193093,1.4733521241326905E-5,100.0,100.0,?,?,?,100.0,2.3787552E7
200.0,6.020571023,3.856686451280502E-5,200.0,98.0,59.01639344262287,0.0,33.33333333333333,200.0,2.5404712E7
300.0,9.427107515,6.0967706990457945E-5,300.0,98.66666666666667,59.3495934959351,0.0,33.33333333333352,300.0,2.541872E7
400.0,12.856278986,8.352341177591616E-5,400.0,99.0,59.51417004048588,0.0,33.33333333333333,400.0,2.5425408E7
500.0,16.344067347,1.0646935227527113E-4,500.0,98.8,49.46091644204845,0.0,25.0,500.0,2.5430688E7
600.0,19.690017286,1.284877003948903E-4,600.0,98.66666666666667,42.3076923076929,0.0,20.0000000000004,600.0,2.5437104E7
700.0,23.076621644,1.5078628606260695E-4,700.0,97.28571428571429,28.800856531049252,-58.333333333333435,13.636363636363779,700.0,2.5451608E7
800.0,26.463910144,1.7312937742671768E-4,800.0,85.125,5.16039051603899,-815.3846153846164,2.459016393442571,800.0,2.5497256E7
900.0,29.937798452,1.9605936093142093E-4,900.0,78.0,2.8300343530181626,-607.1428571428576,1.4925373134328699,900.0,2.5514688E7
1000.0,33.32405467,2.184193099428602E-4,1000.0,74.6,2.0930501484022837,-296.87500000000034,1.1673151750972772,1000.0,2.5524272E7
1100.0,36.630448317,2.4026029721532782E-4,1100.0,70.72727272727273,1.5427380125086922,-235.41666666666666,0.9230769230769104,1100.0,2.5534072E7
1200.0,39.992115009,2.624727109776739E-4,1200.0,70.33333333333334,1.3873179289490187,-204.27350427350413,0.8356545961002979,1200.0,2.5541328E7
1300.0,43.349050467,2.8465805219063904E-4,1300.0,68.0,1.135262609458715,-232.79999999999998,0.7159904534606317,1300.0,2.5546152E7
1400.0,46.799401565,3.074694855518637E-4,1400.0,66.07142857142857,0.9561824193500471,-227.58620689655186,0.6276150627614976,1400.0,2.5555928E7
1500.0,50.371611321,3.3109142479346813E-4,1500.0,64.53333333333333,0.826446280991717,-197.20670391061466,0.5607476635514024,1500.0,2.5561184E7
1600.0,53.777890872,3.5362000934563263E-4,1600.0,63.0625,0.7202402200617422,-165.02242152466366,0.5050505050504943,1600.0,2.55656E7
1700.0,57.181729737,3.7613550190723506E-4,1700.0,61.76470588235294,0.6357513465879275,-170.8333333333332,0.4594180704441198,1700.0,2.5569064E7
1800.0,60.597391669,3.987390340068272E-4,1800.0,61.27777777777778,0.5863708399366021,-145.4225352112676,0.42857142857140995,1800.0,2.5580192E7
1900.0,64.011029213,4.213321720637322E-4,1900.0,59.73684210526316,0.5147089019999624,-153.31125827814574,0.39062499999999023,1900.0,2.5583592E7
2000.0,67.402077651,4.4377881504750646E-4,2000.0,59.8,0.6367159693110868,-140.71856287425146,0.4950495049504955,2000.0,2.5587024E7
2100.0,70.944273152,4.6723107509171754E-4,2100.0,58.333333333333336,0.9553563343294584,-135.8490566037736,0.7936507936508118,2100.0,2.5592608E7
2200.0,74.46217009,4.90524606373024E-4,2200.0,57.09090909090909,1.3288862916138149,-137.1859296482412,1.1518324607329853,2200.0,2.5594968E7
2300.0,77.831086739,5.128341004975873E-4,2300.0,56.913043478260875,2.657248283166495,-143.48894348894345,2.36453201970444,2300.0,2.5597752E7
2400.0,81.196545258,5.351252913568875E-4,2400.0,56.791666666666664,3.2315258064817014,-140.60324825986083,2.902621722846422,2400.0,2.5603032E7
2500.0,84.616477056,5.577796512376644E-4,2500.0,57.199999999999996,4.7432519051349615,-133.1154684095861,4.293381037567082,2500.0,2.5605704E7
2600.0,88.074713418,5.806911770371299E-4,2600.0,56.230769230769226,6.963230540511319,-147.93028322440088,6.568144499178982,2600.0,2.5609536E7
2700.0,91.642582254,6.043331755678072E-4,2700.0,55.2962962962963,8.607584429103778,-162.96296296296288,8.421851289833079,2700.0,2.5614016E7
2800.0,95.22737982,6.280905179930781E-4,2800.0,55.07142857142857,11.152993213888621,-174.0740740740741,8.972503617945003,2800.0,2.5617432E7
2900.0,98.619078693,6.505737279814874E-4,2900.0,54.48275862068965,12.502857142857144,-187.5816993464053,4.486251808972494,2900.0,2.5623792E7
3000.0,101.975994507,6.728296370514031E-4,3000.0,54.06666666666666,13.819126066733256,-200.21786492374724,0.2894356005788634,3000.0,2.562756E7
3100.0,105.433640467,6.957563076481843E-4,3100.0,54.12903225806451,15.64338519524378,-209.80392156862746,-2.8943560057887194,3100.0,2.563084E7
3200.0,108.850659484,7.18414851293062E-4,3200.0,54.03125,16.73046795948605,-217.7105831533478,-5.979827089337189,3200.0,2.5632264E7
3300.0,112.358568584,7.416783381430592E-4,3300.0,54.81818181818182,18.29567192730752,-215.2219873150106,-4.926108374384216,3300.0,2.5634736E7
3400.0,115.890250782,7.651003806607007E-4,3400.0,55.17647058823529,19.78661778979747,-219.49685534591202,-6.79747722494745,3400.0,2.563572E7
3500.0,119.326786724,7.878922757825127E-4,3500.0,55.800000000000004,20.692556334723267,-218.31275720164592,-5.095108695652155,3500.0,2.5636688E7
3600.0,122.682812429,8.101515629355639E-4,3600.0,56.25,21.354860186418108,-219.47261663286008,-3.960396039603973,3600.0,2.5638248E7
3700.0,126.095093731,8.327862326875721E-4,3700.0,56.99999999999999,22.45951408471481,-220.1207243460766,-1.9218449711723322,3700.0,2.5640808E7
3800.0,129.483206184,8.55261677206358E-4,3800.0,57.23684210526315,23.18696355268067,-213.70656370656383,-2.5236593059936983,3800.0,2.5642056E7
3900.0,133.016626756,8.787018593438702E-4,3900.0,57.692307692307686,23.717077725125886,-208.41121495327118,-0.7941356139279354,3900.0,2.5642952E7
4000.0,136.557380967,9.021921280237942E-4,4000.0,58.175,25.17721773742705,-212.7102803738317,-2.1991447770311567,4000.0,2.564452E7
4100.0,140.04294309,9.253186837389109E-4,4100.0,58.21951219512195,25.70137948544346,-218.99441340782127,-4.0072859744990925,4100.0,2.5647232E7
4200.0,143.516672177,9.483674035553668E-4,4200.0,58.738095238095234,26.740922179063514,-216.81901279707492,-3.89688249400481,4200.0,2.5647984E7
4300.0,146.866526822,9.705955495558558E-4,4300.0,59.0,27.57387924808064,-221.71532846715328,-5.568862275449109,4300.0,2.5649544E7
4400.0,150.202568875,9.927328215221984E-4,4400.0,59.63636363636363,28.52867706347103,-218.27956989247315,-3.9812646370023534,4400.0,2.5650448E7
4500.0,153.656553169,0.0010156540057551997,4500.0,60.28888888888889,29.55830433265264,-218.53832442067724,-2.6421596783457844,4500.0,2.5651872E7
4600.0,157.170257575,0.0010389725855906547,4600.0,60.76086956521739,30.540055875811007,-221.17437722419933,-3.3199771036061865,4600.0,2.5653064E7
4700.0,160.564617305,0.001061499939389622,4700.0,61.38297872340426,31.43108206824531,-221.23893805309737,-1.4533258803801057,4700.0,2.5653976E7
4800.0,163.902512391,0.0010836739348286605,4800.0,61.75000000000001,32.06274760117393,-218.19757365684563,-1.1570247933884048,4800.0,2.5678736E7
4900.0,167.247525859,0.0011058967622411702,4900.0,62.04081632653061,32.633492345098055,-219.03945111492285,-1.583833970507908,4900.0,2.568052E7
5000.0,170.596120618,0.0011281442415607414,5000.0,62.519999999999996,33.500662793287276,-217.0896785109984,-1.9032082653616111,5000.0,2.5681512E7
5100.0,174.044048718,0.0011510533297839414,5100.0,62.66666666666667,33.828592175768016,-221.07925801011788,-2.8077753779697465,5100.0,2.5683368E7
5200.0,177.543642798,0.00117430684693021,5200.0,63.11538461538462,34.60805747063736,-221.2730318257957,-3.3405172413793114,5200.0,2.5684632E7
5300.0,181.042938396,0.0011975592208640447,5300.0,63.50943396226415,35.27008204941151,-220.7296849087894,-3.8668098818474883,5300.0,2.568556E7
5400.0,184.601276674,0.001221205958455404,5400.0,63.81481481481481,35.71729353210553,-220.85385878489333,-3.7154989384288717,5400.0,2.5687768E7
5500.0,188.028359764,0.0012439831635596272,5500.0,64.29090909090908,36.44383922986077,-219.34959349593498,-3.477344573234987,5500.0,2.5690832E7
5600.0,191.600223592,0.0012677247077404177,5600.0,64.71428571428571,37.097250960685784,-220.25931928687191,-3.9999999999999987,5600.0,2.5693096E7
5700.0,195.068576364,0.0012907792085495324,5700.0,65.21052631578948,37.803331946673005,-216.26794258373207,-3.12012480499221,5700.0,2.5694184E7
5800.0,198.487790582,0.0013135078940796907,5800.0,65.6896551724138,38.49838221225295,-211.42410015649435,-2.630221763795744,5800.0,2.5695104E7
5900.0,201.893193195,0.0013361460941449248,5900.0,66.0677966101695,39.04184250750559,-209.42812982998453,-1.7793594306049705,5900.0,2.5696608E7
6000.0,205.321645289,0.0013589404230339966,6000.0,66.41666666666667,39.506081415107374,-206.69710806697097,-1.4091595369904164,6000.0,2.569988E7
6100.0,208.804151931,0.001382095708982415,6100.0,66.65573770491802,39.82922662171421,-203.12965722801795,-0.3453379378391802,6100.0,2.5701624E7
6200.0,212.507872329,0.0014067235378542532,6200.0,66.74193548387096,39.81656489688776,-199.27431059506546,0.14527845036316403,6200.0,2.5703384E7
6300.0,216.18674787,0.0014311872424140877,6300.0,67.17460317460318,40.42489445954811,-195.85121602288993,1.3829279923700544,6300.0,2.570452E7
6400.0,219.78798415,0.0014551354233671258,6400.0,67.453125,40.828003154608865,-194.6251768033946,1.6989145823501626,6400.0,2.5705336E7
6500.0,223.288860865,0.001478417533005323,6500.0,67.81538461538462,41.36308616970034,-192.99719887955195,2.923433874709969,6500.0,2.5706792E7
6600.0,226.788018468,0.0015016911863317078,6600.0,67.92424242424242,41.484803940044976,-193.21329639889206,3.333333333333313,6600.0,2.571008E7
6700.0,230.349034851,0.0015253773812554919,6700.0,68.31343283582089,42.06124943157369,-190.4240766073871,4.498425551057142,6700.0,2.571128E7
6800.0,233.967703954,0.0015494490244399419,6800.0,68.38235294117648,42.154756679246226,-190.9336941813262,4.146232724030315,6800.0,2.5713384E7
6900.0,237.638802885,0.0015738704222584222,6900.0,68.73913043478261,42.646021757309285,-191.0931174089069,3.9198218262806526,6900.0,2.5714424E7
7000.0,241.296150871,0.0015982018125551584,7000.0,68.97142857142858,42.97324536019987,-189.98664886515357,4.695041684949557,7000.0,2.5715976E7
7100.0,244.947525304,0.0016224943087220576,7100.0,69.35211267605635,43.50869176929948,-189.36170212765947,5.06108202443281,7100.0,2.5716872E7
7200.0,248.411979242,0.001645543830133746,7200.0,69.69444444444444,43.98423469116703,-189.7742363877821,5.336225596529286,7200.0,2.5717544E7
7300.0,251.934017075,0.0016689791553908962,7300.0,69.87671232876713,44.23786785353914,-190.48877146631435,5.905006418485237,7300.0,2.5720496E7
7400.0,255.518734764,0.0016928318287333557,7400.0,70.25675675675676,44.73896068504499,-190.75297225891677,5.819426615318795,7400.0,2.57208E7
7500.0,259.149337234,0.0017169904425751335,7500.0,70.6,45.18221349365793,-190.51383399209502,5.7289439931594455,7500.0,2.5721464E7
7600.0,262.749087489,0.0017409442376110991,7600.0,70.98684210526316,45.678085182000785,-190.51383399209476,5.7289439931594766,7600.0,2.5721976E7
7700.0,266.140556024,0.0017635129633657624,7700.0,71.18181818181817,45.88325303908055,-192.3583662714099,5.130397605814451,7700.0,2.5723E7
7800.0,269.614491951,0.001786630775170993,7800.0,71.55128205128204,46.34070665756936,-192.35836627140975,5.130397605814433,7800.0,2.5723336E7
7900.0,273.060715065,0.0018095646744270618,7900.0,71.81012658227847,46.62908975345747,-193.4123847167325,4.788371098760135,7900.0,2.5723904E7
8000.0,276.640864721,0.0018333907902466405,8000.0,72.0625,46.903108983328764,-194.46640316205523,4.446344591705861,8000.0,2.5724944E7
8100.0,280.488271425,0.0018589962347684006,8100.0,72.25925925925925,47.09045312435137,-196.04743083003945,3.93330483112442,8100.0,2.5725664E7
8200.0,284.273344469,0.0018841873895305951,8200.0,72.53658536585365,47.39331338086729,-196.7061923583664,3.7195382642154793,8200.0,2.5726232E7
8300.0,287.768767619,0.0019074513597426607,8300.0,72.75903614457832,47.61142513852071,-197.8919631093543,3.3347584437794087,8300.0,2.572684E7
8400.0,291.266948951,0.0019307428093968814,8400.0,72.91666666666666,47.73028542819919,-199.73649538866954,2.7362120564343795,8400.0,2.573692E7
8500.0,294.815656053,0.0019543713580681002,8500.0,73.14117647058823,47.94556456134141,-200.790513833992,2.3941855493800466,8500.0,2.5737672E7
8600.0,298.301772217,0.0019775835509260598,8600.0,73.43023255813954,48.25441668868923,-201.0540184453229,2.308678922616502,8600.0,2.5738112E7
8700.0,301.682468886,0.002000094280231445,8700.0,73.6896551724138,48.51735099934915,-201.58102766798422,2.137665669089372,8700.0,2.5738648E7
8800.0,305.451465697,0.0020251914054797674,8800.0,73.94318181818181,48.79940564032713,-200.52424639580616,2.2174840085287677,8800.0,2.5739528E7
8900.0,308.915103131,0.0020482560892796384,8900.0,74.12359550561798,48.97197069513755,-201.04575163398692,2.0416843896214227,8900.0,2.5740528E7
9000.0,312.357544906,0.0020711809116244744,9000.0,74.21111111111112,48.97455190965469,-203.3986928104576,1.276052743513428,9000.0,2.5741968E7
9100.0,315.783511365,0.00209399759832944,9100.0,74.4065934065934,49.137341824402284,-204.44444444444437,0.9357720119098136,9100.0,2.5743752E7
9200.0,319.240220003,0.002117019733952387,9200.0,74.55434782608695,49.227416158002555,-206.01307189542473,0.42535091450444207,9200.0,2.5744544E7
9300.0,322.8638909,0.0021411558701347998,9300.0,74.53763440860214,49.14994062136158,-204.37017994858624,0.5877413937867195,9300.0,2.5746688E7
9324.0,324.530076407,0.0021522538544410407,9324.0,74.57099957099958,49.18455140029324,-203.1969309462915,0.6702974444909965,9324.0,2.5746792E7
