learning evaluation instances,evaluation time (cpu seconds),model cost (RAM-Hours),classified instances,classifications correct (percent),Kappa Statistic (percent),Kappa Temporal Statistic (percent),Kappa M Statistic (percent),model training instances,model serialized size (bytes)
100.0,0.495418123,1.0189837031063521E-7,100.0,56.00000000000001,3.0409872190392555,12.00000000000001,-4.76190476190474,100.0,795056.0
200.0,1.297172752,2.680290849578588E-7,200.0,51.5,2.355546607610214,-1.0416666666666676,-4.3010752688172085,200.0,800960.0
300.0,1.793943339,3.7096438417398687E-7,300.0,51.33333333333333,2.873869079297492,2.6666666666666616,-5.7971014492753765,300.0,800960.0
400.0,2.287721907,4.732797103500739E-7,400.0,51.0,2.0612117426608485,6.220095693779911,-5.37634408602151,400.0,800960.0
500.0,2.818058756,5.831702386255604E-7,500.0,52.400000000000006,4.6672968772531345,5.928853754940717,-1.7094017094017109,500.0,800960.0
600.0,3.418147488,7.075139795818801E-7,600.0,54.166666666666664,8.333333333333325,8.333333333333325,2.1352313167259807,600.0,800960.0
700.0,4.066121568,8.41779992012071E-7,700.0,53.0,6.151689514091507,8.356545961002787,-1.8575851393188836,700.0,800960.0
800.0,4.876976906,1.0097964547863148E-6,800.0,52.75,5.660377358490563,6.435643564356431,-1.8867924528301963,800.0,800960.0
900.0,5.751884809,1.1910851806863853E-6,900.0,52.33333333333333,4.78327776352911,4.454342984409806,-1.900237529691224,900.0,800960.0
1000.0,6.664733274,1.380235529645669E-6,1000.0,52.6,5.3287528960613635,4.048582995951421,-1.0660980810234553,1000.0,800960.0
1100.0,7.599978235,1.5740266324609229E-6,1100.0,53.81818181818182,7.792734965166521,5.223880597014936,0.39215686274510053,1100.0,800960.0
1200.0,8.489756257,1.7583965797309784E-6,1200.0,54.25,8.67352031140831,5.017301038062285,1.9642857142857122,1200.0,800960.0
1300.0,9.579434902,1.9841877201643794E-6,1300.0,53.92307692307692,7.970312241473035,4.465709728867616,2.442996742671001,1300.0,800960.0
1400.0,10.739746355,2.2246146088007133E-6,1400.0,53.642857142857146,7.333371408989669,3.70919881305639,3.422619047619054,1400.0,800960.0
1500.0,11.956988109,2.4768379638971264E-6,1500.0,53.266666666666666,6.556590359732666,2.9085872576177083,3.3103448275861878,1500.0,800960.0
1600.0,13.458993132,2.788066809792208E-6,1600.0,53.125,6.237107602295325,2.3437499999999964,2.849740932642495,1600.0,800960.0
1700.0,14.71473538,3.0482678108555287E-6,1700.0,53.11764705882352,6.209331302782764,2.6862026862026855,2.6862026862026855,1700.0,800960.0
1800.0,15.923518208,3.298733397582608E-6,1800.0,53.333333333333336,6.637620593073396,3.4482758620689538,3.2258064516129012,1800.0,800944.0
1900.0,17.17523753,3.558095631343884E-6,1900.0,52.89473684210526,5.803877080291326,2.5054466230936807,2.399127589967278,1900.0,800944.0
2000.0,18.490415777,3.8306068580549465E-6,2000.0,53.15,6.283880827502319,3.102378490175804,2.800829875518663,2000.0,800944.0
2100.0,19.850839002,4.112493060732513E-6,2100.0,53.333333333333336,6.612116283797525,4.390243902439031,2.390438247011957,2100.0,800944.0
2200.0,21.352373423,4.423611963356241E-6,2200.0,53.090909090909086,6.147612476944076,4.089219330855022,2.5495750708215175,2200.0,800928.0
2300.0,22.900035771,4.744288602271481E-6,2300.0,53.086956521739125,6.127065302911093,4.513274336283186,2.441229656419525,2300.0,800928.0
2400.0,24.549874854,5.08613632672581E-6,2400.0,52.583333333333336,5.136099409809846,3.9662447257384095,1.8965517241379288,2400.0,800928.0
2500.0,26.233645134,5.43500764765047E-6,2500.0,52.64,5.273452501036864,3.974047039740461,2.6315789473684275,2500.0,800912.0
2600.0,27.987383934,5.798361683340896E-6,2600.0,52.69230769230769,5.396258921978844,3.4536891679748836,2.5356576862123705,2600.0,800880.0
2700.0,29.849479536,6.184173680519888E-6,2700.0,52.37037037037037,4.746594447968078,3.5258814703675956,2.1308980213089788,2700.0,800896.0
2800.0,31.759021085,6.579816115808747E-6,2800.0,52.46428571428572,4.931481689336041,3.8294797687861446,2.276064610866383,2800.0,800896.0
2900.0,33.870867989,7.0173921594163395E-6,2900.0,52.41379310344828,4.827586206896561,3.0898876404494535,1.7793594306049973,2900.0,800928.0
3000.0,36.073354094,7.4737487040603526E-6,3000.0,52.400000000000006,4.790182809960848,3.3829499323410115,1.3130615065653013,3000.0,800928.0
3100.0,38.47158625,7.970663957001902E-6,3100.0,52.41935483870967,4.8387096774193505,3.8461538461538476,1.4696058784235104,3100.0,800928.0
3200.0,40.760464656,8.444930516408827E-6,3200.0,52.125,4.245810754220505,3.16055625790139,0.5194805194805084,3200.0,800944.0
3300.0,43.247669576,8.960260393429079E-6,3300.0,52.33333333333333,4.657561420007057,3.6151960784313624,0.5689001264222424,3300.0,800896.0
3400.0,45.73963035,9.476606591359E-6,3400.0,52.352941176470594,4.68856799245537,3.8575667655786434,0.5524861878453111,3400.0,800944.0
3500.0,48.266494943,1.0000185027621851E-5,3500.0,52.17142857142857,4.340077148364452,3.571428571428565,0.6528189910979169,3500.0,800944.0
3600.0,50.815075636,1.052826314372953E-5,3600.0,52.19444444444444,4.377378758554277,3.801006148686408,0.5777007510109743,3600.0,800944.0
3700.0,53.766153648,1.113972841539409E-5,3700.0,52.27027027027027,4.51506859243972,3.7602179836512324,0.5070422535211216,3700.0,800928.0
3800.0,56.649450867,1.1737161397512355E-5,3800.0,52.60526315789473,5.196187567427093,4.303931987247602,1.5308911973756152,3800.0,800944.0
3900.0,59.340428218,1.2294744782612774E-5,3900.0,52.589743589743584,5.160781219175369,4.1472265422498555,1.4392324093816626,3900.0,800944.0
4000.0,62.062411043,1.2858752650306159E-5,4000.0,52.55,5.091339584737091,4.141414141414134,1.7089590885551484,4000.0,800944.0
4100.0,64.93223219,1.3453393325814775E-5,4100.0,52.6829268292683,5.347835399957162,4.71512770137525,1.8218623481781393,4100.0,800944.0
4200.0,67.934047514,1.4075383826470695E-5,4200.0,52.714285714285715,5.415187999390385,4.88505747126436,2.071005917159765,4200.0,800944.0
4300.0,70.961079165,1.4702599270756568E-5,4300.0,52.97674418604651,5.943090734313733,5.469845722300138,2.741702741702748,4300.0,800944.0
4400.0,74.031892235,1.533888643458012E-5,4400.0,52.70454545454546,5.402054698283363,5.23679417122042,2.3463162834350277,4400.0,800944.0
4500.0,77.656011258,1.6089821239772825E-5,4500.0,52.46666666666666,4.932018813099619,5.059920106524621,2.06043956043954,4500.0,800944.0
4600.0,81.613826491,1.690989949661808E-5,4600.0,52.391304347826086,4.7772805434859915,4.658249891162375,1.705565529622966,4600.0,800944.0
4700.0,85.294358432,1.767250809389079E-5,4700.0,52.08510638297872,4.171548898277005,4.129416773094928,1.1413520632133263,4700.0,800928.0
4800.0,89.411330793,1.852554742830278E-5,4800.0,52.1875,4.376294904339821,4.0952778938570775,1.205337925096862,4800.0,800928.0
4900.0,94.206100977,1.9519026909769193E-5,4900.0,51.95918367346939,3.9209283884144788,3.800572129137721,0.465116279069773,4900.0,800928.0
5000.0,98.888960573,2.0489318445062952E-5,5000.0,52.019999999999996,4.0349023340119805,4.001600640256106,0.4977187888842717,5000.0,800928.0
5100.0,103.818054942,2.151062998448858E-5,5100.0,52.03921568627451,4.071527177965287,4.191147669408542,0.5286701911346102,5100.0,800928.0
5200.0,108.045972518,2.238665723916361E-5,5200.0,52.13461538461538,4.2637075215877775,4.745503252965929,0.836653386454162,5200.0,800928.0
5300.0,111.705221583,2.314485601077186E-5,5300.0,52.20754716981132,4.416183226107785,4.845980465815171,0.9773260359655864,5300.0,800928.0
5400.0,115.649031338,2.3962015941288266E-5,5400.0,52.22222222222223,4.443435136420515,5.007363770250371,0.959692898272557,5400.0,800928.0
5500.0,120.296243171,2.4924921237045694E-5,5500.0,52.16363636363637,4.326336548615477,4.846292947558782,0.8292499057670569,5500.0,800928.0
5600.0,124.882646009,2.587522686973216E-5,5600.0,52.25,4.504445902709878,5.008880994671394,0.7423904974016307,5600.0,800928.0
5700.0,129.204325143,2.6770681579832303E-5,5700.0,52.21052631578947,4.4302301533370825,4.855047153335656,0.5476451259583807,5700.0,800928.0
5800.0,133.424463004,2.7645096872530522E-5,5800.0,52.172413793103445,4.347250182605356,4.869684499314119,0.786838340486413,5800.0,800928.0
5900.0,137.782824394,2.8548152169785292E-5,5900.0,52.28813559322034,4.577872063278235,5.218855218855226,1.1239901650860609,5900.0,800928.0
6000.0,142.080931832,2.943872280923748E-5,6000.0,52.2,4.397737413118783,4.875621890547269,0.9668508287292902,6000.0,800928.0
6100.0,146.822489499,3.0421156996475145E-5,6100.0,52.34426229508197,4.68545075358518,5.093046033300682,0.9540034071550275,6100.0,800912.0
6200.0,151.780850212,3.144849149388855E-5,6200.0,52.516129032258064,5.030271704954482,5.4592164418754,1.4065639651707857,6200.0,800896.0
6300.0,156.610098484,3.24490748789158E-5,6300.0,52.55555555555556,5.110460822508024,5.441316039228097,1.6129032258064506,6300.0,800896.0
6400.0,161.992532893,3.356427420960044E-5,6400.0,52.48437500000001,4.968750000000011,5.441542288557225,1.2341669373173192,6400.0,800896.0
6500.0,167.642087323,3.473481876997029E-5,6500.0,52.400000000000006,4.797160814736727,5.092024539877307,0.9285943003522368,6500.0,800896.0
6600.0,172.756845875,3.579455770599268E-5,6600.0,52.39393939393939,4.781758239739936,5.247285886610374,0.8207070707070645,6600.0,800896.0
6700.0,178.008852015,3.6882733294771994E-5,6700.0,52.417910447761194,4.832895286154939,5.288175876411173,1.0859447719516033,6700.0,800896.0
6800.0,183.816538427,3.808604159494541E-5,6800.0,52.44117647058823,4.8776132790007285,5.355575065847236,1.1009174311926522,6800.0,800896.0
6900.0,189.773796378,3.932033997646629E-5,6900.0,52.47826086956522,4.952385241382483,5.449826989619381,1.2646793134598122,6900.0,800896.0
7000.0,195.111409051,4.0426252585532224E-5,7000.0,52.528571428571425,5.057142857142849,5.4084827782521945,1.5407407407407225,7000.0,800896.0
7100.0,200.482386667,4.153907815614577E-5,7100.0,52.49295774647887,4.984935373267095,5.172898509980321,1.3742690058479605,7100.0,800896.0
7200.0,206.178515575,4.2719249015417805E-5,7200.0,52.45833333333333,4.914538982739571,5.0748752079866835,1.2691087395442655,7200.0,800880.0
7300.0,213.15312097,4.416439176164988E-5,7300.0,52.438356164383556,4.874534564311653,5.006839945280437,1.2794995735001427,7300.0,800928.0
7400.0,221.366385714,4.586608353634649E-5,7400.0,52.486486486486484,4.970196353436184,4.921579232017301,1.3468013468013331,7400.0,800880.0
7500.0,230.270105263,4.771093998226763E-5,7500.0,52.559999999999995,5.117874640391938,5.069370330843113,1.576763485477166,7500.0,800928.0
7600.0,242.415812378,5.0227588621136064E-5,7600.0,52.526315789473685,5.053315405484616,5.152471083070464,1.6357688113413353,7600.0,800944.0
7700.0,252.829229092,5.238534150218137E-5,7700.0,52.42857142857142,4.858067157249408,4.881848870423261,1.452784503631964,7700.0,800960.0
7800.0,262.48937677,5.438701031617441E-5,7800.0,52.46153846153846,4.919532503282672,4.825462012320321,1.3304949441192075,7800.0,800960.0
7900.0,272.08646191,5.6375572285107203E-5,7900.0,52.34177215189874,4.68226138598886,4.611097035723332,1.2847404299947538,7900.0,800944.0
8000.0,281.944537728,5.841817196686146E-5,8000.0,52.387499999999996,4.7745952920299946,4.584168336673343,1.3468013468013365,8000.0,800928.0
8100.0,292.503656592,6.060611563375272E-5,8100.0,52.41975308641975,4.839871671274773,4.651162790697665,1.2048192771084199,8100.0,800960.0
8200.0,301.712519313,6.251419794215695E-5,8200.0,52.390243902439025,4.777315603613205,4.710763973639252,0.9137055837563459,8200.0,800928.0
8300.0,311.304668388,6.450165772693323E-5,8300.0,52.40963855421686,4.81279404310713,4.635441815548036,0.7786988193921157,8300.0,800912.0
8400.0,320.947357364,6.649966902892749E-5,8400.0,52.39285714285714,4.7767749625475,4.74035254883277,0.6212723658051668,8400.0,800944.0
8500.0,330.696230679,6.851968223411958E-5,8500.0,52.44705882352941,4.885823954199468,4.579792256846078,0.761109747115156,8500.0,800944.0
8600.0,341.042048217,7.066338513906064E-5,8600.0,52.43023255813954,4.8509141858696045,4.594216417910452,0.679776644816708,8600.0,800944.0
8700.0,350.599206395,7.26436740503921E-5,8700.0,52.4712643678161,4.931435519071275,4.767388300322439,0.7441190590494579,8700.0,800944.0
8800.0,360.713436579,7.473939094729716E-5,8800.0,52.42045454545454,4.826524917970548,4.580674567000909,0.5463182897862138,8800.0,800944.0
8900.0,370.858691769,7.684128441378083E-5,8900.0,52.426966292134836,4.840438932080368,4.4675090252707585,0.6569685593618202,8900.0,800848.0
9000.0,381.230157469,7.899030174063045E-5,9000.0,52.36666666666666,4.720290599779873,4.372072273031432,0.579777365491649,9000.0,800944.0
9100.0,391.979852054,8.121768990250872E-5,9100.0,52.41758241758242,4.82342780877652,4.562486224377343,0.7108461362072986,9100.0,800944.0
9200.0,402.798421404,8.345934924530287E-5,9200.0,52.41304347826087,4.812578079960971,4.784688995215306,0.703107280562483,9200.0,800944.0
9300.0,413.846006287,8.574846170251409E-5,9300.0,52.40860215053763,4.801706648509772,4.735256134309066,0.6286484059272411,9300.0,800944.0
9400.0,425.039060792,8.806771616156486E-5,9400.0,52.42553191489362,4.837037093380537,4.72944184064765,0.7104795737122707,9400.0,800944.0
9500.0,435.433865374,9.022156941645571E-5,9500.0,52.357894736842105,4.700583805061409,4.7157894736842065,0.48372911169743893,9500.0,800944.0
9600.0,446.793307686,9.257525320625075E-5,9600.0,52.29166666666667,4.56770546669817,4.523660621221593,0.4131332898456137,9600.0,800928.0
9700.0,457.411882875,9.477547280179128E-5,9700.0,52.31958762886598,4.623629588514936,4.540763673890615,0.409130060292868,9700.0,800944.0
9800.0,468.708775527,9.71161962616022E-5,9800.0,52.367346938775505,4.719614099690908,4.578904333605875,0.63856960408683,9800.0,800928.0
9900.0,480.56128892,9.957209375816086E-5,9900.0,52.292929292929294,4.5717366438963625,4.450738417964804,0.5474836807749035,9900.0,800944.0
10000.0,491.516900452,1.0184214889689612E-4,10000.0,52.290000000000006,4.565784119202405,4.369613148927649,0.583454886434679,10000.0,800944.0
