learning evaluation instances,evaluation time (cpu seconds),model cost (RAM-Hours),classified instances,classifications correct (percent),Kappa Statistic (percent),Kappa Temporal Statistic (percent),Kappa M Statistic (percent),model training instances,model serialized size (bytes)
100.0,0.495611027,1.0193804710547544E-7,100.0,56.00000000000001,3.0409872190392555,12.00000000000001,-4.76190476190474,100.0,795056.0
200.0,1.443820941,2.9712040625461683E-7,200.0,51.0,1.1299435028248686,-2.0833333333333353,-5.37634408602151,200.0,795680.0
300.0,1.91155245,3.9339965626782423E-7,300.0,53.0,6.324740898219505,6.000000000000005,-2.173913043478263,300.0,795680.0
400.0,2.473414638,5.090550462309146E-7,400.0,54.0,8.066651677533804,11.961722488038289,1.0752688172043021,400.0,795680.0
500.0,3.135335245,6.45306759840072E-7,500.0,53.400000000000006,6.665598461784966,7.905138339920955,0.4273504273504277,500.0,795680.0
600.0,3.757110745,7.732948847893087E-7,600.0,53.833333333333336,7.666666666666666,7.666666666666666,1.4234875444839947,600.0,795680.0
700.0,4.497562696,9.257117246671972E-7,700.0,52.0,4.11271648021918,6.406685236768802,-4.024767801857585,700.0,795680.0
800.0,5.403191801,1.1121291229860525E-6,800.0,51.87500000000001,3.850956495679545,4.7029702970297125,-3.773584905660369,800.0,795680.0
900.0,6.130902767,1.261923320479099E-6,900.0,51.77777777777778,3.64691255698303,3.3407572383073596,-3.0878859857482266,900.0,795680.0
1000.0,6.966059941,1.4338345661588716E-6,1000.0,51.7,3.457925244853085,2.2267206477732815,-2.9850746268656745,1000.0,795680.0
1100.0,7.819485645,1.609506260586269E-6,1100.0,51.63636363636363,3.266651459099927,0.7462686567164226,-4.313725490196083,1100.0,795680.0
1200.0,8.713489686,1.7935307210299992E-6,1200.0,51.66666666666667,3.236300846126252,-0.34602076124565967,-3.5714285714285587,1200.0,795680.0
1300.0,9.863995529,2.030354278067404E-6,1300.0,51.23076923076923,2.388763219915449,-1.1164274322168928,-3.257328990228001,1300.0,795680.0
1400.0,10.889366088,2.2414196147115153E-6,1400.0,50.71428571428571,1.382080123486771,-2.3738872403560882,-2.6785714285714377,1400.0,795680.0
1500.0,12.004894189,2.4710432489254283E-6,1500.0,50.53333333333333,1.0413332479781392,-2.770083102493093,-2.344827586206914,1500.0,795680.0
1600.0,13.424053248,2.7631671858868125E-6,1600.0,50.24999999999999,0.5099490050994783,-3.645833333333348,-3.1088082901554426,1600.0,795680.0
1700.0,14.735428769,3.033104637647325E-6,1700.0,50.23529411764706,0.4960667510741184,-3.296703296703294,-3.296703296703294,1700.0,795680.0
1800.0,16.093702436,3.3126957437736583E-6,1800.0,50.0,0.022217285047768414,-3.4482758620689764,-3.6866359447004617,1800.0,795680.0
1900.0,17.446897935,3.5912415446403E-6,1900.0,50.63157894736842,1.2549519350638507,-2.1786492374727735,-2.2900763358778744,1900.0,795680.0
2000.0,18.900463402,3.890447799329157E-6,2000.0,50.949999999999996,1.9137320775091422,-1.4477766287487086,-1.7634854771784365,2000.0,795680.0
2100.0,20.467075697,4.212923950543656E-6,2100.0,50.904761904761905,1.8381932895789088,-0.5853658536585208,-2.689243027888432,2100.0,795680.0
2200.0,22.018760478,4.53232737771706E-6,2200.0,51.04545454545455,2.096734739751023,-0.09293680297396127,-1.6997167138810192,2200.0,795680.0
2300.0,23.894289922,4.918391957014E-6,2300.0,51.391304347826086,2.7808444160801256,1.06194690265487,-1.084990958408683,2300.0,795680.0
2400.0,25.774350751,5.305389290125739E-6,2400.0,51.416666666666664,2.825775338081843,1.6033755274261634,-0.5172413793103567,2400.0,795680.0
2500.0,27.714566344,5.704769059424049E-6,2500.0,51.4,2.798382565085895,1.459854014598537,0.08223684210527692,2500.0,795680.0
2600.0,29.696497795,6.112719338190204E-6,2600.0,51.46153846153846,2.9235364566321493,0.9419152276295054,0.0,2600.0,795648.0
2700.0,31.876542099,6.561457141596456E-6,2700.0,51.40740740740741,2.8152414145781592,1.5753938484621366,0.15220700152208622,2700.0,795664.0
2800.0,34.017424948,7.002133996304258E-6,2800.0,51.57142857142857,3.143301893001498,2.023121387283239,0.44052863436122736,2800.0,795664.0
2900.0,36.168433793,7.444895174341637E-6,2900.0,51.89655172413793,3.7931034482758585,2.036516853932586,0.7117437722419943,2900.0,795664.0
3000.0,38.390718666,7.902327727718297E-6,3000.0,52.06666666666667,4.133674191380662,2.7063599458728183,0.6219765031098832,3000.0,795664.0
3100.0,40.976555026,8.434593299580921E-6,3100.0,51.935483870967744,3.8709677419354938,2.8683181225554266,0.4676018704074932,3100.0,795664.0
3200.0,43.397061138,8.932827484013482E-6,3200.0,51.90625,3.8130260225139314,2.7180783817951943,0.06493506493505202,3200.0,795664.0
3300.0,45.920701612,9.452290726486132E-6,3300.0,51.57575757575758,3.152653485799242,2.0833333333333246,-1.0113780025284516,3300.0,795664.0
3400.0,48.623675607,1.0008667773941091E-5,3400.0,51.617647058823536,3.2381065740649793,2.373887240356097,-0.9821976672805275,3400.0,795664.0
3500.0,51.331059393,1.0565952527685867E-5,3500.0,51.37142857142857,2.743079444389825,1.9585253456221121,-1.0089020771513428,3500.0,795664.0
3600.0,54.063434765,1.1128392830527895E-5,3600.0,51.55555555555556,3.112456771433737,2.5153717160424733,-0.7510109763142712,3600.0,795680.0
3700.0,56.842033485,1.1700336384093503E-5,3700.0,51.72972972972973,3.4603903015690616,2.670299727520453,-0.6197183098591486,3700.0,795664.0
3800.0,59.737789924,1.2296395547318825E-5,3800.0,51.76315789473684,3.525941651851295,2.6036131774707814,-0.21869874248221755,3800.0,795664.0
3900.0,62.739448881,1.2914253562620372E-5,3900.0,51.84615384615384,3.6923076923076836,2.643856920684274,-0.10660980810234964,3900.0,795664.0
4000.0,65.710072704,1.352573563779912E-5,4000.0,51.824999999999996,3.6495182475912324,2.6767676767676734,0.20714655618850356,4000.0,795680.0
4100.0,68.813395468,1.4164532859105915E-5,4100.0,51.65853658536585,3.3179934039890147,2.652259332023578,-0.30364372469635653,4100.0,795680.0
4200.0,71.994976658,1.4819425859188379E-5,4200.0,51.61904761904762,3.23809523809524,2.681992337164746,-0.197238658777115,4200.0,795664.0
4300.0,75.468894158,1.5534507407196206E-5,4300.0,51.558139534883715,3.116279069767436,2.618045815801773,-0.19240019240018721,4300.0,795680.0
4400.0,78.92360037,1.624563444633551E-5,4400.0,51.47727272727273,2.954545454545454,2.777777777777787,-0.1877053026747903,4400.0,795680.0
4500.0,82.456624034,1.6972882583575786E-5,4500.0,51.44444444444445,2.8890039834026973,3.0181979582778564,-0.04578754578754837,4500.0,795680.0
4600.0,86.000551018,1.7702360423688664E-5,4600.0,51.30434782608696,2.608842935587249,2.4814976055724873,-0.5385996409335742,4600.0,795664.0
4700.0,89.703949336,1.8464678988284693E-5,4700.0,51.276595744680854,2.5531385530856956,2.5117071094082655,-0.5267778753292416,4700.0,795680.0
4800.0,93.562283663,1.925887407300299E-5,4800.0,51.16666666666667,2.3331129045951067,2.04763894692855,-0.9040034438226238,4800.0,795664.0
4900.0,97.527739362,2.007513531115772E-5,4900.0,51.06122448979592,2.1219924057954827,2.0024519820188003,-1.3953488372092961,4900.0,795680.0
5000.0,101.631540496,2.0919873986620503E-5,5000.0,51.06,2.120438500435537,2.0808323329331886,-1.493156366652838,5000.0,795680.0
5100.0,105.671062185,2.1751381189247307E-5,5100.0,51.0,2.000632983224091,2.115158636897773,-1.6266775111834022,5100.0,795680.0
5200.0,109.66132045,2.2572747861624306E-5,5200.0,50.86538461538461,1.7313507020668422,2.2196708763872888,-1.792828685258981,5200.0,795680.0
5300.0,114.051676783,2.3476471914630058E-5,5300.0,50.86792452830189,1.7356111791228268,2.1788129226145774,-1.798279906176705,5300.0,795680.0
5400.0,118.338244993,2.435883191058504E-5,5400.0,50.81481481481481,1.6298860126427699,2.2091310751104487,-1.9577735124760145,5400.0,795680.0
5500.0,122.905042668,2.529887517611381E-5,5500.0,50.67272727272727,1.3457154493475656,1.880650994575042,-2.261590652091986,5500.0,795680.0
5600.0,127.683084761,2.6282401623218267E-5,5600.0,50.60714285714286,1.2135926973977575,1.7406749555950336,-2.6726057906458656,5600.0,795680.0
5700.0,132.312539509,2.723534240768768E-5,5700.0,50.6140350877193,1.2260028834090793,1.6765630457561982,-2.7747353048557817,5700.0,795680.0
5800.0,136.898928795,2.8179418468906573E-5,5800.0,50.58620689655172,1.171814478304198,1.7146776406035589,-2.503576537911295,5800.0,795680.0
5900.0,141.859812902,2.9200581661964838E-5,5900.0,50.57627118644068,1.1519971612598503,1.818181818181823,-2.4236037934668038,5900.0,795680.0
6000.0,146.868430578,3.023157047535302E-5,6000.0,50.68333333333334,1.367324217838557,1.8573797678275346,-2.1754143646408743,6000.0,795680.0
6100.0,151.749721846,3.1236350040843144E-5,6100.0,50.77049180327868,1.5418726667773124,1.958863858961789,-2.3168654173764986,6100.0,795680.0
6200.0,157.97487289,3.251775371411001E-5,6200.0,50.88709677419355,1.7745001836622938,2.215799614643553,-1.9758874748827875,6200.0,795680.0
6300.0,163.812286879,3.371934443456226E-5,6300.0,50.968253968253975,1.936567234124137,2.2777602024675896,-1.6787360105332352,6300.0,795680.0
6400.0,169.700371558,3.493136536109851E-5,6400.0,51.03124999999999,2.0624999999999893,2.5497512437810848,-1.7862942513803322,6400.0,795680.0
6500.0,175.65027299,3.61561108325982E-5,6500.0,50.87692307692308,1.7544972483022614,2.0552147239263783,-2.241434518091575,6500.0,795680.0
6600.0,181.156835179,3.72895980309302E-5,6600.0,50.84848484848485,1.6978723795006676,2.171290711700858,-2.3989898989898917,6600.0,795680.0
6700.0,186.412559944,3.8371452105144475E-5,6700.0,50.82089552238806,1.6426674745602443,2.109328579916803,-2.233943530871868,6700.0,795680.0
6800.0,191.694456282,3.9458693414068454E-5,6800.0,50.8235294117647,1.6477394620106296,2.1363769388352263,-2.262996941896044,6800.0,795680.0
6900.0,197.509983059,4.065577880546826E-5,6900.0,50.68115942028986,1.3625508799475308,1.8742791234140754,-2.4691358024691246,6900.0,795680.0
7000.0,203.240302723,4.183532491038088E-5,7000.0,50.6,1.200000000000001,1.565613435809846,-2.459259259259268,7000.0,795680.0
7100.0,209.209078072,4.306395544529539E-5,7100.0,50.50704225352113,1.0142101783485173,1.2088838909193147,-2.748538011695898,7100.0,795680.0
7200.0,215.273239992,4.431222063671795E-5,7200.0,50.5,1.0004201371059087,1.1647254575707202,-2.797807903086241,7200.0,795680.0
7300.0,221.065883928,4.550459575581995E-5,7300.0,50.479452054794514,0.9594988358110635,1.0943912448700366,-2.786465737844759,7300.0,795680.0
7400.0,226.95018352,4.671583754874945E-5,7400.0,50.56756756756757,1.1362905911983583,1.08166576527854,-2.6374859708193004,7400.0,795680.0
7500.0,232.990539257,4.795920240440072E-5,7500.0,50.413333333333334,0.8278514432680819,0.7737459978655319,-2.8769017980636296,7500.0,795680.0
7600.0,239.13071963,4.9223115461107485E-5,7600.0,50.368421052631575,0.7365121435306557,0.8412197686645574,-2.835332606324986,7600.0,795680.0
7700.0,245.617591383,5.055839250636359E-5,7700.0,50.33766233766234,0.6748221023213136,0.7011165930927045,-2.8786655905299874,7700.0,795680.0
7800.0,252.032227094,5.187880026910642E-5,7800.0,50.358974358974365,0.7191823849131761,0.616016427104725,-3.0335284725917977,7800.0,795680.0
7900.0,258.334618529,5.3176103335022946E-5,7900.0,50.278481012658226,0.5571723514380591,0.48137826197111094,-2.9889879391714804,7900.0,795680.0
8000.0,265.443153087,5.463934530775309E-5,8000.0,50.275000000000006,0.550031078115282,0.35070140280561707,-3.0303030303030303,8000.0,795680.0
8100.0,272.293870183,5.6049517364507855E-5,8100.0,50.2962962962963,0.5925016849580933,0.39584364176149445,-3.2043065880543598,8100.0,795680.0
8200.0,279.139394522,5.745862052866111E-5,8200.0,50.390243902439025,0.7811488703941984,0.7078350012204058,-3.248730964467008,8200.0,795680.0
8300.0,286.1591247,5.890358274272679E-5,8300.0,50.45783132530121,0.9169340895669146,0.7242877836793821,-3.290630494850528,8300.0,795680.0
8400.0,293.301046696,6.037369728535793E-5,8400.0,50.404761904761905,0.8114131159406515,0.7622677465459761,-3.528827037773352,8400.0,795680.0
8500.0,300.68671318,6.189398492098781E-5,8500.0,50.435294117647054,0.8719602496851122,0.5429650613786465,-3.4372698256813177,8500.0,795680.0
8600.0,308.006055324,6.34006201564908E-5,8600.0,50.383720930232556,0.7686869477895012,0.48973880597015274,-3.59310512260257,8600.0,795680.0
8700.0,315.255018149,6.489276830288524E-5,8700.0,50.42528735632183,0.8514130677188095,0.667894979272218,-3.528564570331258,8700.0,795680.0
8800.0,322.518061631,6.638778479047528E-5,8800.0,50.43181818181818,0.8628580141744745,0.5925250683682726,-3.6104513064133132,8800.0,795664.0
8900.0,330.217780599,6.797271792687322E-5,8900.0,50.5056179775281,1.0085365287072579,0.6092057761732863,-3.35523228531204,8900.0,795680.0
9000.0,337.935689893,6.956139541427398E-5,9000.0,50.46666666666667,0.9315721168376513,0.5576622797233975,-3.385899814471225,9000.0,795680.0
9100.0,345.65144875,7.114963024930349E-5,9100.0,50.4065934065934,0.8110595392071188,0.5289839100727245,-3.485439119468018,9100.0,795680.0
9200.0,353.188241993,7.270102626812643E-5,9200.0,50.40217391304348,0.8010568214503151,0.7612005219660734,-3.4928555227942804,9200.0,795680.0
9300.0,360.843577221,7.427682332299521E-5,9300.0,50.483870967741936,0.96230053014359,0.8824795523030539,-3.3902110462505615,9300.0,795680.0
9400.0,369.299798523,7.60174771580189E-5,9400.0,50.5,0.9930977533064721,0.8734554750745739,-3.3081705150976797,9400.0,795680.0
9500.0,377.088946669,7.762081866336666E-5,9500.0,50.4421052631579,0.8758632305878582,0.8842105263157984,-3.5180299032541753,9500.0,795680.0
9600.0,385.051608619,7.92598767680767E-5,9600.0,50.427083333333336,0.8444662945758608,0.7921617677715145,-3.4790171776473255,9600.0,795680.0
9700.0,393.038519469,8.090392633874685E-5,9700.0,50.41237113402062,0.811535412005967,0.7223942208462307,-3.5745047372954266,9700.0,795680.0
9800.0,401.158722944,8.257541326123177E-5,9800.0,50.38775510204082,0.7622840195278172,0.6132461161079387,-3.4908471690080844,9800.0,795680.0
9900.0,409.545967853,8.430186878962255E-5,9900.0,50.40404040404041,0.7943918309878897,0.6676107626947352,-3.3901874078753287,9900.0,795680.0
10000.0,417.853215161,8.601185737302688E-5,10000.0,50.349999999999994,0.6848166947762958,0.4810583283223006,-3.4590539695770075,10000.0,795680.0
