learning evaluation instances,evaluation time (cpu seconds),model cost (RAM-Hours),classified instances,classifications correct (percent),Kappa Statistic (percent),Kappa Temporal Statistic (percent),Kappa M Statistic (percent),model training instances,model serialized size (bytes)
100.0,0.59648719,1.2268641325454744E-7,100.0,35.0,0.0,-35.41666666666667,-91.17647058823532,100.0,795056.0
200.0,1.453974016,2.991905118377838E-7,200.0,55.00000000000001,12.748424624333493,-19.999999999999986,-66.66666666666664,200.0,795664.0
300.0,1.917293949,3.945597520992201E-7,300.0,57.666666666666664,4.940119760479046,-5.8333333333333295,-42.69662921348316,300.0,795664.0
400.0,2.271001956,4.6736660002297824E-7,400.0,60.75000000000001,4.004891470498351,-3.9735099337748387,-33.050847457627086,400.0,795664.0
500.0,2.678602631,5.512666525268679E-7,500.0,63.4,4.288702928870313,3.174603174603177,-27.083333333333314,500.0,795664.0
600.0,3.077356542,6.33345697339616E-7,600.0,63.83333333333333,2.850320847634656,6.866952789699559,-21.910112359550585,600.0,795664.0
700.0,3.583636607,7.375557059886473E-7,700.0,64.85714285714286,2.6238407600090605,11.510791366906474,-18.84057971014493,700.0,795648.0
800.0,4.122164697,8.484057064844007E-7,800.0,65.625,2.421715603654748,13.249211356466875,-16.525423728813543,800.0,795664.0
900.0,4.591841178,9.450833712496568E-7,900.0,66.22222222222223,2.2438187794769657,14.366197183098611,-14.716981132075475,900.0,795664.0
1000.0,5.116175149,1.0530116706727944E-6,1000.0,66.3,1.8122487034555423,15.5388471177945,-13.087248322147623,1000.0,795664.0
1100.0,5.756671352,1.1848480187113088E-6,1100.0,67.0909090909091,1.9501625135428204,17.162471395880992,-12.074303405572778,1100.0,795648.0
1200.0,6.488399822,1.3354631336624426E-6,1200.0,67.66666666666666,1.978947368421059,18.31578947368421,-11.174785100286522,1200.0,795648.0
1300.0,7.09926615,1.4612031535779107E-6,1300.0,67.07692307692308,1.3824884792626941,17.533718689788067,-10.025706940874047,1300.0,795664.0
1400.0,7.755597832,1.5963044261818629E-6,1400.0,66.85714285714286,1.0781506974478035,18.453427065026375,-9.176470588235276,1400.0,795680.0
1500.0,8.483573746,1.7461531613621116E-6,1500.0,67.4,1.1828420542113578,18.905472636815936,-8.666666666666636,1500.0,795680.0
1600.0,9.387060477,1.932125827299104E-6,1600.0,67.4375,1.0610772188857565,19.722650231124796,-8.091286307053954,1600.0,795664.0
1700.0,10.374934283,2.135472720376117E-6,1700.0,68.0,1.1839124674103239,20.815138282387213,-7.722772277227687,1700.0,795680.0
1800.0,11.293857765,2.3246228693224036E-6,1800.0,68.27777777777779,1.1863787567058535,21.45804676753783,-7.330827067669155,1800.0,795664.0
1900.0,12.09459782,2.489446278058092E-6,1900.0,68.42105263157895,1.1412119740539162,21.671018276762418,-6.951871657753986,1900.0,795664.0
2000.0,12.945029821,2.664498219605755E-6,2000.0,68.65,1.1368474164709101,22.304832713754642,-6.6326530612244765,2000.0,795664.0
2100.0,13.827325925,2.8461090313385303E-6,2100.0,69.23809523809524,1.2692498034991988,23.186682520808567,-6.425041186161451,2100.0,795664.0
2200.0,14.967443065,3.080789427553734E-6,2200.0,69.0,1.1020881670533396,22.58796821793416,-6.065318818040466,2200.0,795664.0
2300.0,15.984025394,3.2900415608521548E-6,2300.0,69.04347826086956,1.0465762695477254,22.60869565217391,-5.79494799405646,2300.0,795664.0
2400.0,16.990527292,3.4972187498680083E-6,2400.0,69.04166666666667,0.9828419123771387,22.684703433922994,-5.539772727272723,2400.0,795664.0
2500.0,17.957015906,3.696155650186472E-6,2500.0,69.12,0.9504649682836378,23.10756972111554,-5.320600272851278,2500.0,795648.0
2600.0,18.97506671,3.905714266611569E-6,2600.0,69.07692307692308,0.8856942363495016,23.86363636363638,-5.09803921568628,2600.0,795680.0
2700.0,19.999663506,4.116620329570041E-6,2700.0,69.18518518518518,0.8702098741461278,24.841915085817526,-4.918032786885259,2700.0,795680.0
2800.0,21.255124386,4.375048144719269E-6,2800.0,69.32142857142857,0.8647338614611968,24.715162138475005,-4.756097560975639,2800.0,795680.0
2900.0,22.350314622,4.600485372092094E-6,2900.0,69.44827586206897,0.8581438780077342,25.35804549283909,-4.604486422668246,2900.0,795680.0
3000.0,23.4788434,4.8327851044673215E-6,3000.0,69.53333333333333,0.8418677312966727,25.991902834008094,-4.457142857142862,3000.0,795680.0
3100.0,25.092610982,5.164954481268177E-6,3100.0,69.35483870967742,0.7602205178665579,25.606891151135496,-4.281009879253566,3100.0,795648.0
3200.0,26.418124582,5.437802157412883E-6,3200.0,69.28125,0.7102048546447755,25.586676760030297,-4.131355932203357,3200.0,795680.0
3300.0,27.721743086,5.706137485686424E-6,3300.0,69.0909090909091,0.6364462917262307,25.3294289897511,-3.9755351681957265,3300.0,795664.0
3400.0,29.252067624,6.021144056679374E-6,3400.0,69.41176470588235,0.684200474109351,25.34099066762382,-3.8961038961038974,3400.0,795680.0
3500.0,30.912563589,6.362945502773863E-6,3500.0,69.19999999999999,0.6111374532426909,25.242718446601938,-3.7536092396535436,3500.0,795680.0
3600.0,32.584450918,6.70709178123787E-6,3600.0,69.02777777777777,0.5515006466382015,24.662162162162158,-3.6245353159851397,3600.0,795680.0
3700.0,34.206775284,7.041035871450172E-6,3700.0,69.16216216216216,0.5591882113514547,24.58691341705223,-3.539019963702361,3700.0,795680.0
3800.0,35.951790825,7.400235079363427E-6,3800.0,69.3157894736842,0.5708848715508964,25.016077170418,-3.460514640638871,3800.0,795680.0
3900.0,37.872608006,7.795621821630481E-6,3900.0,69.38461538461539,0.5654398387386439,25.234815278647478,-3.3766233766233804,3900.0,795680.0
4000.0,39.364257155,8.102667335103807E-6,4000.0,69.125,0.49671075159226996,24.92401215805472,-3.2608695652173654,4000.0,795680.0
4100.0,41.008156085,8.441052397970963E-6,4100.0,69.14634146341463,0.48467312385836536,24.925816023738864,-3.181076672104407,4100.0,795680.0
4200.0,42.78770202,8.807359445260034E-6,4200.0,69.16666666666667,0.4732051690253852,24.6655031995346,-3.105095541401293,4200.0,795680.0
4300.0,44.645826077,9.189833556572632E-6,4300.0,69.09302325581396,0.44562286160258824,24.61712989222917,-3.023255813953462,4300.0,795664.0
4400.0,46.535751629,9.578845828110413E-6,4400.0,69.18181818181817,0.44783789736434393,25.04145936981757,-2.9612756264237046,4400.0,795648.0
4500.0,48.529160402,9.989150286942867E-6,4500.0,69.15555555555557,0.4304160688666309,25.134843581445537,-2.891030392883595,4500.0,795632.0
4600.0,50.385540249,1.0371265372082171E-5,4600.0,69.32608695652173,0.44695033851040744,25.540897097625326,-2.842565597667656,4600.0,795664.0
4700.0,52.354306934,1.0776505885100939E-5,4700.0,69.4468085106383,0.45486457307040523,25.711329539575807,-2.791696492483866,4700.0,795648.0
4800.0,54.374344505,1.1192299725897886E-5,4800.0,69.4375,0.4414080946496888,25.871652349671532,-2.7310924369748064,4800.0,795648.0
4900.0,56.329362184,1.1594710216300266E-5,4900.0,69.63265306122449,0.46143344709901046,25.89641434262949,-2.691511387163556,4900.0,795648.0
5000.0,58.638643864,1.207004053341605E-5,5000.0,69.64,0.4511830439117026,26.34643377001456,-2.6369168356998074,5000.0,795648.0
5100.0,60.898129374,1.2535130422977146E-5,5100.0,69.41176470588235,0.40508940508443547,26.171320397539038,-2.5641025641025776,5100.0,795664.0
5200.0,62.926739103,1.2952697108245765E-5,5200.0,69.3076923076923,0.37979363425536317,26.07688744789252,-2.5048169556840287,5200.0,795664.0
5300.0,65.284149225,1.3437943686919857E-5,5300.0,69.0377358490566,0.33164341113696966,25.880758807588073,-2.434456928838962,5300.0,795664.0
5400.0,67.319832635,1.3856966410521326E-5,5400.0,68.7962962962963,0.2899579856796807,25.672695191883566,-2.369380315917382,5400.0,795664.0
5500.0,69.479750934,1.4301561500287093E-5,5500.0,68.67272727272727,0.26626533919888823,25.411255411255425,-2.315914489311146,5500.0,795664.0
5600.0,71.938207717,1.4807587054892092E-5,5600.0,68.42857142857143,0.2277445230465184,24.797958315610373,-2.2556390977443748,5600.0,795632.0
5700.0,74.264361056,1.5286399773428925E-5,5700.0,68.35087719298245,0.21233070798896586,24.864639733444392,-2.209631728045354,5700.0,795664.0
5800.0,76.519082072,1.575049027951001E-5,5800.0,68.22413793103448,0.19141168451619311,24.775510204081623,-2.1618625277162065,5800.0,795632.0
5900.0,79.252063922,1.6313032796814433E-5,5900.0,68.0,0.15954109527652077,24.510195921631365,-2.109248242293116,5900.0,795648.0
6000.0,81.796557179,1.6836777819876663E-5,6000.0,67.81666666666666,0.13394773452488112,24.30419443355548,-2.061310782240999,6000.0,795648.0
6100.0,84.414634305,1.7375668957026792E-5,6100.0,67.31147540983606,0.6170479094560472,23.21909896033884,-3.3696215655780124,6100.0,795648.0
6200.0,87.111339715,1.7930744523946437E-5,6200.0,67.20967741935485,0.5812768529777695,23.34087481146305,-3.3028455284552884,6200.0,795648.0
6300.0,89.804038294,1.8485006491631475E-5,6300.0,66.92063492063492,2.099157747925701,22.728958101594372,-3.321764997521045,6300.0,795664.0
6400.0,92.023984287,1.8941957612648385E-5,6400.0,66.578125,3.123574056230452,22.359346642468232,-3.7342386032977846,6400.0,795664.0
6500.0,94.276936106,1.9405702614794994E-5,6500.0,66.16923076923077,3.6491904334468757,21.38005005362888,-4.614652711703141,6500.0,795664.0
6600.0,96.644921813,1.9893126059679524E-5,6600.0,65.89393939393939,4.727422157444304,21.321216357916807,-4.697674418604638,6600.0,795664.0
6700.0,99.238598018,2.042700537618848E-5,6700.0,65.43283582089552,4.769877106426085,20.385012031625987,-5.995423340961126,6700.0,795664.0
6800.0,101.698822663,2.093341517761205E-5,6800.0,65.08823529411765,5.287100383751745,19.824383654170884,-6.600808262236189,6800.0,795664.0
6900.0,104.740336166,2.1559476806663547E-5,6900.0,64.72463768115942,5.6255799149817625,19.02860944777113,-7.36656374062635,6900.0,795664.0
7000.0,107.70714111,2.217016051215643E-5,7000.0,64.42857142857143,6.184442140290799,18.547595682041205,-7.745564690610126,7000.0,795664.0
7100.0,110.636318396,2.2773098983955086E-5,7100.0,63.985915492957744,6.030503452937858,17.595874959716408,-9.087030716723559,7100.0,795664.0
7200.0,113.658063185,2.3395091443733166E-5,7200.0,63.79166666666667,6.871053143394694,17.316841103710747,-8.897243107769413,7200.0,795664.0
7300.0,116.734596473,2.402836150491048E-5,7300.0,63.534246575342465,7.363939027599263,16.94227769110765,-9.143091430914303,7300.0,795664.0
7400.0,119.674901868,2.463360274436777E-5,7400.0,63.28378378378379,7.7654670767243275,16.554054054054053,-9.424083769633512,7400.0,795680.0
7500.0,122.646802953,2.5245347734969284E-5,7500.0,62.94666666666666,7.745770048945529,15.762352227947845,-10.321556173084579,7500.0,795680.0
7600.0,125.878441751,2.591055791174406E-5,7600.0,62.71052631578947,8.126463890037034,15.57938635686624,-10.53042121684869,7600.0,795680.0
7700.0,128.666113544,2.6484380594947155E-5,7700.0,62.44155844155844,8.302109063021556,15.289982425307569,-10.932105868814743,7700.0,795680.0
7800.0,131.289438433,2.702437362084762E-5,7800.0,62.19230769230769,8.518950515235627,14.793412308581324,-11.283018867924527,7800.0,795680.0
7900.0,134.30394136,2.7644887901774926E-5,7900.0,61.822784810126585,8.273530162472396,14.220705346985213,-12.369597615499249,7900.0,795680.0
8000.0,137.112655512,2.8223042006967018E-5,8000.0,61.5625,8.357061155493763,13.768928771733025,-12.761276127612756,8000.0,795680.0
8100.0,140.125534718,2.88432220563168E-5,8100.0,61.382716049382715,8.65721037632285,13.519491291125227,-12.761355443403023,8100.0,795680.0
8200.0,143.11673408,2.9458939461862262E-5,8200.0,61.19512195121951,8.910167992741412,13.297002724795629,-12.836879432624126,8200.0,795680.0
8300.0,145.995226668,3.005145696861252E-5,8300.0,61.084337349397586,9.382330849101972,13.078579117330461,-12.465181058495814,8300.0,795680.0
8400.0,149.484028134,3.076960227661113E-5,8400.0,60.88095238095238,9.424131290513163,12.722443559096936,-12.843406593406591,8400.0,795680.0
8500.0,152.5741009,3.140567207877773E-5,8500.0,60.63529411764706,9.490970164129982,12.45421245421244,-12.926088423894717,8500.0,795680.0
8600.0,155.91969114,3.2094338360524225E-5,8600.0,60.48837209302326,9.75726350454136,12.128264804758222,-12.92788301761382,8600.0,795680.0
8700.0,159.034754981,3.273555240016837E-5,8700.0,60.218390804597696,9.568352842809361,11.415408241617598,-13.773833004602254,8700.0,795680.0
8800.0,162.091753509,3.336481410245689E-5,8800.0,60.03409090909091,9.617647629142422,11.074589127686478,-14.077197534868635,8800.0,795680.0
8900.0,165.367117207,3.403902474316856E-5,8900.0,59.91011235955056,9.742363038344823,10.978043912175641,-14.175999999999997,8900.0,795680.0
9000.0,168.556705649,3.469557914914199E-5,9000.0,59.86666666666667,10.204054573659858,10.880829015544052,-13.620635419943378,9000.0,795680.0
9100.0,171.766141092,3.535621892104551E-5,9100.0,59.769230769230774,10.421539937165406,10.685533056843148,-13.589823146137128,9100.0,795680.0
9200.0,175.202400681,3.606354885224245E-5,9200.0,59.641304347826086,10.538790112011139,10.400579150579143,-13.582135209544191,9200.0,795680.0
9300.0,178.803770691,3.680486560536044E-5,9300.0,59.505376344086024,10.614424194759588,10.11933174224345,-13.742071881606737,9300.0,795680.0
9400.0,182.079932531,3.747924053800388E-5,9400.0,59.29787234042553,10.513296729223207,9.806694955209792,-14.208955223880594,9400.0,795680.0
9500.0,185.500218881,3.818328249000419E-5,9500.0,59.136842105263156,10.542819447567506,9.573724668064278,-14.37831467295228,9500.0,795680.0
9600.0,188.992567937,3.890215804451812E-5,9600.0,58.833333333333336,10.154592300697193,8.919105784743046,-15.454279871457771,9600.0,795680.0
9700.0,192.423343253,3.960835907658993E-5,9700.0,58.659793814432994,10.02514262577432,8.384738405300439,-16.03009259259259,9700.0,795680.0
9800.0,196.138352247,4.0373067617392216E-5,9800.0,58.53061224489796,10.064517381936986,8.220415537488709,-15.98173515981736,9800.0,795680.0
9900.0,199.672259297,4.1100497593443686E-5,9900.0,58.32323232323232,9.86185146052955,7.675095099574837,-16.58660638598474,9900.0,795680.0
10000.0,203.487081039,4.1885751888240054E-5,10000.0,58.209999999999994,9.945142175049575,7.5237884487718345,-16.504042375243944,10000.0,795680.0
