learning evaluation instances,evaluation time (cpu seconds),model cost (RAM-Hours),classified instances,classifications correct (percent),Kappa Statistic (percent),Kappa Temporal Statistic (percent),Kappa M Statistic (percent),model training instances,model serialized size (bytes)
100.0,0.54937157,1.1299559923042027E-7,100.0,35.0,0.0,-35.41666666666667,-91.17647058823532,100.0,795056.0
200.0,1.464695308,3.141007766868919E-7,200.0,27.500000000000004,0.0,-93.33333333333333,-168.51851851851848,200.0,849280.0
300.0,1.942119843,4.1899540778543385E-7,300.0,30.0,0.0,-74.99999999999999,-135.9550561797753,300.0,849280.0
400.0,2.334168594,5.051321814407491E-7,400.0,29.75,0.0,-86.0927152317881,-138.13559322033896,400.0,849280.0
500.0,2.809531497,6.09573852726279E-7,500.0,28.999999999999996,0.0,-87.83068783068784,-146.52777777777774,500.0,849280.0
600.0,3.367016683,7.320585568866383E-7,600.0,29.833333333333336,0.0,-80.68669527896996,-136.5168539325843,600.0,849280.0
700.0,3.823316977,8.32311994865661E-7,700.0,29.714285714285715,0.0,-76.97841726618705,-137.68115942028987,700.0,849280.0
800.0,4.374491198,9.534101210497734E-7,800.0,29.625,0.0,-77.602523659306,-138.55932203389827,800.0,849280.0
900.0,4.878922148,1.064238313855024E-6,900.0,29.555555555555557,0.0,-78.59154929577463,-139.24528301886795,900.0,849280.0
1000.0,5.492807104,1.1991145744488885E-6,1000.0,29.9,0.0,-75.6892230576441,-135.23489932885903,1000.0,849280.0
1100.0,6.181397685,1.3504043588583253E-6,1100.0,29.454545454545457,0.0,-77.57437070938217,-140.2476780185759,1100.0,849280.0
1200.0,6.824255789,1.4916462907749331E-6,1200.0,29.166666666666668,0.0,-78.94736842105262,-143.5530085959885,1200.0,849280.0
1300.0,7.423040475,1.623204880962231E-6,1300.0,30.0,0.0,-75.33718689788053,-133.93316195372756,1300.0,849280.0
1400.0,8.016679588,1.753632940684383E-6,1400.0,30.428571428571427,0.0,-71.1775043936731,-129.17647058823528,1400.0,849280.0
1500.0,8.776531493,1.920579503798278E-6,1500.0,30.06666666666667,0.0,-73.96351575456052,-133.11111111111106,1500.0,849280.0
1600.0,9.501518867,2.0798660036988973E-6,1600.0,30.1875,0.0,-72.11093990755008,-131.7427385892116,1600.0,849280.0
1700.0,10.422727107,2.2822640612259097E-6,1700.0,29.764705882352942,0.0,-73.79912663755455,-136.43564356435638,1700.0,849280.0
1800.0,11.241616022,2.4621816070420465E-6,1800.0,29.61111111111111,0.0,-74.27785419532327,-138.1578947368421,1800.0,849280.0
1900.0,12.080139959,2.646413150649063E-6,1900.0,29.578947368421055,0.0,-74.67362924281981,-138.50267379679138,1900.0,849280.0
2000.0,12.871905421,2.8203714204163605E-6,2000.0,29.45,0.0,-74.84510532837672,-139.9659863945578,2000.0,849280.0
2100.0,13.713889006,3.005363081013784E-6,2100.0,28.952380952380953,0.0,-77.40784780023785,-145.79901153212523,2100.0,849280.0
2200.0,14.615763384,3.203513308415769E-6,2200.0,29.272727272727273,0.0,-76.61748013620883,-141.99066874027997,2200.0,849280.0
2300.0,15.593047654,3.418231793673461E-6,2300.0,29.304347826086957,0.0,-76.7391304347826,-141.6047548291233,2300.0,849280.0
2400.0,16.560459514,3.6307812182124705E-6,2400.0,29.375,0.0,-76.37877211238295,-140.76704545454547,2400.0,849280.0
2500.0,17.503739893,3.838028730906174E-6,2500.0,29.360000000000003,0.0,-75.8964143426295,-140.9276944065484,2500.0,849280.0
2600.0,18.574540642,4.073293660360202E-6,2600.0,29.46153846153846,0.0,-73.67424242424241,-139.7385620915033,2600.0,849280.0
2700.0,19.664870936,4.312849413322699E-6,2700.0,29.40740740740741,0.0,-72.17705510388436,-140.3530895334174,2700.0,849280.0
2800.0,20.700465392,4.54037919125884E-6,2800.0,29.32142857142857,0.0,-73.44434706397898,-141.34146341463418,2800.0,849280.0
2900.0,21.978316776,4.821135079775213E-6,2900.0,29.24137931034483,0.0,-72.87278854254421,-142.2668240850059,2900.0,849280.0
3000.0,23.179112981,5.084961225509438E-6,3000.0,29.2,0.0,-71.98380566801622,-142.74285714285716,3000.0,849280.0
3100.0,24.648402298,5.4077778165833416E-6,3100.0,29.419354838709676,0.0,-71.33907595927954,-140.17563117453352,3100.0,849280.0
3200.0,26.046464599,5.71494516674094E-6,3200.0,29.531249999999996,0.0,-70.70401211203632,-138.87711864406776,3200.0,849280.0
3300.0,27.288258923,5.9877789822804855E-6,3300.0,29.757575757575754,0.0,-69.69253294289898,-136.28950050968402,3300.0,849280.0
3400.0,28.795952376,6.319033320858041E-6,3400.0,29.470588235294116,0.0,-72.14644651830584,-139.56043956043956,3400.0,849280.0
3500.0,30.153788926,6.617362697676446E-6,3500.0,29.714285714285715,0.0,-70.59639389736475,-136.76612127045237,3500.0,849280.0
3600.0,31.703933472,6.957943938022811E-6,3600.0,29.916666666666668,0.0,-70.47297297297297,-134.47955390334573,3600.0,849280.0
3700.0,33.274314713,7.302971369339816E-6,3700.0,29.81081081081081,0.0,-71.64573694646396,-135.6624319419238,3700.0,849280.0
3800.0,34.854747341,7.650207184294653E-6,3800.0,29.68421052631579,0.0,-71.83279742765272,-137.08961845607809,3800.0,849280.0
3900.0,36.403338647,7.990447163300506E-6,3900.0,29.641025641025642,0.0,-71.82216656230432,-137.57575757575762,3900.0,849280.0
4000.0,37.844858645,8.307162575530798E-6,4000.0,29.925,0.0,-70.3951367781155,-134.36454849498324,4000.0,849280.0
4100.0,39.474669957,8.665247348724264E-6,4100.0,29.926829268292682,0.0,-70.50445103857565,-134.33931484502443,4100.0,849280.0
4200.0,41.067077155,9.015114088591064E-6,4200.0,29.928571428571427,0.0,-71.20418848167542,-134.31528662420388,4200.0,849280.0
4300.0,42.797651963,9.395337543327403E-6,4300.0,30.023255813953487,0.0,-70.67498581962562,-133.25581395348834,4300.0,849280.0
4400.0,44.588779426,9.788864982133732E-6,4400.0,29.954545454545457,0.0,-70.37037037037037,-134.0167046317388,4400.0,849280.0
4500.0,46.511180557,1.0211234472339478E-5,4500.0,30.0,0.0,-69.90291262135922,-133.50630096367678,4500.0,849280.0
4600.0,48.426801662,1.063211432748466E-5,4600.0,29.84782608695652,0.0,-70.29023746701847,-135.2040816326531,4600.0,849280.0
4700.0,50.574003872,1.11038747151487E-5,4700.0,29.744680851063833,0.0,-70.82255561303671,-136.36363636363632,4700.0,849280.0
4800.0,52.647997587,1.1559550512446424E-5,4800.0,29.770833333333336,0.0,-70.33855482566955,-136.06442577030813,4800.0,849280.0
4900.0,54.747675432,1.2020869353081744E-5,4900.0,29.591836734693878,0.0,-71.81274900398405,-138.0952380952381,4900.0,849280.0
5000.0,56.739381083,1.2458465693869983E-5,5000.0,29.599999999999998,0.0,-70.790878214459,-137.99864773495608,5000.0,849280.0
5100.0,58.827211078,1.2917181451161334E-5,5100.0,29.843137254901958,0.0,-69.33270231897777,-135.23997370151218,5100.0,849280.0
5200.0,60.680718624,1.3324414377043607E-5,5200.0,29.96153846153846,0.0,-68.68920796665124,-133.91136801541427,5200.0,849280.0
5300.0,62.727478017,1.37741065393373E-5,5300.0,30.245283018867923,0.0,-66.98283649503162,-130.77403245942574,5300.0,849280.0
5400.0,64.698245554,1.4207102580846974E-5,5400.0,30.5,0.0,-65.5491839435377,-128.0072904009721,5400.0,849280.0
5500.0,66.711923098,1.4649526351819067E-5,5500.0,30.636363636363633,0.0,-65.15151515151514,-126.54394299287408,5500.0,849280.0
5600.0,68.629884839,1.5070920466562903E-5,5600.0,30.892857142857146,0.0,-64.61080391322841,-123.82880277617122,5600.0,849280.0
5700.0,70.767804883,1.5540641475629936E-5,5700.0,30.982456140350877,0.0,-63.848396501457714,-122.88951841359777,5700.0,849280.0
5800.0,73.04200706,1.6040304942652878E-5,5800.0,31.120689655172413,0.0,-63.06122448979592,-121.45232815964526,5800.0,849280.0
5900.0,75.109465553,1.6494544890616136E-5,5900.0,31.35593220338983,0.0,-61.93522590963614,-119.03731746890212,5900.0,849280.0
6000.0,77.384838027,1.699446548282451E-5,6000.0,31.55,0.0,-60.995687965503706,-117.07188160676532,6000.0,849280.0
6100.0,79.488933864,1.7456754997581208E-5,6100.0,31.639344262295083,0.0,-60.569888332691576,-116.17418351477447,6100.0,849280.0
6200.0,81.532923623,1.7905838645407357E-5,6200.0,31.758064516129032,0.0,-59.53996983408749,-114.98983739837401,6200.0,849280.0
6300.0,83.858802658,1.8416856000969442E-5,6300.0,32.03174603174603,0.0,-58.76900259547646,-112.29548834903318,6300.0,849280.0
6400.0,85.93519306,1.8873058372794222E-5,6400.0,32.234375,0.0,-57.42286751361163,-110.32977691561594,6400.0,849280.0
6500.0,88.271358014,1.938633564086586E-5,6500.0,32.353846153846156,0.0,-57.20414730067931,-109.18173168411036,6500.0,849280.0
6600.0,90.414622775,1.9857230934195516E-5,6600.0,32.59090909090909,0.0,-55.50506815798671,-106.9302325581395,6600.0,849280.0
6700.0,92.836682429,2.038938007040401E-5,6700.0,32.626865671641795,0.0,-55.1735991749742,-106.59038901601834,6700.0,849280.0
6800.0,95.082347942,2.0882773765717244E-5,6800.0,32.76470588235294,0.0,-54.40729483282676,-105.29860799281545,6800.0,849280.0
6900.0,97.511478634,2.1416476475041737E-5,6900.0,32.869565217391305,0.0,-54.09181636726548,-104.32289369210407,6900.0,849280.0
7000.0,99.957778564,2.1953951426373553E-5,7000.0,33.02857142857143,0.0,-53.35296041871115,-102.85590653396794,7000.0,849280.0
7100.0,102.252291766,2.2458077415362628E-5,7100.0,33.028169014084504,0.0,-53.23880116016757,-102.85836177474404,7100.0,849280.0
7200.0,104.694677037,2.2994692279535994E-5,7200.0,33.263888888888886,0.0,-52.39454487789409,-100.71010860484544,7200.0,849280.0
7300.0,107.038073278,2.3509558328926198E-5,7300.0,33.42465753424658,0.0,-51.6380655226209,-99.2619926199262,7300.0,849280.0
7400.0,109.665059343,2.4088123539636664E-5,7400.0,33.56756756756757,0.0,-50.982800982801,-97.98630688683046,7400.0,851328.0
7500.0,112.010800248,2.4604747551867E-5,7500.0,33.6,0.0,-50.954834798423775,-97.69749900754267,7500.0,851328.0
7600.0,114.58566334,2.51718332426598E-5,7600.0,33.75,0.0,-49.98510574918082,-96.37285491419658,7600.0,851328.0
7700.0,117.027413323,2.570960221381598E-5,7700.0,33.87012987012987,0.0,-49.150556531927336,-95.32029152282318,7700.0,851328.0
7800.0,119.644362105,2.6285956821725302E-5,7800.0,33.98717948717949,0.0,-48.7720312048541,-94.30188679245283,7800.0,851328.0
7900.0,122.155237652,2.6838949949200386E-5,7900.0,33.98734177215189,0.0,-48.32195676905576,-94.29955290611029,7900.0,851328.0
8000.0,124.835499039,2.7429248472207122E-5,8000.0,34.1,0.0,-47.840717891194615,-93.3259992665933,8000.0,851328.0
8100.0,127.92001006,2.8108578596024746E-5,8100.0,34.25925925925926,0.0,-47.221454243848505,-91.96106705118959,8100.0,851328.0
8200.0,130.61823252,2.8702832850705618E-5,8200.0,34.40243902439024,0.0,-46.566757493188035,-90.74468085106385,8200.0,851328.0
8300.0,133.329299469,2.9299915964885884E-5,8300.0,34.6144578313253,0.0,-46.04413347685683,-88.96239554317546,8300.0,851328.0
8400.0,136.274550617,2.994857561091178E-5,8400.0,34.67857142857143,0.0,-45.737051792828694,-88.42719780219778,8400.0,851328.0
8500.0,139.276988194,3.060982994816386E-5,8500.0,34.87058823529412,0.0,-44.84563055991627,-86.83766452919338,8500.0,851328.0
8600.0,142.050274911,3.122061629193598E-5,8600.0,35.0,0.0,-44.55650374967674,-85.77600531738119,8600.0,851328.0
8700.0,145.057328327,3.18828872177034E-5,8700.0,34.97701149425288,0.0,-44.79140005119018,-85.9631821170283,8700.0,851328.0
8800.0,147.874198958,3.250327244619095E-5,8800.0,35.04545454545455,0.0,-44.52591656131478,-85.4038274408044,8800.0,851328.0
8900.0,150.978678469,3.3187000413521464E-5,8900.0,35.12359550561798,0.0,-44.061876247505,-84.76799999999999,8900.0,851328.0
9000.0,153.852998545,3.382003825965875E-5,9000.0,35.333333333333336,0.0,-43.597335307179854,-83.07643913180246,9000.0,851328.0
9100.0,157.024490226,3.4518524931183696E-5,9100.0,35.42857142857142,0.0,-43.35203708221517,-82.31461371393114,9100.0,851328.0
9200.0,160.009030882,3.517583766554439E-5,9200.0,35.54347826086956,0.0,-43.0984555984556,-81.40104007341692,9200.0,851328.0
9300.0,163.229335547,3.5885074867781936E-5,9300.0,35.612903225806456,0.0,-42.91169451073984,-80.85170643310175,9300.0,851328.0
9400.0,166.61586998,3.663092237489724E-5,9400.0,35.648936170212764,0.0,-42.59783121169261,-80.56716417910447,9400.0,851328.0
9500.0,170.389389869,3.7461999234720404E-5,9500.0,35.73684210526316,0.0,-42.2082459818309,-79.87625220978197,9500.0,851328.0
9600.0,174.127076242,3.828518415099227E-5,9600.0,35.66666666666667,0.0,-42.3369439963125,-80.42652643879636,9600.0,851328.0
9700.0,178.118422338,3.9164234872203703E-5,9700.0,35.63917525773196,0.0,-42.63193968471556,-80.64236111111113,9700.0,851328.0
9800.0,182.044616768,4.002893664506339E-5,9800.0,35.76530612244898,0.0,-42.16350496838302,-79.65182648401829,9800.0,851328.0
9900.0,185.96536121,4.089243811713063E-5,9900.0,35.75757575757576,0.0,-42.31371671514881,-79.71178298954504,9900.0,851328.0
10000.0,189.197096471,4.160419278425746E-5,10000.0,35.88,0.0,-41.88979862801506,-78.75662113186506,10000.0,851328.0
