learning evaluation instances,evaluation time (cpu seconds),model cost (RAM-Hours),classified instances,classifications correct (percent),Kappa Statistic (percent),Kappa Temporal Statistic (percent),Kappa M Statistic (percent),model training instances,model serialized size (bytes)
100.0,0.394624139,8.116690686613734E-8,100.0,35.0,0.0,-35.41666666666667,-91.17647058823532,100.0,795056.0
200.0,1.15720038,2.3917635339526666E-7,200.0,53.0,11.195087387812947,-25.333333333333325,-74.07407407407405,200.0,800944.0
300.0,1.512195911,3.127331262893023E-7,300.0,56.00000000000001,6.515580736543923,-9.99999999999998,-48.31460674157303,300.0,800944.0
400.0,1.809844237,3.744072838658715E-7,400.0,59.25,8.075795172569379,-7.9470198675496775,-38.135593220338954,400.0,800944.0
500.0,2.10429987,4.354186813597257E-7,500.0,61.0,7.372221166635014,-3.174603174603177,-35.41666666666666,500.0,800928.0
600.0,2.440964641,5.051758395311857E-7,600.0,60.0,2.58026979853059,-3.0042918454935745,-34.83146067415733,600.0,800928.0
700.0,2.832705741,5.863448486728097E-7,700.0,60.57142857142858,1.504955340756186,0.7194244604316633,-33.33333333333332,700.0,800928.0
800.0,3.231096682,6.688917091680939E-7,800.0,61.75000000000001,2.805460046215085,3.4700315457413353,-29.661016949152508,800.0,800928.0
900.0,3.663084658,7.583998970325167E-7,900.0,62.77777777777778,3.333162336163318,5.633802816901416,-26.415094339622662,900.0,800928.0
1000.0,4.125005872,8.541083591698235E-7,1000.0,62.9,2.4208056727441316,7.0175438596491295,-24.496644295301994,1000.0,800912.0
1100.0,4.670460118,9.671245737724378E-7,1100.0,63.81818181818182,2.9956571833731966,8.924485125858112,-23.219814241486088,1100.0,800912.0
1200.0,5.222323091,1.0814686542249802E-6,1200.0,64.16666666666667,2.457466918714577,9.473684210526336,-23.20916905444122,1200.0,800912.0
1300.0,5.787018966,1.1984716671490213E-6,1300.0,63.69230769230769,1.4202172096909316,9.055876685934502,-21.336760925449887,1300.0,800912.0
1400.0,6.579597646,1.3626912013174966E-6,1400.0,63.57142857142857,1.018099547511293,10.369068541300527,-20.0,1400.0,800912.0
1500.0,7.253941226,1.5024128357388286E-6,1500.0,64.0,1.1498348836130985,10.44776119402986,-19.99999999999998,1500.0,800912.0
1600.0,7.940195634,1.6446023521194896E-6,1600.0,64.0625,0.8081975555689587,11.402157164869033,-19.294605809128623,1600.0,800912.0
1700.0,8.64011111,1.789619496976075E-6,1700.0,64.58823529411765,0.9845429847442183,12.37263464337701,-19.20792079207919,1700.0,800896.0
1800.0,9.391783553,1.9453634017159044E-6,1800.0,64.61111111111111,0.6966649460786026,12.379642365887191,-19.73684210526316,1800.0,800912.0
1900.0,10.079149686,2.087777573325994E-6,1900.0,64.52631578947368,0.22812124082995686,12.010443864229785,-20.142602495543642,1900.0,800880.0
2000.0,10.786508539,2.2343310732732426E-6,2000.0,64.9,0.4697205354218482,13.011152416356875,-19.387755102040792,2000.0,800864.0
2100.0,11.544615544,2.3913956449240032E-6,2100.0,65.57142857142857,0.797643658184082,14.030915576694397,-19.110378912685366,2100.0,800848.0
2200.0,12.300412347,2.547981589039121E-6,2200.0,65.45454545454545,0.4439532801097222,13.73439273552782,-18.19595645412132,2200.0,800848.0
2300.0,13.056007092,2.704528798354247E-6,2300.0,65.69565217391305,0.5822515186311843,14.239130434782615,-17.23625557206536,2300.0,800864.0
2400.0,14.11189069,2.9232735981797135E-6,2400.0,65.79166666666667,0.5390998849112417,14.568158168574405,-16.61931818181817,2400.0,800800.0
2500.0,14.945047965,3.095880183814068E-6,2500.0,65.96,0.46206189271329123,15.239043824701175,-16.09822646657572,2500.0,800816.0
2600.0,15.798095659,3.2726075008078495E-6,2600.0,66.0,0.3119372378113653,16.287878787878803,-15.555555555555564,2600.0,800816.0
2700.0,16.751933872,3.470211809998535E-6,2700.0,66.14814814814814,0.2083340072916696,17.434507678410117,-15.258511979823473,2700.0,800800.0
2800.0,17.722985743,3.671374191467944E-6,2800.0,66.39285714285714,0.2562114622830117,17.528483786152492,-14.756097560975629,2800.0,800768.0
2900.0,18.780396311,3.890426576208986E-6,2900.0,66.55172413793103,0.17714741560659436,18.28138163437237,-14.52184179456907,2900.0,800768.0
3000.0,19.775856369,4.096649459915451E-6,3000.0,66.73333333333333,0.27977617905675706,19.190283400809708,-14.057142857142871,3000.0,800784.0
3100.0,21.154284723,4.382215061029635E-6,3100.0,66.64516129032259,0.1433021806853705,19.028974158183264,-13.501646542261254,3100.0,800800.0
3200.0,22.337797122,4.627400404660868E-6,3200.0,66.5625,-0.08974167843247784,19.00075700227102,-13.347457627118622,3200.0,800800.0
3300.0,23.521680851,4.872662675812022E-6,3300.0,66.48484848484848,-0.0838007822868961,19.03367496339677,-12.742099898063227,3300.0,800800.0
3400.0,24.697855774,5.1163279326440234E-6,3400.0,66.88235294117646,0.07266683093266291,19.167264895908104,-12.487512487512479,3400.0,800800.0
3500.0,25.910608332,5.367585947389098E-6,3500.0,66.74285714285715,-0.056978937441017126,19.27877947295425,-12.030798845043307,3500.0,800848.0
3600.0,27.213044454,5.6374299895287974E-6,3600.0,66.63888888888889,-0.0908401463443047,18.851351351351354,-11.61710037174721,3600.0,800864.0
3700.0,28.672160464,5.93976580956373E-6,3700.0,66.83783783783784,-0.036049026676289765,18.902842035690675,-11.343012704174264,3700.0,800944.0
3800.0,29.99095884,6.212994391616153E-6,3800.0,67.07894736842105,0.13881163127192797,19.54983922829581,-11.002661934338963,3800.0,800848.0
3900.0,31.305889843,6.485432617077386E-6,3900.0,67.2051282051282,0.15644778655206762,19.912335629304952,-10.73593073593075,3900.0,800880.0
4000.0,32.662213581,6.766469386429999E-6,4000.0,66.95,-0.07088985502967084,19.63525835866261,-10.535117056856176,4000.0,800944.0
4100.0,34.136403782,7.071928650979359E-6,4100.0,67.04878048780488,0.033568190349702334,19.82195845697331,-10.195758564437165,4100.0,800944.0
4200.0,35.869059474,7.430943202179448E-6,4200.0,67.0952380952381,-0.01126858411794945,19.6044211751018,-10.031847133757973,4200.0,800944.0
4300.0,37.347320603,7.73724598249229E-6,4300.0,67.06976744186046,-0.05261602886027694,19.682359614293816,-9.767441860465112,4300.0,800944.0
4400.0,38.836300289,8.045738883101615E-6,4400.0,67.20454545454545,-0.021991857341539096,20.23217247097843,-9.567198177676554,4400.0,800864.0
4500.0,40.41589424,8.373025232525702E-6,4500.0,67.22222222222223,-0.04069451980466183,20.442286947141337,-9.340252038547042,4500.0,800912.0
4600.0,42.107675453,8.723556390787287E-6,4600.0,67.41304347826087,-0.016709581668701602,20.89709762532982,-9.256559766763859,4600.0,800912.0
4700.0,43.819722967,9.078286655829712E-6,4700.0,67.5531914893617,0.03988642132333908,21.10708742886704,-9.162491052254836,4700.0,800912.0
4800.0,45.452444468,9.416580848049308E-6,4800.0,67.58333333333333,0.028510506724084457,21.37443153107628,-8.963585434173691,4800.0,800912.0
4900.0,47.19408781,9.7774432652807E-6,4900.0,67.83673469387756,0.18870363189866962,21.513944223107583,-8.764665286404409,4900.0,800912.0
5000.0,49.021323035,1.0156040021713424E-5,5000.0,67.88,0.1819845263429948,22.07666181465307,-8.58688302907373,5000.0,800912.0
5100.0,51.057487996,1.0577926289693268E-5,5100.0,67.47058823529412,0.7516267494477439,21.48603880738286,-9.072978303747547,5100.0,800912.0
5200.0,52.829652563,1.094511259813979E-5,5200.0,66.86538461538461,1.3603629748400523,20.19453450671606,-10.661528580603733,5200.0,800912.0
5300.0,54.683239958,1.1329169432153364E-5,5300.0,66.45283018867924,2.7670840670463157,19.69286359530262,-10.986267166042452,5300.0,800912.0
5400.0,56.557974509,1.1717607883027118E-5,5400.0,66.03703703703704,3.913155095903478,19.10013233348038,-11.42162818955044,5400.0,800912.0
5500.0,58.644955954,1.2150023148999389E-5,5500.0,65.52727272727272,4.415599652787008,17.92207792207792,-12.589073634204276,5500.0,800912.0
5600.0,60.587150079,1.2552366635613087E-5,5600.0,65.16071428571428,5.4219464436276485,17.01403658017864,-12.839791787160229,5600.0,800768.0
5700.0,62.451362126,1.293862486041116E-5,5700.0,64.64912280701755,5.634783648916558,16.07663473552687,-14.164305949008508,5700.0,800912.0
5800.0,64.347111919,1.3331346973841924E-5,5800.0,64.20689655172413,6.03761835234957,15.265306122448976,-15.077605321507779,5800.0,800768.0
5900.0,66.321430733,1.3740345387073033E-5,5900.0,63.88135593220339,6.806659155597735,14.79408236705318,-15.251487290427265,5900.0,800768.0
6000.0,68.572751454,1.4206811177026473E-5,6000.0,63.53333333333333,7.3665992237930675,14.229713837710701,-15.64482029598309,6000.0,800912.0
6100.0,70.554466594,1.4617341807636198E-5,6100.0,63.09836065573771,7.497554574091692,13.323065075086635,-16.69258683255571,6100.0,800768.0
6200.0,72.621703238,1.5045666019806127E-5,6200.0,62.70967741935484,7.729555109743667,12.820512820512814,-17.479674796747986,6200.0,800912.0
6300.0,74.927008643,1.552331724772607E-5,6300.0,62.49206349206349,8.501731760948141,12.384130515387454,-17.15418939018344,6300.0,800912.0
6400.0,77.134230011,1.5980645805768616E-5,6400.0,62.21875,8.98576220483686,12.23230490018148,-17.264791464597494,6400.0,800912.0
6500.0,79.244948038,1.6417979208623893E-5,6500.0,61.87692307692308,9.165114215549645,11.405076868072921,-17.887725975261667,6500.0,800912.0
6600.0,81.420260081,1.686869626597968E-5,6600.0,61.66666666666667,9.721791952685525,11.569381335197487,-17.674418604651137,6600.0,800912.0
6700.0,83.81995796,1.7365905284817356E-5,6700.0,61.268656716417915,9.608619593933646,10.794087315228616,-18.764302059496575,6700.0,800912.0
6800.0,85.948543237,1.7806940719465706E-5,6800.0,60.98529411764706,9.819751475944013,10.401891252955082,-19.128872923215077,6800.0,800912.0
6900.0,88.089712359,1.8250583482845065E-5,6900.0,60.68115942028985,9.921081518685614,9.747172322022614,-19.673577415086005,6900.0,800912.0
7000.0,90.649784976,1.878102158723769E-5,7000.0,60.44285714285714,10.180290025494093,9.42100098135427,-19.818260493292932,7000.0,800912.0
7100.0,92.846623165,1.9236198786857916E-5,7100.0,60.05633802816901,9.962658086060335,8.604576216564613,-20.989761092150193,7100.0,800912.0
7200.0,95.044423634,1.9691575367533082E-5,7200.0,59.916666666666664,10.431046708257337,8.468125594671722,-20.551378446115294,7200.0,800912.0
7300.0,97.284795646,2.0155772623223496E-5,7300.0,59.71232876712329,10.670463538463718,8.237129485179413,-20.582205822058214,7300.0,800912.0
7400.0,99.604307164,2.0636396110983624E-5,7400.0,59.5,10.851874338357215,7.954545454545438,-20.700765203383025,7400.0,800960.0
7500.0,102.163185799,2.116661860169538E-5,7500.0,59.18666666666667,10.729076015314588,7.214307365868433,-21.516474791583974,7500.0,800960.0
7600.0,104.513965673,2.165372117188326E-5,7600.0,59.0,10.922435911179715,7.179028894846576,-21.5288611544462,7600.0,800960.0
7700.0,106.911795055,2.2150572820037287E-5,7700.0,58.7922077922078,11.031651365523116,7.059168131224388,-21.710778672803997,7700.0,800960.0
7800.0,109.575452875,2.270250649301676E-5,7800.0,58.58974358974359,11.129635666780658,6.674371568910717,-21.886792452830175,7800.0,800960.0
7900.0,111.969109589,2.3198493527120864E-5,7900.0,58.278481012658226,10.931503691062456,6.257110352673477,-22.801788375558885,7900.0,800960.0
8000.0,114.377221359,2.3697475777836986E-5,8000.0,58.087500000000006,11.018003926566102,5.973079080201909,-22.955628896222933,8000.0,800960.0
8100.0,117.141838483,2.427032911964921E-5,8100.0,57.95061728395061,11.215165309402986,5.833563726845431,-22.782984859408796,8100.0,800960.0
8200.0,119.933440014,2.4848773871422903E-5,8200.0,57.80487804878048,11.368017099612379,5.7220708446866295,-22.69503546099293,8200.0,800960.0
8300.0,122.541850437,2.538925979067072E-5,8300.0,57.73493975903614,11.67811282295695,5.597416576964473,-22.144846796657376,8300.0,800960.0
8400.0,125.534032479,2.600926661446924E-5,8400.0,57.52380952380952,11.637221546776702,5.232403718459482,-22.52747252747253,8400.0,800960.0
8500.0,128.233007645,2.6568518356740988E-5,8500.0,57.4470588235294,11.889234440408856,5.363683935112492,-22.0722240971988,8500.0,800960.0
8600.0,130.948497968,2.7131192186937993E-5,8600.0,57.31395348837209,11.993862824539123,5.068528575122846,-22.000664672648714,8600.0,800960.0
8700.0,134.082725459,2.7780632095499848E-5,8700.0,57.03448275862068,11.758993402505553,4.325569490657777,-22.879684418145978,8700.0,800960.0
8800.0,137.075374018,2.8400735585784347E-5,8800.0,56.85227272727273,11.73050022201045,3.9949431099873554,-23.159260460590346,8800.0,800960.0
8900.0,140.133877816,2.903448486933602E-5,8900.0,56.68539325842696,11.724086898315367,3.8173652694610682,-23.359999999999996,8900.0,800960.0
9000.0,143.219915988,2.9673939520919917E-5,9000.0,56.65555555555556,11.997461364005508,3.750308413520863,-22.711544510852463,9000.0,800960.0
9100.0,146.365830909,3.032580116928602E-5,9100.0,56.51648351648352,12.02432662830747,3.464259575506228,-22.773813217499224,9100.0,800960.0
9200.0,149.367665674,3.094780812343898E-5,9200.0,56.40217391304348,12.091566639334134,3.2094594594594446,-22.69807280513918,9200.0,800960.0
9300.0,152.411435109,3.157850431547547E-5,9300.0,56.24731182795699,12.064750526542097,2.88782816229118,-22.893385684083334,9300.0,800960.0
9400.0,155.763950853,3.227317549824302E-5,9400.0,56.06382978723404,11.97176312109825,2.6402640264026345,-23.283582089552223,9400.0,800960.0
9500.0,159.049650445,3.295400177799382E-5,9500.0,55.93684210526316,11.984685906372722,2.4924295364546984,-23.335297583971702,9500.0,800960.0
9600.0,162.473638431,3.36634826471809E-5,9600.0,55.65624999999999,11.686971771087304,1.8898363678266885,-24.364592462751983,9600.0,800960.0
9700.0,165.808942188,3.4354587352628106E-5,9700.0,55.422680412371136,11.479662807727463,1.2108750285583838,-25.115740740740733,9700.0,800960.0
9800.0,169.211793816,3.505968857979933E-5,9800.0,55.3469387755102,11.572426304341137,1.1743450767840908,-24.885844748858467,9800.0,800960.0
9900.0,172.547684023,3.57509148029205E-5,9900.0,55.141414141414145,11.409476301991088,0.626538375475502,-25.48742582650464,9900.0,800960.0
10000.0,175.930129835,3.645178776289822E-5,10000.0,55.06999999999999,11.494669666510806,0.5753485284354803,-25.25787566211319,10000.0,800960.0
