learning evaluation instances,evaluation time (cpu seconds),model cost (RAM-Hours),classified instances,classifications correct (percent),Kappa Statistic (percent),Kappa Temporal Statistic (percent),Kappa M Statistic (percent),model training instances,model serialized size (bytes)
100.0,0.566547952,1.16528464203212E-7,100.0,35.0,0.0,-35.41666666666667,-91.17647058823532,100.0,795056.0
200.0,1.575364134,3.2556000491633186E-7,200.0,53.0,11.195087387812947,-25.333333333333325,-74.07407407407405,200.0,800944.0
300.0,2.099295704,4.341211335534851E-7,300.0,56.00000000000001,6.515580736543923,-9.99999999999998,-48.31460674157303,300.0,800944.0
400.0,2.633577257,5.448268281992401E-7,400.0,59.25,8.075795172569379,-7.9470198675496775,-38.135593220338954,400.0,800944.0
500.0,3.13156896,6.480110309629018E-7,500.0,61.0,7.372221166635014,-3.174603174603177,-35.41666666666666,500.0,800928.0
600.0,3.617302725,7.486553810494269E-7,600.0,60.0,2.58026979853059,-3.0042918454935745,-34.83146067415733,600.0,800928.0
700.0,4.194216978,8.681923871886605E-7,700.0,60.57142857142858,1.504955340756186,0.7194244604316633,-33.33333333333332,700.0,800928.0
800.0,4.825881934,9.990737743803733E-7,800.0,61.75000000000001,2.805460046215085,3.4700315457413353,-29.661016949152508,800.0,800928.0
900.0,5.458150117,1.1300801505964124E-6,900.0,62.77777777777778,3.333162336163318,5.633802816901416,-26.415094339622662,900.0,800928.0
1000.0,6.17513292,1.2786364830925977E-6,1000.0,62.9,2.4208056727441316,7.0175438596491295,-24.496644295301994,1000.0,800912.0
1100.0,6.971617849,1.4436653784100834E-6,1100.0,63.81818181818182,2.9956571833731966,8.924485125858112,-23.219814241486088,1100.0,800912.0
1200.0,7.858243647,1.627371146939351E-6,1200.0,64.16666666666667,2.457466918714577,9.473684210526336,-23.20916905444122,1200.0,800912.0
1300.0,8.740122521,1.8100933693959272E-6,1300.0,63.69230769230769,1.4202172096909316,9.055876685934502,-21.336760925449887,1300.0,800912.0
1400.0,9.586996622,1.9855627251519593E-6,1400.0,63.57142857142857,1.018099547511293,10.369068541300527,-20.0,1400.0,800912.0
1500.0,10.459248229,2.1662902115123593E-6,1500.0,64.0,1.1498348836130985,10.44776119402986,-19.99999999999998,1500.0,800912.0
1600.0,11.487520297,2.379344592441978E-6,1600.0,64.0625,0.8081975555689587,11.402157164869033,-19.294605809128623,1600.0,800912.0
1700.0,12.627512039,2.615542180941829E-6,1700.0,64.58823529411765,0.9845429847442183,12.37263464337701,-19.20792079207919,1700.0,800896.0
1800.0,13.75482931,2.8491183819868743E-6,1800.0,64.61111111111111,0.6966649460786026,12.379642365887191,-19.73684210526316,1800.0,800912.0
1900.0,14.863760306,3.0788758308719675E-6,1900.0,64.52631578947368,0.2724091151921765,12.010443864229785,-19.928825622775808,1900.0,800880.0
2000.0,15.981252983,3.3104025337402355E-6,2000.0,64.8,0.2295853292140496,12.871287128712883,-19.524617996604412,2000.0,800864.0
2100.0,17.056205841,3.5331112134819973E-6,2100.0,65.47619047619048,0.7211977359868719,13.997627520759204,-19.04761904761903,2100.0,800848.0
2200.0,18.253735562,3.781215361613329E-6,2200.0,65.4090909090909,0.45166001108335774,13.71882086167799,-17.984496124031008,2200.0,800848.0
2300.0,19.622960316,4.064896945666551E-6,2300.0,65.56521739130434,0.2982950658164768,13.913043478260862,-17.50741839762615,2300.0,800864.0
2400.0,20.933656054,4.3364305478400945E-6,2400.0,65.70833333333333,0.2968078018050515,14.360041623309053,-16.903409090909083,2400.0,800800.0
2500.0,22.346115628,4.629052159305583E-6,2500.0,65.92,0.2557760334765886,15.223880597014933,-16.393442622950836,2500.0,800816.0
2600.0,23.56056749,4.880652182022908E-6,2600.0,65.96153846153847,0.1119995832573496,16.272469252601695,-15.83769633507853,2600.0,800816.0
2700.0,24.927575476,5.163851853675904E-6,2700.0,66.11111111111111,0.1842379578676851,17.493237150586108,-15.239294710327474,2700.0,800800.0
2800.0,26.207031477,5.428903004734843E-6,2800.0,66.21428571428571,0.06398802337372796,17.523975588491727,-14.945321992709598,2800.0,800768.0
2900.0,27.696283631,5.737415370401338E-6,2900.0,66.3448275862069,-0.10610454834830951,18.052057094878275,-14.958775029446386,2900.0,800768.0
3000.0,29.248309826,6.058938383754499E-6,3000.0,66.56666666666666,0.026048380880466532,19.047619047619044,-14.497716894977167,3000.0,800784.0
3100.0,31.035623828,6.429211815724927E-6,3100.0,66.54838709677419,0.052232634203696934,19.2367601246106,-13.83095499451153,3100.0,800800.0
3200.0,32.867034187,6.808613000581781E-6,3200.0,66.5,0.02745281583706921,19.155354449472114,-13.319238900634229,3200.0,800784.0
3300.0,34.771511529,7.203158872623944E-6,3300.0,66.48484848484848,-0.12130429272356068,18.914956011730194,-13.087934560327207,3300.0,800800.0
3400.0,36.718804902,7.606582896427776E-6,3400.0,66.58823529411765,-0.15974109495255942,18.857142857142854,-12.810327706057606,3400.0,800816.0
3500.0,38.720280073,8.02123185391092E-6,3500.0,66.62857142857142,-0.1911670996519908,19.057519057519045,-12.41578440808472,3500.0,800816.0
3600.0,40.705855226,8.432570340650652E-6,3600.0,66.61111111111111,-0.1446441176130068,19.11170928667564,-11.918063314711363,3600.0,800784.0
3700.0,42.737709349,8.853521366684659E-6,3700.0,66.43243243243244,-0.34803214875458033,18.770438194898624,-11.690647482014379,3700.0,800832.0
3800.0,44.915894668,9.304770645004658E-6,3800.0,66.63157894736842,-0.32196972851607586,18.82202304737515,-11.521547933157434,3800.0,800800.0
3900.0,47.248747085,9.788139173763914E-6,3900.0,66.6923076923077,-0.32739434343692697,19.266625233064026,-11.215753424657516,3900.0,800928.0
4000.0,49.586075246,1.0272377031400276E-5,4000.0,66.75,-0.3319251659625463,19.540229885057467,-10.925771476230212,4000.0,800832.0
4100.0,51.684183876,1.0707106495754643E-5,4100.0,66.58536585365854,-0.4680879225446016,19.45914168136392,-10.662358642972507,4100.0,800928.0
4200.0,54.019189475,1.1190921165216117E-5,4200.0,66.66666666666666,-0.4556380726868319,19.72477064220182,-10.41009463722399,4200.0,800928.0
4300.0,56.469908153,1.1698701515400581E-5,4300.0,66.76744186046511,-0.410026263120154,19.49295774647886,-10.262345679012345,4300.0,800912.0
4400.0,58.778447508,1.2177032361997463E-5,4400.0,66.77272727272727,-0.3428265517276631,19.71444261394837,-9.924812030075197,4400.0,800928.0
4500.0,61.068275366,1.2651476696239153E-5,4500.0,66.77777777777779,-0.39276664706811804,19.967880085653107,-9.765051395007344,4500.0,800912.0
4600.0,63.359042744,1.3126077767861103E-5,4600.0,66.84782608695652,-0.4131611523164926,20.365535248041766,-9.633357296908693,4600.0,800848.0
4700.0,65.805583431,1.3632972199404888E-5,4700.0,66.74468085106383,-0.5017632032291692,20.336391437308873,-9.453781512605048,4700.0,800880.0
4800.0,68.338274321,1.4157715938916086E-5,4800.0,66.66666666666666,-0.5459856491552417,20.477137176938363,-9.215017064846439,4800.0,800880.0
4900.0,71.113303722,1.473262341954939E-5,4900.0,66.71428571428571,-0.5392857897665885,20.825242718446614,-9.024064171122994,4900.0,800816.0
5000.0,73.938926542,1.5318070902636638E-5,5000.0,66.74,-0.5695271067229633,20.658396946564885,-8.90635232481991,5000.0,800896.0
5100.0,76.644662327,1.587860030976477E-5,5100.0,66.66666666666666,-0.6056062967273484,20.634920634920633,-8.695652173913064,5100.0,800784.0
5200.0,79.466907501,1.64632895610315E-5,5200.0,66.63461538461539,-0.6245817532902207,20.88463292293661,-8.505315822389006,5200.0,800816.0
5300.0,82.265606921,1.704313555230141E-5,5300.0,66.50943396226415,-0.674624322860774,21.005785491766808,-8.297742525930452,5300.0,800864.0
5400.0,85.475798887,1.7708222964409553E-5,5400.0,66.46296296296296,-0.6949821579784947,20.88248143294016,-8.119402985074595,5400.0,800848.0
5500.0,88.398001284,1.8313608425072106E-5,5500.0,66.45454545454545,-0.7012118878537399,20.917273896270903,-7.95787009947337,5500.0,800800.0
5600.0,91.532938423,1.896309156969162E-5,5600.0,66.60714285714285,-0.6536915164278473,21.163575042158513,-7.843137254901984,5600.0,800832.0
5700.0,94.596802914,1.959782481684653E-5,5700.0,66.45614035087719,-0.5061272550108171,21.122112211221104,-7.65765765765766,5700.0,800800.0
5800.0,97.830574229,2.0267717085730236E-5,5800.0,66.24137931034483,-0.6372641807054445,21.01653892698669,-7.760044028618601,5800.0,800752.0
5900.0,101.184081693,2.0962427191215094E-5,5900.0,66.10169491525424,-0.6863738911699476,21.104536489151887,-7.584722969338359,5900.0,800768.0
6000.0,104.618098577,2.1673858210476094E-5,6000.0,66.11666666666667,-0.6835387119044339,21.232080588919032,-7.452431289640581,6000.0,800816.0
6100.0,107.876917464,2.234897967884108E-5,6100.0,66.04918032786885,-0.7063177348855229,21.374335611237665,-7.305699481865307,6100.0,800800.0
6200.0,110.864285633,2.2967828275660415E-5,6200.0,65.88709677419354,-0.7568481309309021,21.08208955223879,-7.142857142857167,6200.0,800752.0
6300.0,113.676605669,2.355042639713182E-5,6300.0,65.65079365079364,-0.8269567671475282,20.76162577810325,-6.969846762234308,6300.0,800768.0
6400.0,117.03051154,2.4245246801364816E-5,6400.0,65.546875,-0.8551821925424837,20.882669537136707,-6.831395348837193,6400.0,800800.0
6500.0,120.604857363,2.498569082164473E-5,6500.0,65.46153846153845,-0.8766957377737923,20.699399505475093,-6.701520912547523,6500.0,800752.0
6600.0,123.968122898,2.5682394559306843E-5,6600.0,65.0909090909091,-0.8094107876093338,20.496894409937884,-6.86456400742116,6600.0,800736.0
6700.0,127.33991145,2.6380863848257803E-5,6700.0,65.17910447761194,-0.7815143474923932,20.61925825110582,-6.773455377574394,6700.0,800736.0
6800.0,130.897804417,2.7117899575259733E-5,6800.0,65.07352941176471,-0.8113346147296816,20.648179084530582,-6.6457117198024145,6800.0,800752.0
6900.0,134.584385283,2.788157839925001E-5,6900.0,64.98550724637681,-0.5876179191063072,20.552449852022374,-6.431718061674009,6900.0,800736.0
7000.0,138.3015942,2.8651617240207405E-5,7000.0,64.92857142857143,-0.4538162629847652,20.550161812297716,-6.185121107266446,7000.0,800752.0
7100.0,142.169690097,2.9452929101736754E-5,7100.0,64.90140845070422,-0.5316360556134312,20.485003190810453,-6.223358908780901,7100.0,800768.0
7200.0,145.856027924,3.0216603355556153E-5,7200.0,64.59722222222221,-0.5432120841186675,19.943467336683398,-6.341259908218631,7200.0,800784.0
7300.0,149.873993916,3.10489954566271E-5,7300.0,64.52054794520548,-0.5683893238679014,19.987642879209126,-6.234618539786711,7300.0,800800.0
7400.0,153.439002042,3.178750512521045E-5,7400.0,64.32432432432432,-0.1080609535927953,19.732441471571892,-6.322996375352415,7400.0,800752.0
7500.0,157.557703283,3.264076629927355E-5,7500.0,63.93333333333333,0.031103077135039903,18.841884188418838,-7.34126984126986,7500.0,800800.0
7600.0,161.508050472,3.345914997976225E-5,7600.0,63.68421052631579,-0.09189405490605441,18.58407079646017,-7.5604053000779565,7600.0,800800.0
7700.0,165.759066748,3.433982253316659E-5,7700.0,63.40259740259741,0.4295937201069016,18.17653890824623,-7.969348659003842,7700.0,800800.0
7800.0,169.946373153,3.520731380193324E-5,7800.0,63.4102564102564,0.7796268498855151,18.24692065310799,-7.779456193353507,7800.0,800816.0
7900.0,174.258856522,3.610075604189819E-5,7900.0,63.43037974683544,0.763901123833141,18.573844419391197,-7.677972418934052,7900.0,800832.0
8000.0,178.348449279,3.6948037666217516E-5,8000.0,63.324999999999996,0.686621355642853,18.432026688907428,-7.551319648093857,8000.0,800848.0
8100.0,182.316078197,3.7770017982719113E-5,8100.0,63.197530864197525,0.6011493762671556,18.283991228070175,-7.423423423423446,8100.0,800816.0
8200.0,186.839792242,3.870722210932028E-5,8200.0,63.073170731707314,0.7914357856130098,18.20637493246893,-7.375886524822701,8200.0,800832.0
8300.0,191.111196957,3.959215384582258E-5,8300.0,62.951807228915655,1.6295367390024378,17.956243329775877,-7.068245125348192,8300.0,800832.0
8400.0,195.777555938,4.0558891237696904E-5,8400.0,62.761904761904766,1.9533432069576382,17.57575757575757,-7.417582417582411,8400.0,800816.0
8500.0,200.226468982,4.148056157625887E-5,8500.0,62.588235294117645,1.8103155474265584,17.44548286604361,-7.287449392712551,8500.0,800800.0
8600.0,205.076659747,4.248534355424635E-5,8600.0,62.41860465116279,2.0724760635074415,17.064408519373877,-7.411100033233632,8600.0,800784.0
8700.0,209.661010336,4.343509113043853E-5,8700.0,62.0919540229885,1.9807589506790295,16.251904520060943,-8.379888268156426,8700.0,800816.0
8800.0,214.261122871,4.4388066053659364E-5,8800.0,61.84090909090909,2.1943128765219857,15.734002509410294,-8.919883230619527,8800.0,800784.0
8900.0,219.306224352,4.5433247279744204E-5,8900.0,61.629213483146074,2.5394168071062184,15.428429915799915,-9.245041586692244,8900.0,800800.0
9000.0,223.858151154,4.637622104161109E-5,9000.0,61.53333333333333,3.33065272751642,15.20940484937545,-8.90217049386601,9000.0,800768.0
9100.0,228.673422091,4.737372904668062E-5,9100.0,61.35164835164835,3.7096429656685035,14.842615012106537,-9.088089330024818,9100.0,800752.0
9200.0,233.756318824,4.84269506137136E-5,9200.0,61.27173913043479,4.1303309948023985,14.638236703402027,-8.960244648318028,9200.0,800960.0
9300.0,238.788953022,4.946975733491034E-5,9300.0,61.0752688172043,4.282343034955363,14.218009478672974,-9.299516908212583,9300.0,800960.0
9400.0,243.734371121,5.0494492102005996E-5,9400.0,60.87234042553191,4.256632501512975,13.924643107886721,-9.791044776119397,9400.0,800960.0
9500.0,248.800039817,5.1544143866015394E-5,9500.0,60.72631578947368,4.415167365483592,13.694193846865604,-9.92928697701827,9500.0,800960.0
9600.0,253.909116105,5.260279007049228E-5,9600.0,60.42708333333333,4.026525966763612,13.066361556064068,-10.952102803738317,9600.0,800960.0
9700.0,259.278639569,5.3715403254281404E-5,9700.0,60.24742268041236,3.9278931103801678,12.522686025408339,-11.541799247902821,9700.0,800960.0
9800.0,264.836382092,5.4867017106917176E-5,9800.0,60.132653061224495,4.235875388135255,12.359802602063718,-11.469329529243918,9800.0,800960.0
9900.0,270.406297987,5.602115339087654E-5,9900.0,59.909090909090914,4.081710369635864,11.78039564347633,-12.150324950550988,9900.0,800960.0
10000.0,275.881632033,5.7155691471596816E-5,10000.0,59.81999999999999,4.415990743242961,11.672895141789388,-12.015611931976588,10000.0,800960.0
