learning evaluation instances,evaluation time (cpu seconds),model cost (RAM-Hours),classified instances,classifications correct (percent),Kappa Statistic (percent),Kappa Temporal Statistic (percent),Kappa M Statistic (percent),model training instances,model serialized size (bytes)
100.0,0.678845046,1.396259052090595E-7,100.0,35.0,0.0,-35.41666666666667,-91.17647058823532,100.0,795056.0
200.0,1.682255281,3.4616670988128E-7,200.0,55.00000000000001,12.748424624333493,-19.999999999999986,-66.66666666666664,200.0,795664.0
300.0,2.18591485,4.4983941425839227E-7,300.0,57.666666666666664,4.940119760479046,-5.8333333333333295,-42.69662921348316,300.0,795664.0
400.0,2.670321059,5.495490292346436E-7,400.0,60.75000000000001,4.004891470498351,-3.9735099337748387,-33.050847457627086,400.0,795664.0
500.0,3.157916518,6.499151157499766E-7,500.0,63.4,4.288702928870313,3.174603174603177,-27.083333333333314,500.0,795664.0
600.0,3.777963898,7.775449528126832E-7,600.0,63.83333333333333,2.850320847634656,6.866952789699559,-21.910112359550585,600.0,795664.0
700.0,4.380939987,9.016583591934956E-7,700.0,64.85714285714286,2.6238407600090605,11.510791366906474,-18.84057971014493,700.0,795648.0
800.0,4.980664967,1.0251050568955888E-6,800.0,65.625,2.421715603654748,13.249211356466875,-16.525423728813543,800.0,795664.0
900.0,5.66042705,1.1650264995032423E-6,900.0,66.22222222222223,2.2438187794769657,14.366197183098611,-14.716981132075475,900.0,795664.0
1000.0,6.340503237,1.3050125969157283E-6,1000.0,66.3,1.8122487034555423,15.5388471177945,-13.087248322147623,1000.0,795664.0
1100.0,7.077587965,1.4567302156608964E-6,1100.0,67.0909090909091,1.9501625135428204,17.162471395880992,-12.074303405572778,1100.0,795648.0
1200.0,7.880002378,1.6218949509519005E-6,1200.0,67.66666666666666,1.978947368421059,18.31578947368421,-11.174785100286522,1200.0,795648.0
1300.0,8.54413367,1.7585989695806137E-6,1300.0,67.07692307692308,1.3824884792626941,17.533718689788067,-10.025706940874047,1300.0,795664.0
1400.0,9.302114704,1.914624048228363E-6,1400.0,66.85714285714286,1.0781506974478035,18.453427065026375,-9.176470588235276,1400.0,795680.0
1500.0,10.189604306,2.097307557102425E-6,1500.0,67.4,1.1828420542113578,18.905472636815936,-8.666666666666636,1500.0,795680.0
1600.0,11.277860458,2.321312947403805E-6,1600.0,67.4375,1.0610772188857565,19.722650231124796,-8.091286307053954,1600.0,795664.0
1700.0,12.327288889,2.5373304282342805E-6,1700.0,68.0,1.1839124674103239,20.815138282387213,-7.722772277227687,1700.0,795680.0
1800.0,13.369630415,2.7518848049128383E-6,1800.0,68.27777777777779,1.1863787567058535,21.45804676753783,-7.330827067669155,1800.0,795664.0
1900.0,14.476389649,2.979698848257503E-6,1900.0,68.36842105263158,1.1205015413390589,21.540469973890346,-6.939501779359445,1900.0,795664.0
2000.0,15.689578139,3.22942016682037E-6,2000.0,68.60000000000001,1.1179341835931518,22.277227722772295,-6.621392190152789,2000.0,795664.0
2100.0,16.94768335,3.488387091392605E-6,2100.0,69.14285714285714,1.233851066918251,23.131672597864767,-6.403940886699506,2100.0,795664.0
2200.0,18.134328743,3.7326448095040844E-6,2200.0,68.9090909090909,1.0702921608330869,22.44897959183673,-6.046511627906968,2200.0,795664.0
2300.0,19.45230947,4.003930985782675E-6,2300.0,69.0,1.0319855159927247,22.499999999999993,-5.786350148367989,2300.0,795648.0
2400.0,20.567963091,4.233575839481837E-6,2400.0,69.04166666666667,0.9828419123771387,22.684703433922994,-5.539772727272723,2400.0,795664.0
2500.0,21.801785355,4.487539283218867E-6,2500.0,69.16,0.9628822755672337,23.28358208955224,-5.327868852459037,2500.0,795648.0
2600.0,23.135149501,4.762002939186463E-6,2600.0,69.11538461538461,0.8971377035173294,24.030274361400174,-5.104712041884821,2600.0,795680.0
2700.0,24.558453198,5.054980020805708E-6,2700.0,69.14814814814815,0.8595609627082725,24.887285843101893,-4.911838790932003,2700.0,795680.0
2800.0,26.031577386,5.358212301008911E-6,2800.0,69.21428571428572,0.834867210097291,24.847428073234543,-4.738760631834742,2800.0,795680.0
2900.0,27.585001816,5.6779673927732335E-6,2900.0,69.37931034482759,0.8394301116673011,25.440806045340054,-4.5936395759717366,2900.0,795664.0
3000.0,29.110689913,5.992019584910748E-6,3000.0,69.5,0.8330744275774435,26.1501210653753,-4.452054794520551,3000.0,795680.0
3100.0,30.895596924,6.3594301720867245E-6,3100.0,69.35483870967742,0.7602205178665579,26.012461059190038,-4.281009879253566,3100.0,795680.0
3200.0,32.761721074,6.7435587375914575E-6,3200.0,69.21875,0.6950089160255017,25.716440422322773,-4.122621564482035,3200.0,795680.0
3300.0,34.459252415,7.0929836560341326E-6,3300.0,69.18181818181817,0.6577233654597627,25.4398826979472,-3.9877300613497,3300.0,795680.0
3400.0,36.13349559,7.4376079388245836E-6,3400.0,69.23529411764706,0.6436761057595729,25.28571428571429,-3.87288977159881,3400.0,795664.0
3500.0,38.045875986,7.831258028083036E-6,3500.0,69.19999999999999,0.6111374532426909,25.29452529452528,-3.7536092396535436,3500.0,795680.0
3600.0,39.998334548,8.233157926666147E-6,3600.0,69.08333333333333,0.5633453282044689,25.100942126514127,-3.6312849162011265,3600.0,795680.0
3700.0,42.037366084,8.652878264641834E-6,3700.0,68.89189189189189,0.5032428088144646,24.72204054937867,-3.507194244604317,3700.0,795680.0
3800.0,44.082690001,9.073893845105616E-6,3800.0,69.05263157894737,0.5173595960854788,24.711907810499348,-3.43007915567283,3800.0,795680.0
3900.0,46.213117874,9.512418659620336E-6,3900.0,69.05128205128204,0.49926864119450204,24.98446239900559,-3.3390410958904138,3900.0,795664.0
4000.0,48.138470618,9.90873104627207E-6,4000.0,69.05,0.4823151125402111,25.105868118572296,-3.2527105921601462,4000.0,795664.0
4100.0,50.328653713,1.0359555806715932E-5,4100.0,68.85365853658536,0.43017541724355984,24.9265138154027,-3.150242326332797,4100.0,795664.0
4200.0,52.659520817,1.0839348449151695E-5,4200.0,68.88095238095238,0.4212153204828049,25.05733944954126,-3.0757097791798294,4200.0,795680.0
4300.0,54.825136722,1.1285116327560528E-5,4300.0,68.95348837209302,0.4208327840187135,24.78873239436618,-3.0092592592592706,4300.0,795664.0
4400.0,57.182502509,1.177036353800483E-5,4400.0,68.88636363636364,0.3965222452617217,24.821526633717724,-2.932330827067684,4400.0,795680.0
4500.0,59.351072892,1.221673956275523E-5,4500.0,68.86666666666666,0.3814405622693149,24.999999999999993,-2.8634361233480328,4500.0,795664.0
4600.0,61.872924935,1.2735834676654984E-5,4600.0,68.91304347826087,0.378012285399266,25.326370757180154,-2.8037383177569892,4600.0,795664.0
4700.0,64.391710956,1.3254288258337031E-5,4700.0,68.7872340425532,0.3471640082556078,25.229357798165143,-2.7310924369747998,4700.0,795648.0
4800.0,66.790875732,1.3748119636148462E-5,4800.0,68.66666666666667,0.31868417128307164,25.24850894632207,-2.662116040955648,4800.0,795648.0
4900.0,69.442147133,1.4293854281327744E-5,4900.0,68.6734693877551,0.31093604207316416,25.485436893203893,-2.6069518716577487,4900.0,795664.0
5000.0,72.132141297,1.4847548440895895E-5,5000.0,68.67999999999999,0.3035457814266296,25.28625954198473,-2.5540275049116006,5000.0,795648.0
5100.0,74.859513022,1.5408947488935067E-5,5100.0,68.56862745098039,0.2793296089385779,25.163398692810464,-2.49360613810743,5100.0,795664.0
5200.0,77.718073214,1.5997350219608488E-5,5200.0,68.5,0.2622950819672397,25.307797537619713,-2.4390243902438864,5200.0,795664.0
5300.0,80.474076083,1.6564642669283577E-5,5300.0,68.33962264150944,0.23333557694466034,25.322652425456166,-2.379499694935947,5300.0,795664.0
5400.0,83.28571855,1.7143376271611083E-5,5400.0,68.25925925925927,0.216480085557115,25.12013979903889,-2.3283582089551937,5400.0,795648.0
5500.0,86.187689503,1.7740714623225595E-5,5500.0,68.21818181818182,0.20552637588494277,25.07501071581656,-2.282036278525436,5500.0,795664.0
5600.0,88.856001719,1.828995693009658E-5,5600.0,68.33928571428571,0.21607388721951556,25.252951096121418,-2.2491349480968994,5600.0,795664.0
5700.0,92.021329982,1.894147824251798E-5,5700.0,68.15789473684211,0.18774795078804055,25.123762376237618,-2.1959459459459385,5700.0,795632.0
5800.0,95.232821022,1.9602514558563103E-5,5800.0,68.0,0.16359933373150684,25.13110125050425,-2.1463951568519386,5800.0,795648.0
5900.0,98.40162634,2.0254751555188078E-5,5900.0,67.83050847457626,0.1391143055877814,25.128205128205128,-2.097902097902118,5900.0,795632.0
6000.0,101.797933108,2.095382936238565E-5,6000.0,67.81666666666666,0.13394773452488112,25.18403719488572,-2.061310782240999,6000.0,795648.0
6100.0,105.040912655,2.162133368265311E-5,6100.0,67.72131147540983,0.11958141515207361,25.246772968868658,-2.0207253886010395,6100.0,795632.0
6200.0,108.389068698,2.2310514258222362E-5,6200.0,67.53225806451613,0.09525715429256494,24.88805970149253,-1.9756838905775242,6200.0,795664.0
6300.0,111.340878744,2.2918111431217497E-5,6300.0,67.26984126984127,0.0640053173648515,24.496521420725003,-1.9278299555116163,6300.0,795664.0
6400.0,114.85669289,2.3641788004505143E-5,6400.0,67.140625,0.04827079171521988,24.542518837459625,-1.889534883720933,6400.0,795648.0
6500.0,118.11551858,2.4312567434346184E-5,6500.0,67.03076923076922,0.035164772074901623,24.302366654892257,-1.8536121673003818,6500.0,795648.0
6600.0,121.323172458,2.4972827206434404E-5,6600.0,66.74242424242425,0.004555601111602584,24.25810904071775,-1.8089053803339379,6600.0,795664.0
6700.0,125.036007851,2.5737057590297058E-5,6700.0,66.80597014925374,0.009931366207048932,24.328002722014304,-1.7848970251716283,6700.0,795648.0
6800.0,128.801390341,2.6512103990454668E-5,6800.0,66.67647058823529,-0.003634418986218334,24.290010023387907,-1.7512348450830721,6800.0,795648.0
6900.0,131.975689341,2.7165498032952377E-5,6900.0,66.53623188405797,-0.017703248357742403,24.071029266688594,-1.7180616740088213,6900.0,795664.0
7000.0,135.453294613,2.7881309893869788E-5,7000.0,66.41428571428571,-0.02954023002478893,23.915857605177987,-1.686851211072661,7000.0,795648.0
7100.0,139.241300293,2.8661012931703955E-5,7100.0,66.40845070422536,-0.03036324841864988,23.89917038927887,-1.6624040920716021,7100.0,795648.0
7200.0,142.614516444,2.9355351850980446E-5,7200.0,66.16666666666666,-0.052253160859886544,23.492462311557773,-1.6270337922403215,7200.0,795664.0
7300.0,146.003675029,3.005297234247131E-5,7300.0,66.06849315068493,-0.06075993076247728,23.478529502625868,-1.5996718621821213,7300.0,795664.0
7400.0,149.942097057,3.086365258712909E-5,7400.0,65.91891891891892,-0.07335466767330495,23.3201581027668,-1.5706806282722519,7400.0,795664.0
7500.0,153.831411841,3.1664208554663475E-5,7500.0,65.88000000000001,-0.07623366086342369,23.222322232223235,-1.5476190476190426,7500.0,795648.0
7600.0,157.778727997,3.247670321758729E-5,7600.0,65.72368421052632,-0.08867336755569231,23.156342182890846,-1.5198752922837298,7600.0,795648.0
7700.0,161.695596931,3.328293078550321E-5,7700.0,65.59740259740259,-0.09824667472795463,23.083623693379792,-1.4942528735632306,7700.0,795648.0
7800.0,165.832216612,3.413437356161483E-5,7800.0,65.55128205128206,-0.10115859547161334,23.03065024348326,-1.4728096676737177,7800.0,795632.0
7900.0,170.067756655,3.500619470376142E-5,7900.0,65.54430379746834,-0.10092113813724586,23.280721533258163,-1.4535967200894797,7900.0,795648.0
8000.0,174.265886932,3.587029824074963E-5,8000.0,65.4125,-0.11025876891878901,23.07478454267445,-1.4296187683284676,8000.0,795632.0
8100.0,178.28253678,3.6697080809588457E-5,8100.0,65.25925925925927,-0.12088265421762538,22.86184210526317,-1.4054054054054093,8100.0,795664.0
8200.0,182.660041924,3.759814141606966E-5,8200.0,65.13414634146342,-0.12907039419002492,22.77147487844408,-1.3829787234042565,8200.0,795664.0
8300.0,187.206649345,3.8534009840076745E-5,8300.0,64.9277108433735,-0.14282848479124233,22.33191035218785,-1.357938718662927,8300.0,795664.0
8400.0,191.909616709,3.95020632142859E-5,8400.0,64.86904761904762,-0.14568319601300866,22.23978919631092,-1.3392857142857224,8400.0,795664.0
8500.0,196.175633478,4.038017518233299E-5,8500.0,64.67058823529412,-0.15813099367476255,22.04049844236759,-1.3157894736842173,8500.0,795664.0
8600.0,200.575420203,4.128582220373063E-5,8600.0,64.55813953488372,-0.16431153466972154,21.785989222478825,-1.29611166500499,8600.0,795664.0
8700.0,205.411616878,4.228125930946629E-5,8700.0,64.57471264367815,-0.16167279040960658,21.736922295581504,-1.2816299704239358,8700.0,795632.0
8800.0,209.599563843,4.31432841443654E-5,8800.0,64.52272727272728,-0.16362411370273794,21.656210790464254,-1.2650016217969413,8800.0,795648.0
8900.0,214.120579373,4.4073866049627076E-5,8900.0,64.43820224719101,-0.16763058401157016,21.619613670133734,-1.2476007677543173,8900.0,795648.0
9000.0,218.878869285,4.505328725769719E-5,9000.0,64.24444444444445,-0.1784824838120099,21.18540289003185,-1.2268008807801103,9000.0,795648.0
9100.0,223.822256426,4.607080789959551E-5,9100.0,64.14285714285714,-0.1832045615574161,20.992736077481855,-1.2096774193548219,9100.0,795648.0
9200.0,228.727261436,4.708046877252555E-5,9200.0,64.03260869565217,-0.18831300899971232,20.72352659319597,-1.1926605504587229,9200.0,795680.0
9300.0,233.801926823,4.81250530439015E-5,9300.0,63.96774193548387,-0.19051574921619865,20.592417061611364,-1.1775362318840783,9300.0,795680.0
9400.0,238.231269415,4.903680214483564E-5,9400.0,63.9468085106383,-0.19002282664145137,20.688041188860286,-1.1641791044776002,9400.0,795680.0
9500.0,242.967364126,5.00116940176143E-5,9500.0,63.863157894736844,-0.19323760545121405,20.58755493869998,-1.1490866234531487,9500.0,795680.0
9600.0,248.147639038,5.107801726886568E-5,9600.0,63.927083333333336,-0.1877495667897172,20.755148741418765,-1.1390186915887763,9600.0,795680.0
9700.0,253.503803872,5.2180546226701266E-5,9700.0,63.95876288659794,-0.1842308333165602,20.6896551724138,-1.1281457911483843,9700.0,795680.0
9800.0,258.684625671,5.324698205080521E-5,9800.0,63.83673469387755,-0.1895834126630052,20.50246747420368,-1.1126961483594842,9800.0,795680.0
9900.0,263.876462787,5.431568530064168E-5,9900.0,63.85858585858586,-0.1866716445772002,20.47121582573905,-1.102006216445315,9900.0,795680.0
10000.0,269.39450077,5.545153471066642E-5,10000.0,63.739999999999995,-0.19165176410256132,20.290173664541644,-1.0872595483691148,10000.0,795680.0
