learning evaluation instances,evaluation time (cpu seconds),model cost (RAM-Hours),classified instances,classifications correct (percent),Kappa Statistic (percent),Kappa Temporal Statistic (percent),Kappa M Statistic (percent),model training instances,model serialized size (bytes)
100.0,3.450763024,2.1235929708754223E-5,100.0,100.0,?,?,?,100.0,2.3788032E7
200.0,8.35326283,5.346431977673748E-5,200.0,96.0,18.032786885245752,-100.0,-33.33333333333333,200.0,2.5411096E7
300.0,12.871268932,8.318147142561586E-5,300.0,97.33333333333334,18.6991869918702,-100.0,-33.333333333332966,300.0,2.5425104E7
400.0,16.906129,1.0972781489981161E-4,400.0,98.0,19.02834008097177,-100.0,-33.33333333333333,400.0,2.5431888E7
500.0,21.271924423,1.3845742743231852E-4,500.0,98.0,15.768194070080742,-66.66666666666666,-25.0,500.0,2.5437168E7
600.0,25.442743558,1.6591089918621481E-4,600.0,98.0,13.461538461539108,-50.00000000000042,-19.999999999999734,600.0,2.5443584E7
700.0,29.646266497,1.9359546095480852E-4,700.0,96.57142857142857,6.790945406125429,-100.0,-9.090909090908834,700.0,2.5458136E7
800.0,34.136742157,2.2322293303683147E-4,800.0,85.5,11.001994782875538,-792.3076923076932,4.918032786885215,800.0,2.5503784E7
900.0,38.229591015,2.5024528000664977E-4,900.0,86.11111111111111,49.26398960926512,-346.42857142857156,37.81094527363188,900.0,2.552112E7
1000.0,42.265636512,2.769025992500365E-4,1000.0,87.1,59.95330990550224,-101.56250000000017,49.80544747081712,1000.0,2.5530704E7
1100.0,46.87504742,3.0735857497437354E-4,1100.0,83.0,51.290551740468835,-94.7916666666667,42.46153846153844,1100.0,2.5540504E7
1200.0,50.903676741,3.339846876956832E-4,1200.0,82.25,49.29215337734892,-82.05128205128199,40.66852367688023,1200.0,2.554776E7
1300.0,55.497115004,3.6434948159280364E-4,1300.0,79.61538461538461,44.31153211987971,-112.00000000000007,36.7541766109785,1300.0,2.5552584E7
1400.0,59.934259896,3.936923243730293E-4,1400.0,77.85714285714286,41.85859581810582,-113.79310344827593,35.14644351464435,1400.0,2.556236E7
1500.0,64.929079063,4.267298591977301E-4,1500.0,75.86666666666667,38.25826918484999,-102.23463687150843,32.33644859813086,1500.0,2.5567616E7
1600.0,69.259326369,4.553766230974418E-4,1600.0,73.75,34.41086905598501,-88.34080717488783,29.292929292929298,1600.0,2.5572032E7
1700.0,73.468908821,4.832289006697076E-4,1700.0,71.88235294117648,31.309647587891703,-99.16666666666656,26.79938744257276,1700.0,2.5575496E7
1800.0,77.605780024,5.106120009130934E-4,1800.0,71.11111111111111,29.98204667863556,-83.09859154929575,25.71428571428571,1800.0,2.5586624E7
1900.0,81.749222053,5.380422397788023E-4,1900.0,69.89473684210526,29.19463786849019,-89.40397350993379,25.520833333333336,1900.0,2.5590024E7
2000.0,86.133130667,5.670682976139609E-4,2000.0,70.19999999999999,30.091584715862158,-78.44311377245508,26.237623762376234,2000.0,2.5593456E7
2100.0,90.438559089,5.955809540935989E-4,2100.0,70.19047619047619,32.40908698281075,-68.73315363881403,29.02494331065761,2100.0,2.559904E7
2200.0,94.977770325,6.256446062521405E-4,2200.0,70.04545454545455,33.87879451255107,-65.57788944723619,30.994764397905755,2200.0,2.56014E7
2300.0,99.483487251,6.554896673497498E-4,2300.0,70.26086956521739,35.25419683020482,-68.05896805896806,32.61083743842364,2300.0,2.5604184E7
2400.0,104.037493244,6.856608070674514E-4,2400.0,69.95833333333333,35.00112688753662,-67.28538283062646,32.490636704119844,2400.0,2.5609464E7
2500.0,108.072662505,7.123973458977038E-4,2500.0,70.28,36.01393879935625,-61.8736383442266,33.54203935599285,2500.0,2.5612136E7
2600.0,112.691722797,7.43007254470915E-4,2600.0,69.53846153846153,36.48835373075405,-72.54901960784315,34.97536945812808,2600.0,2.5615968E7
2700.0,117.225296727,7.73055910419134E-4,2700.0,69.5925925925926,38.29789366094154,-78.86710239651411,37.70864946889226,2700.0,2.5620448E7
2800.0,122.38393506,8.072520696704732E-4,2800.0,70.14285714285714,40.71258368319528,-82.13507625272334,39.50795947901591,2800.0,2.5623864E7
2900.0,127.353810626,8.402051142793053E-4,2900.0,70.48275862068965,42.370873054343726,-86.49237472766887,38.06078147612156,2900.0,2.5630224E7
3000.0,132.094290865,8.716417609786634E-4,3000.0,70.86666666666666,43.859102190993816,-90.4139433551198,36.75832127351664,3000.0,2.5633992E7
3100.0,136.400096192,9.001995007030032E-4,3100.0,71.48387096774194,45.563820877875756,-92.59259259259258,36.03473227206946,3100.0,2.5637272E7
3200.0,140.578275901,9.279123179531383E-4,3200.0,71.78125,46.457874116710556,-95.03239740820742,34.94236311239192,3200.0,2.5638696E7
3300.0,145.137429063,9.581549521050385E-4,3300.0,72.18181818181819,47.23518573932225,-94.08033826638483,35.39760731878959,3300.0,2.5641168E7
3400.0,149.684070657,9.883157495655787E-4,3400.0,72.73529411764706,48.395441744711505,-94.33962264150951,35.03854239663629,3400.0,2.5642152E7
3500.0,154.446033001,0.001019906100526755,3500.0,73.22857142857143,49.20962463287519,-92.79835390946494,36.345108695652186,3500.0,2.564312E7
3600.0,158.649226458,0.001047791334505718,3600.0,73.72222222222223,50.04158800153149,-91.88640973630834,37.55775577557755,3600.0,2.564468E7
3700.0,163.412158438,0.001079393194485343,3700.0,74.32432432432432,51.05802388034264,-91.14688128772644,39.141575912876355,3700.0,2.564724E7
3800.0,167.90280048,0.0011091898716422462,3800.0,74.78947368421053,51.91595197935255,-84.94208494208499,39.55835962145111,3800.0,2.5648488E7
3900.0,172.117395139,0.0011371558734410176,3900.0,75.38461538461539,52.927461771793226,-79.43925233644866,41.356139279169206,3900.0,2.5649384E7
4000.0,176.42106491,0.0011657146801434533,4000.0,75.94999999999999,54.02372461835987,-79.81308411214953,41.233964569334134,4000.0,2.5650952E7
4100.0,180.560671276,0.001193187679609215,4100.0,76.02439024390245,54.18403867988918,-83.05400372439478,40.31572556162721,4100.0,2.5653664E7
4200.0,185.19024441,0.0012239133035770809,4200.0,76.54761904761904,55.096644784828584,-80.07312614259598,40.947242206234996,4200.0,2.5654416E7
4300.0,189.844344183,0.0012548035845989071,4300.0,77.09302325581395,56.04376216826557,-79.74452554744524,41.017964071856284,4300.0,2.5655976E7
4400.0,194.67009665,0.0012868342907778015,4400.0,77.29545454545455,56.335295973501566,-79.03225806451611,41.51053864168618,4400.0,2.565688E7
4500.0,198.870699414,0.0013147171425161683,4500.0,77.71111111111111,57.046063445633735,-78.78787878787875,42.3894313612866,4500.0,2.5658304E7
4600.0,203.341094503,0.0013443922061168842,4600.0,78.15217391304347,57.778523835635255,-78.82562277580075,42.47281053234115,4600.0,2.5659496E7
4700.0,207.639744655,0.001372928218707018,4700.0,78.48936170212765,58.333187186295376,-78.93805309734518,43.487982112912235,4700.0,2.5660408E7
4800.0,211.74070842,0.001400178185161694,4800.0,78.5625,58.384518555590944,-78.33622183708833,43.305785123966956,4800.0,2.5685168E7
4900.0,216.628569704,0.0014326591615468533,4900.0,78.75510204081633,58.6196993886531,-78.55917667238424,43.14582195521574,4900.0,2.5686952E7
5000.0,221.119245859,0.0014625019027112774,5000.0,78.97999999999999,58.8819135504556,-77.83417935702208,42.84937466014137,5000.0,2.5687944E7
5100.0,226.103953768,0.0014956301201018679,5100.0,79.3921568627451,59.544277810903225,-77.23440134907241,43.250539956803465,5100.0,2.56898E7
5200.0,230.356476108,0.0015238936450004984,5200.0,79.75,60.07561979180641,-76.38190954773874,43.26508620689654,5200.0,2.5691064E7
5300.0,234.865098113,0.0015538603666437484,5300.0,80.09433962264151,60.56480870247183,-74.95854063018245,43.34049409237378,5300.0,2.5691992E7
5400.0,239.413924473,0.0015840969063486577,5400.0,80.2037037037037,60.614610215229824,-75.53366174055837,43.25902335456475,5400.0,2.56942E7
5500.0,243.671556168,0.0016124012185408671,5500.0,80.43636363636364,60.916758904348434,-74.95934959349592,43.30874604847209,5500.0,2.5697264E7
5600.0,248.456621448,0.001644214639564707,5600.0,80.75,61.32239876986161,-74.71636952998375,43.26315789473684,5600.0,2.5699512E7
5700.0,252.896127989,0.0016737318690579032,5700.0,80.94736842105263,61.56575675449135,-73.20574162679425,43.52574102964118,5700.0,2.57006E7
5800.0,257.658227822,0.0017053950784905994,5800.0,81.08620689655173,61.655386144833756,-71.67449139280116,43.424445590510594,5800.0,2.570152E7
5900.0,261.907572294,0.0017336506300649587,5900.0,81.20338983050847,61.75005413252109,-71.4064914992272,43.61972547025928,5900.0,2.5703024E7
6000.0,266.389046782,0.0017634534982348402,6000.0,81.38333333333333,61.97050654468176,-70.01522070015217,43.78459989934574,6000.0,2.5706296E7
6100.0,270.633606087,0.0017916827392860629,6100.0,81.39344262295081,61.941451566834736,-69.15052160953805,44.00592007893439,6100.0,2.570804E7
6200.0,275.071887648,0.0018212023874936726,6200.0,81.29032258064515,61.61746725450148,-68.3599419448477,43.82566585956415,6200.0,2.57098E7
6300.0,279.365730644,0.0018497626159491233,6300.0,81.3968253968254,61.74210522879658,-67.66809728183121,44.11063423938961,6300.0,2.5710936E7
6400.0,283.817520285,0.001879374356418839,6400.0,81.625,62.08526603736726,-66.33663366336631,44.50212364322794,6400.0,2.5711752E7
6500.0,288.104698697,0.0019078927756765315,6500.0,81.84615384615384,62.49075106035762,-65.26610644257708,45.243619489559165,6500.0,2.5713208E7
6600.0,292.51279963,0.0019372193241688322,6600.0,81.77272727272728,62.264635179180964,-66.62049861495845,45.06849315068494,6600.0,2.5716496E7
6700.0,296.88843497,0.0019663312414756502,6700.0,81.8955223880597,62.432905171409615,-65.93707250341993,45.43409806567703,6700.0,2.5717696E7
6800.0,301.128905504,0.0019945461902553395,6800.0,82.04411764705883,62.59836241478681,-65.22327469553456,45.56397681676326,6800.0,2.57198E7
6900.0,305.591939538,0.002024243217391153,6900.0,82.30434782608695,62.9351161057521,-64.77732793522273,45.61247216035635,6900.0,2.572084E7
7000.0,310.015829094,0.0020536815533891725,7000.0,82.3,62.83680829672004,-65.42056074766361,45.634050021939444,7000.0,2.5722392E7
7100.0,314.734435623,0.0020850821481212104,7100.0,82.50704225352112,63.11417397534351,-65.15957446808511,45.811518324607306,7100.0,2.5723288E7
7200.0,319.447704398,0.0021164480414463966,7200.0,82.65277777777777,63.249092751822666,-65.86985391766267,45.81344902386116,7200.0,2.572396E7
7300.0,323.90975701,0.002146145528860552,7300.0,82.65753424657534,63.192969474036765,-67.23910171730516,45.82798459563542,7300.0,2.5726896E7
7400.0,329.267191486,0.002181802711054365,7400.0,82.89189189189189,63.474585159103725,-67.23910171730516,45.82798459563543,7400.0,2.57272E7
7500.0,333.769595117,0.002211769884856792,7500.0,83.09333333333333,63.70674777426192,-67.06192358366282,45.788798631893954,7500.0,2.5727864E7
7600.0,338.615740077,0.0022440255798723426,7600.0,83.3157894736842,63.96652141050757,-67.06192358366268,45.788798631893975,7600.0,2.5728376E7
7700.0,342.865889052,0.0022723154817507595,7700.0,83.50649350649351,64.1674931337823,-67.32542819499348,45.7032920051304,7700.0,2.57294E7
7800.0,347.722330091,0.002304641395500079,7800.0,83.71794871794872,64.40769934832244,-67.32542819499338,45.7032920051304,7800.0,2.572972E7
7900.0,352.006715468,0.0023331601664387143,7900.0,83.92405063291139,64.63874529118706,-67.32542819499334,45.7032920051304,7900.0,2.5730288E7
8000.0,356.735160804,0.0023646360697681243,8000.0,84.05,64.71945573401125,-68.11594202898542,45.44677212483969,8000.0,2.5731328E7
8100.0,361.401672626,0.002395700568678047,8100.0,84.24691358024691,64.9348198704316,-68.1159420289854,45.446772124839704,8100.0,2.5732048E7
8200.0,365.789543766,0.002424910829411777,8200.0,84.4390243902439,65.14241232816318,-68.11594202898559,45.446772124839676,8200.0,2.5732616E7
8300.0,370.12155608,0.0024537499167446137,8300.0,84.62650602409639,65.34264632724921,-68.11594202898549,45.44677212483967,8300.0,2.5733224E7
8400.0,374.500964417,0.0024829159492425726,8400.0,84.78571428571429,65.49014746796269,-68.3794466403163,45.361265498076115,8400.0,2.5743304E7
8500.0,379.302904816,0.002514896899664257,8500.0,84.96470588235294,65.67711565684041,-68.37944664031613,45.361265498076094,8500.0,2.5744056E7
8600.0,383.756083718,0.002544555603426318,8600.0,85.13953488372094,65.85779024714739,-68.37944664031616,45.36126549807613,8600.0,2.5744496E7
8700.0,388.478162385,0.002576005866544387,8700.0,85.3103448275862,66.03248375540332,-68.37944664031626,45.3612654980761,8700.0,2.5745032E7
8800.0,392.844413587,0.002605087220880317,8800.0,85.47727272727272,66.24258787615919,-67.4967234600263,45.50106609808101,8800.0,2.5745912E7
8900.0,397.306517305,0.0026348081538918994,8900.0,85.64044943820225,66.44770645167932,-67.05882352941175,45.64015312632922,8900.0,2.5746912E7
9000.0,402.008928143,0.0026661314630273777,9000.0,85.77777777777777,66.5628664261399,-67.3202614379086,45.555082943428324,9000.0,2.5748352E7
9100.0,406.524162553,0.002696210051942275,9100.0,85.91208791208791,66.67362739605969,-67.5816993464052,45.47001276052743,9100.0,2.5750136E7
9200.0,411.441354859,0.002728967322463128,9200.0,86.0,66.69355444837632,-68.36601307189535,45.21480221182475,9200.0,2.5750928E7
9300.0,415.613152983,0.0027567612522347612,9300.0,85.93548387096774,66.52725468014162,-68.12339331619542,45.08816120906801,9300.0,2.5753072E7
9324.0,418.075918117,0.0027731690925877233,9324.0,85.95023595023595,66.5380158991024,-67.5191815856777,45.11939673229997,9324.0,2.5753176E7
