learning evaluation instances,evaluation time (cpu seconds),model cost (RAM-Hours),classified instances,classifications correct (percent),Kappa Statistic (percent),Kappa Temporal Statistic (percent),Kappa M Statistic (percent),model training instances,model serialized size (bytes)
100.0,0.164867771,1.7940206791870294E-8,100.0,52.0,2.399349328995533,4.0000000000000036,-6.666666666666673,100.0,420624.0
200.0,0.663063848,7.657300221075614E-8,200.0,51.5,2.1388216303470644,2.020202020202022,-3.1914893617021307,200.0,454928.0
300.0,0.770565395,8.923088778181002E-8,300.0,55.333333333333336,9.654800431499453,11.842105263157896,0.7407407407407333,300.0,455144.0
400.0,0.840300862,9.744860448627008E-8,400.0,58.5,13.799818252628851,19.024390243902438,4.046242774566465,400.0,455512.0
500.0,0.899243562,1.04397781390912E-7,500.0,59.599999999999994,14.97600808148834,19.521912350597606,6.912442396313369,500.0,455728.0
600.0,0.962253648,1.1182831723612216E-7,600.0,60.333333333333336,16.039510818438394,20.401337792642146,9.160305343511459,600.0,455840.0
700.0,1.060427696,1.2341027635238237E-7,700.0,61.0,18.03770865858051,21.999999999999996,12.218649517684884,700.0,456024.0
800.0,1.128443798,1.3143734603784151E-7,800.0,61.375,18.86782544767107,23.325062034739457,13.687150837988831,800.0,456192.0
900.0,1.190709287,1.387956671039367E-7,900.0,61.22222222222222,19.67573649754501,22.787610619469028,15.29126213592232,900.0,456808.0
1000.0,1.241520201,1.448035858580077E-7,1000.0,62.3,21.60532335204824,24.448897795591183,17.505470459518595,1000.0,457056.0
1100.0,1.300407078,1.5177177463919961E-7,1100.0,61.909090909090914,22.340991959453557,23.818181818181827,19.111969111969128,1100.0,457408.0
1200.0,1.381345137,1.6135534932065552E-7,1200.0,61.75000000000001,22.14664925284529,22.98657718120807,19.19014084507044,1200.0,457696.0
1300.0,1.451496267,1.6966865272793717E-7,1300.0,60.53846153846154,19.411750489402326,21.19815668202765,16.449511400651474,1300.0,458080.0
1400.0,1.508792838,1.7646431050768542E-7,1400.0,59.71428571428572,17.237042083748246,20.451339915373783,14.155251141552528,1400.0,458464.0
1500.0,1.568924076,1.8360388964000889E-7,1500.0,58.599999999999994,15.3021662277958,18.39684625492772,12.411847672778556,1500.0,458960.0
1600.0,1.6402693,1.9207996243506884E-7,1600.0,58.1875,13.908477891594174,17.100371747211902,10.800000000000006,1600.0,459232.0
1700.0,1.710207623,2.0039178515566933E-7,1700.0,57.705882352941174,12.932913538387,15.709261430246185,9.899749373433568,1700.0,459392.0
1800.0,1.778233964,2.0847877169199708E-7,1800.0,57.111111111111114,12.379266119604564,14.60176991150443,9.707602339181285,1800.0,459528.0
1900.0,1.839126845,2.1571924320923583E-7,1900.0,57.315789473684205,12.663631705669246,15.167364016736396,9.988901220865712,1900.0,459624.0
2000.0,1.906425258,2.2372512546919085E-7,2000.0,57.4,13.208857993596604,15.05483549351943,10.785340314136123,2000.0,459840.0
2100.0,1.982890291,2.3282242694704282E-7,2100.0,57.19047619047619,13.093714611893168,14.543726235741442,10.90188305252726,2100.0,459888.0
2200.0,2.051568811,2.409946200905596E-7,2200.0,57.40909090909091,13.27592677045171,15.585585585585582,11.016144349477685,2200.0,459960.0
2300.0,2.123431008,2.4954713253115205E-7,2300.0,57.47826086956521,13.65968697318361,15.54404145077719,11.573236889692579,2300.0,460040.0
2400.0,2.191927012,2.577024275648139E-7,2400.0,57.666666666666664,14.160491436819047,15.684647302904562,12.186689714779597,2400.0,460232.0
2500.0,2.248981053,2.645059246870793E-7,2500.0,56.48,11.948349937975362,13.099041533546323,10.082644628099164,2500.0,460944.0
2600.0,2.318175419,2.7276040730614223E-7,2600.0,55.61538461538461,10.505493037062474,11.0939907550077,8.846761453396512,2600.0,461128.0
2700.0,2.380621978,2.8021314706330505E-7,2700.0,54.851851851851855,8.903857075955798,9.703703703703702,7.22983257229833,2700.0,461328.0
2800.0,2.439441309,2.8723615714347203E-7,2800.0,54.64285714285714,8.114882236663599,9.090909090909074,6.273062730627285,2800.0,461536.0
2900.0,2.508898299,2.9553001918834536E-7,2900.0,54.58620689655172,7.953592395862465,9.422283356258596,6.1297220242337875,2900.0,461576.0
3000.0,2.57603225,3.035478764583647E-7,3000.0,54.56666666666666,7.786275242069482,9.555408095554078,5.935127674258099,3000.0,461656.0
3100.0,2.641284019,3.1134148352601054E-7,3100.0,54.612903225806456,7.840245438179839,9.69191270860077,6.012024048096197,3100.0,461688.0
3200.0,2.704939076,3.189449078473636E-7,3200.0,54.5625,7.582787770927359,9.577114427860703,5.706874189364478,3200.0,461720.0
3300.0,2.755801055,3.250206546739862E-7,3300.0,54.6060606060606,7.67858536864133,9.704641350210967,5.845380263984917,3300.0,461752.0
3400.0,2.79462525,3.296585818212252E-7,3400.0,54.50000000000001,7.685622138320987,9.532163742690065,6.014580801944117,3400.0,461768.0
3500.0,2.83173738,3.340921397918608E-7,3500.0,54.65714285714286,7.823876810415731,9.624145785877,6.094674556213026,3500.0,461784.0
3600.0,2.868458323,3.384791170527414E-7,3600.0,54.666666666666664,8.028127563384073,9.484193011647251,6.422018348623848,3600.0,461800.0
3700.0,2.923635829,3.4507129119381313E-7,3700.0,54.62162162162162,8.002016394161226,9.779688339602362,6.462395543175489,3700.0,461816.0
3800.0,2.965339983,3.500540342137135E-7,3800.0,54.55263157894736,8.124151255092448,9.438909281594112,6.749460043196532,3800.0,461840.0
3900.0,3.001131808,3.543307523640722E-7,3900.0,54.61538461538461,8.242588359210512,9.27729369554074,6.891109942135707,3900.0,461880.0
4000.0,3.039378908,3.589010064115769E-7,4000.0,54.725,8.393363248388539,9.177532597793393,7.032854209445586,4000.0,461896.0
4100.0,3.074453061,3.630921886464478E-7,4100.0,54.90243902439025,8.839323249610159,9.716796875000009,7.550000000000007,4100.0,461904.0
4200.0,3.109107415,3.67233278764683E-7,4200.0,55.11904761904762,9.239565817307058,9.980897803247379,7.958984375000008,4200.0,461912.0
4300.0,3.144696646,3.714861575025052E-7,4300.0,55.18604651162791,9.398477003061116,10.121268656716424,8.150619637750236,4300.0,461920.0
4400.0,3.180266704,3.757369659333284E-7,4400.0,55.04545454545454,9.105625337464883,9.886104783599087,7.871448532836502,4400.0,461944.0
4500.0,3.217999216,3.8024635513810866E-7,4500.0,55.13333333333333,9.308607272480454,10.146862483311077,8.101957214383251,4500.0,461960.0
4600.0,3.253661233,3.8450837457053167E-7,4600.0,54.7608695652174,8.848007008322382,9.442993907745873,7.797961896322565,4600.0,461968.0
4700.0,3.289416211,3.8878165190445683E-7,4700.0,54.57446808510639,8.4082412045624,9.0328078397955,7.335069444444447,4700.0,461984.0
4800.0,3.325060034,3.9304171825150247E-7,4800.0,54.58333333333333,8.336603688961135,9.015025041736212,7.234042553191486,4800.0,461992.0
4900.0,3.36113906,3.973538737124413E-7,4900.0,54.42857142857142,8.144580465606074,8.782679738562086,7.113144758735436,4900.0,462000.0
5000.0,3.396258834,4.015517430533718E-7,5000.0,54.339999999999996,7.9300348922180515,8.643457382953185,6.892332789559533,5000.0,462040.0
5100.0,3.42984757,4.055667463329518E-7,5100.0,54.352941176470594,7.898662464050561,8.991399530883514,6.842737094837943,5100.0,462056.0
5200.0,3.462724286,4.0949684298439997E-7,5200.0,54.21153846153847,7.581880638414461,8.598848368522082,6.517471535139384,5200.0,462080.0
5300.0,3.495479948,4.1341280774559007E-7,5300.0,54.0,7.268487346892967,8.207831325301216,6.2668204536716665,5300.0,462120.0
5400.0,3.528724344,4.1738733864058644E-7,5400.0,53.87037037037037,7.113239066881441,7.8431372549019525,6.177024482109229,5400.0,462136.0
5500.0,3.562339862,4.214063085651357E-7,5500.0,53.92727272727272,7.125946199820538,7.787481804949051,6.1481481481481515,5500.0,462144.0
5600.0,3.598189808,4.256924941560461E-7,5600.0,53.87499999999999,7.011022287320038,7.684060042887772,6.038559476173141,5600.0,462152.0
5700.0,3.630987494,4.29613754432098E-7,5700.0,53.84210526315789,7.067521007361857,7.684210526315782,6.169757489300999,5700.0,462152.0
5800.0,3.663527243,4.3350464741587235E-7,5800.0,53.72413793103449,7.01486118411623,7.54392008267311,6.219426974143966,5800.0,462208.0
5900.0,3.695671326,4.3734829574088473E-7,5900.0,53.779661016949156,7.0050389393604835,7.559322033898308,6.159669649002069,5900.0,462216.0
5931.0,3.714654758,4.39618251197688E-7,5931.0,53.751475299275,6.962183959180044,7.549713515335364,6.125941136208075,5931.0,462216.0
