learning evaluation instances,evaluation time (cpu seconds),model cost (RAM-Hours),classified instances,classifications correct (percent),Kappa Statistic (percent),Kappa Temporal Statistic (percent),Kappa M Statistic (percent),model training instances,model serialized size (bytes)
100.0,0.55611435,1.143824647112439E-7,100.0,56.00000000000001,3.0409872190392555,12.00000000000001,-4.76190476190474,100.0,795056.0
200.0,1.052105989,2.1639879668503586E-7,200.0,53.5,6.155398587285586,3.1250000000000027,0.0,200.0,795056.0
300.0,1.379727287,2.837844549712084E-7,300.0,56.99999999999999,14.403255772803671,13.99999999999999,6.5217391304347645,300.0,795056.0
400.0,1.796964392,3.696024318655001E-7,400.0,57.25,14.61100569259963,18.181818181818187,8.064516129032254,400.0,795056.0
500.0,2.119945232,4.3603363353060353E-7,500.0,55.800000000000004,11.404380872967524,12.648221343873528,5.555555555555561,500.0,795056.0
600.0,3.458466342,7.301303085532951E-7,600.0,55.833333333333336,11.66666666666667,11.66666666666667,5.693950177935955,600.0,849312.0
700.0,3.831880175,8.121759078885037E-7,700.0,55.42857142857143,11.074918566775244,13.091922005571025,3.4055727554179493,700.0,849312.0
800.0,4.3528859,9.266500467313993E-7,800.0,55.75,11.729503291442251,12.376237623762377,4.582210242587599,800.0,849312.0
900.0,4.733536948,1.010285789734887E-6,900.0,56.111111111111114,12.384905065162972,12.026726057906469,6.17577197149643,900.0,849312.0
1000.0,5.112540384,1.09355952334808E-6,1000.0,57.4,14.93610223642172,13.765182186234808,9.168443496801691,1000.0,849312.0
1100.0,6.263842891,1.3465209721622784E-6,1100.0,56.36363636363636,12.995046649814954,10.44776119402985,5.88235294117646,1100.0,849312.0
1200.0,6.637596499,1.4286412260524352E-6,1200.0,56.75,13.727663111234243,10.20761245674741,7.321428571428573,1200.0,849312.0
1300.0,6.993692428,1.506881776706146E-6,1300.0,56.6923076923077,13.538098050797414,10.207336523126012,8.306188925081445,1300.0,849312.0
1400.0,7.358419691,1.587018783539327E-6,1400.0,57.14285714285714,14.348117799888646,10.979228486646878,10.714285714285705,1400.0,849312.0
1500.0,7.641942887,1.6493138258905132E-6,1500.0,57.733333333333334,15.494309417008493,12.188365650969526,12.55172413793103,1500.0,849312.0
1600.0,9.682754196,2.0977160332532394E-6,1600.0,57.99999999999999,15.987923263969197,12.49999999999999,12.953367875647666,1600.0,849312.0
1700.0,10.047345056,2.1778230699436534E-6,1700.0,58.529411764705884,17.032411701995102,13.919413919413934,13.919413919413934,1700.0,849312.0
1800.0,10.354843661,2.245385932142081E-6,1800.0,58.833333333333336,17.63433051494292,14.827586206896552,14.631336405529963,1800.0,849312.0
1900.0,10.726581479,2.3270632814473827E-6,1900.0,58.578947368421055,17.17496449485203,14.270152505446626,14.176663031624862,1900.0,849312.0
2000.0,11.10975193,2.4112525816863944E-6,2000.0,58.599999999999994,17.178135027647286,14.37435367114788,14.107883817427375,2000.0,849312.0
2100.0,13.044189621,2.8362986447728015E-6,2100.0,58.76190476190476,17.452530438982233,15.512195121951223,13.745019920318727,2100.0,849344.0
2200.0,13.401982483,2.914915003470249E-6,2200.0,58.77272727272727,17.507412509239803,15.706319702602245,14.353163361661947,2200.0,849344.0
2300.0,13.786314875,2.9993627842885262E-6,2300.0,58.869565217391305,17.695815718518034,16.28318584070798,14.466546112115742,2300.0,849344.0
2400.0,14.203908768,3.091118978356902E-6,2400.0,59.333333333333336,18.642259344470038,17.637130801687775,15.862068965517242,2400.0,849344.0
2500.0,14.612410501,3.180877389384277E-6,2500.0,59.56,19.113891481084654,18.004866180048662,16.85855263157896,2500.0,849344.0
2600.0,16.892175835,3.6818386254248695E-6,2600.0,59.5,19.011692986338065,17.3469387755102,16.561014263074483,2600.0,849408.0
2700.0,17.27325715,3.7655783699271756E-6,2700.0,59.77777777777777,19.561028495180572,18.529632408102024,17.351598173515978,2700.0,849408.0
2800.0,17.659003636,3.8503432505676825E-6,2800.0,59.892857142857146,19.78792421025136,18.85838150289019,17.547723935389143,2800.0,849408.0
2900.0,18.050415609,3.9363530792420785E-6,2900.0,60.275862068965516,20.551724137931025,19.101123595505616,18.007117437722417,2900.0,849408.0
3000.0,18.441594514,4.022311692981489E-6,3000.0,60.766666666666666,21.52538123863219,20.365358592692836,18.65929509329647,3000.0,849408.0
3100.0,21.963737895,4.796305291474471E-6,3100.0,61.03225806451613,22.064516129032263,21.25162972620601,19.30527722110889,3100.0,849440.0
3200.0,22.330662076,4.876937150120058E-6,3200.0,60.90624999999999,21.809384592667357,20.9228824273072,18.766233766233746,3200.0,849440.0
3300.0,22.697632215,4.957579108069946E-6,3300.0,61.09090909090909,22.17610109098924,21.32352941176471,18.836915297092293,3300.0,849440.0
3400.0,23.078675084,5.041313558787755E-6,3400.0,61.1764705882353,22.342972056274355,21.66172106824927,18.968692449355444,3400.0,849440.0
3500.0,23.465522399,5.126323540783203E-6,3500.0,61.285714285714285,22.570113843565654,21.947004608294936,19.58456973293769,3500.0,849440.0
3600.0,27.125301871,5.930608217307272E-6,3600.0,61.416666666666664,22.826902241853475,22.358859698155385,19.757365684575383,3600.0,849488.0
3700.0,27.507437701,6.014587592231699E-6,3700.0,61.48648648648649,22.958116101278865,22.343324250681214,19.718309859154935,3700.0,849488.0
3800.0,27.892817982,6.099279977938058E-6,3800.0,61.578947368421055,23.15059297877888,22.422954303931995,20.174958993985797,3800.0,849488.0
3900.0,28.280463499,6.18447017905036E-6,3900.0,61.61538461538461,23.22047138472221,22.395023328149293,20.202558635394464,3900.0,849488.0
4000.0,28.661755202,6.268264045963624E-6,4000.0,61.8,23.595129189485824,22.828282828282827,20.870015535991715,4000.0,849488.0
4100.0,33.035377473,7.229515583571227E-6,4100.0,61.97560975609756,23.941627379538637,23.428290766208253,21.103238866396758,4100.0,849568.0
4200.0,33.422730149,7.314649445695146E-6,4200.0,62.04761904761905,24.08670000072572,23.65900383141763,21.400394477317562,4200.0,849568.0
4300.0,33.807649905,7.399248591296704E-6,4300.0,62.348837209302324,24.690831833287163,24.31042543244506,22.12602212602213,4300.0,849568.0
4400.0,34.193699172,7.4840959851735395E-6,4400.0,62.38636363636364,24.76837502996042,24.63570127504555,22.336931018301282,4400.0,849568.0
4500.0,34.582914773,7.569639288124705E-6,4500.0,62.17777777777778,24.35467396064468,24.45628051486906,22.06959706959706,4500.0,849568.0
4600.0,39.072710391,8.556628277456203E-6,4600.0,62.28260869565217,24.561623729523607,24.466695690030473,22.127468581687605,4600.0,849744.0
4700.0,39.460973401,8.64197989442032E-6,4700.0,62.276595744680854,24.554038506041216,24.52107279693487,22.16856892010535,4700.0,849744.0
4800.0,39.851927051,8.727922993108817E-6,4800.0,62.375,24.75084916576462,24.529878813205187,22.255703831252703,4800.0,849744.0
4900.0,40.244846149,8.814298155013585E-6,4900.0,62.53061224489795,25.06272261112646,24.96935022476501,22.36786469344608,4900.0,849744.0
5000.0,40.640568808,8.90128962199621E-6,5000.0,62.5,24.997167893059633,24.969987995198082,22.231439236831186,5000.0,849744.0
5100.0,46.149786191,1.011258270074904E-5,5100.0,62.52941176470588,25.054743464696106,25.146886016451226,22.28548190321268,5100.0,849888.0
5200.0,46.546883974,1.0199891253433898E-5,5200.0,62.480769230769226,24.958652255856,25.33486414083429,22.270916334661344,5200.0,849888.0
5300.0,46.948784985,1.0288255875688642E-5,5300.0,62.60377358490567,25.208047735387183,25.54470323065365,22.517591868647383,5300.0,849888.0
5400.0,47.355673277,1.0377717034626753E-5,5400.0,62.64814814814815,25.295742931429128,25.736377025036827,22.57197696737045,5400.0,849888.0
5500.0,47.754721513,1.0465454426846356E-5,5500.0,62.763636363636365,25.5267704945845,25.93128390596746,22.80437240859404,5500.0,849888.0
5600.0,54.006671572,1.184007551674201E-5,5600.0,62.80357142857142,25.609799650012498,26.00355239786855,22.680029695619893,5600.0,849904.0
5700.0,54.409689143,1.1928687301459901E-5,5700.0,62.68421052631579,25.373474249204413,25.70730003492838,22.34392113910186,5700.0,849904.0
5800.0,54.812052247,1.2017155188012845E-5,5800.0,62.689655172413794,25.380880806670312,25.788751714677637,22.603719599427766,5800.0,849904.0
5900.0,55.210377107,1.2104735182737453E-5,5900.0,62.813559322033896,25.628109984400094,26.127946127946128,22.936424306287314,5900.0,849904.0
6000.0,55.617346351,1.2194215824851023E-5,6000.0,62.96666666666667,25.93202479910479,26.301824212271985,23.273480662983438,6000.0,849904.0
6100.0,61.719364512,1.3535947045122222E-5,6100.0,63.016393442622956,26.031132972390044,26.346718903036244,23.134582623509374,6100.0,849952.0
6200.0,63.486543309,1.3924519956768165E-5,6200.0,63.12903225806452,26.256982542615887,26.589595375722556,23.44273275284662,6200.0,849952.0
6300.0,63.880101644,1.401105681902177E-5,6300.0,63.142857142857146,26.28537997904753,26.542233470420758,23.568136932192235,6300.0,849952.0
6400.0,64.273491073,1.409755654168524E-5,6400.0,63.20312500000001,26.406250000000007,26.77238805970151,23.51412796362456,6400.0,849952.0
6500.0,64.676262987,1.4186119315083087E-5,6500.0,63.30769230769231,26.613995057894595,26.840490797546018,23.631123919308365,6500.0,849952.0
6600.0,73.116227058,1.6042100214682022E-5,6600.0,63.287878787878796,26.572453673305795,26.93003618817854,23.51641414141415,6600.0,850032.0
6700.0,73.501660204,1.6126858461403276E-5,6700.0,63.34328358208955,26.68490128312115,27.035056446821148,23.797704002482153,6700.0,850032.0
6800.0,73.883409786,1.6210806678085426E-5,6800.0,63.411764705882355,26.820794687137106,27.187591454492257,23.914373088685014,6800.0,850032.0
6900.0,74.279116039,1.6297824020960542E-5,6900.0,63.5072463768116,27.012389434957058,27.393310265282594,24.179464016862408,6900.0,850032.0
7000.0,74.676100095,1.6385122357681306E-5,7000.0,63.51428571428571,27.028571428571425,27.298605180757185,24.325925925925915,7000.0,850032.0
7100.0,82.791401219,1.8169943750122334E-5,7100.0,63.49295774647887,26.98524342695795,27.129603598538093,24.210526315789476,7100.0,850144.0
7200.0,83.193684038,1.825841896135501E-5,7200.0,63.56944444444444,27.137258472604707,27.260122018857462,24.343813094894724,7200.0,850144.0
7300.0,83.59373381,1.834640305217268E-5,7300.0,63.61643835616439,27.23137463899612,27.33242134062928,24.48109183963606,7300.0,850144.0
7400.0,84.026281641,1.844153453407661E-5,7400.0,63.71621621621622,27.429675926331747,27.39318550567874,24.663299663299657,7400.0,850144.0
7500.0,84.398220234,1.85233360528764E-5,7500.0,63.72,27.437760568041703,27.401280683030954,24.73029045643153,7500.0,850144.0
7600.0,93.376451799,2.0498130019870646E-5,7600.0,63.73684210526316,27.474286917283248,27.549947423764465,24.863685932388222,7600.0,850224.0
7700.0,93.767379752,2.0584116013607244E-5,7700.0,63.675324675324674,27.35144335072876,27.369514411841077,24.751143395211198,7700.0,850224.0
7800.0,94.170699625,2.067282765422411E-5,7800.0,63.653846153846146,27.305025391464056,27.233059548254605,24.56093666844065,7800.0,850224.0
7900.0,94.580128571,2.076288300717642E-5,7900.0,63.65822784810127,27.315589213241065,27.261211046364327,24.72469847928684,7900.0,850224.0
8000.0,94.989054331,2.0852827682578267E-5,8000.0,63.787499999999994,27.574710298841183,27.42985971943887,24.967624967624957,8000.0,850224.0
8100.0,104.947756987,2.304348585931192E-5,8100.0,63.81481481481481,27.629903182197996,27.48639287481444,24.865419123301706,8100.0,850304.0
8200.0,105.358005661,2.3133730004883508E-5,8200.0,63.80487804878049,27.60748225762237,27.556748840615086,24.67005076142132,8200.0,850304.0
8300.0,105.766900355,2.3223676309716137E-5,8300.0,63.746987951807235,27.48939517851383,27.353935296958,24.415975885455932,8300.0,850304.0
8400.0,106.173480395,2.3313113450264366E-5,8400.0,63.78571428571429,27.565121316686085,27.536922343973323,24.403578528827047,8400.0,850304.0
8500.0,106.580269699,2.3402596623504657E-5,8500.0,63.870588235294115,27.73417493736417,27.502360717658153,24.601031180947697,8500.0,850304.0
8600.0,116.961047501,2.5686272338089743E-5,8600.0,63.86046511627907,27.7124269620683,27.518656716417926,24.544792425345975,8600.0,850368.0
8700.0,117.386504481,2.5779868963637352E-5,8700.0,63.94252873563219,27.87590974677725,27.752187931828658,24.69995199231878,8700.0,850368.0
8800.0,117.827892154,2.5876970195238043E-5,8800.0,63.88636363636364,27.761667643744648,27.57520510483137,24.513064133016634,8800.0,850368.0
8900.0,118.269311096,2.5974078305731364E-5,8900.0,63.86516853932584,27.719824925932933,27.436823104693143,24.542468324730184,8900.0,850368.0
9000.0,118.695917692,2.6067927836233723E-5,9000.0,63.855555555555554,27.700700011912833,27.436984162391248,24.55936920222635,9000.0,850368.0
9100.0,130.163753746,2.859107865051848E-5,9100.0,63.978021978021985,27.945097806187704,27.749614282565577,24.833753726209594,9100.0,850480.0
9200.0,130.5838714,2.8683512846106388E-5,9200.0,63.91304347826087,27.813979764375407,27.794693344932575,24.69947833975958,9200.0,850480.0
9300.0,130.997930621,2.877461406657281E-5,9300.0,63.87096774193548,27.72958208048881,27.679724494188534,24.562191288729217,9300.0,850480.0
9400.0,131.402081775,2.8863535316275673E-5,9400.0,63.91489361702127,27.817422414052267,27.737537281636133,24.68916518650089,9400.0,850480.0
9500.0,131.826776395,2.895697653493537E-5,9500.0,63.92631578947368,27.839358818353293,27.852631578947374,24.648197009674583,9500.0,850480.0
9600.0,144.334864015,3.1707139424026794E-5,9600.0,63.864583333333336,27.716253476532522,27.68396914738378,24.570558817134156,9600.0,849904.0
9700.0,144.72890008,3.179377643808111E-5,9700.0,63.876288659793815,27.737315293118343,27.678018575851386,24.547803617571063,9700.0,849904.0
9800.0,145.148683114,3.188607445810226E-5,9800.0,63.8265306122449,27.639047129077493,27.53475061324612,24.542358450404432,9800.0,849904.0
9900.0,145.573250345,3.197942438321419E-5,9900.0,63.73737373737374,27.46067628178215,27.37204127048352,24.40513792377343,9900.0,849904.0
10000.0,145.994808762,3.2072112758067254E-5,10000.0,63.79,27.56637088834636,27.420324714371624,24.546780579287354,10000.0,849904.0
