learning evaluation instances,evaluation time (cpu seconds),model cost (RAM-Hours),classified instances,classifications correct (percent),Kappa Statistic (percent),Kappa Temporal Statistic (percent),Kappa M Statistic (percent),model training instances,model serialized size (bytes)
100.0,2.742613276,1.2692747701994223E-5,100.0,53.0,6.000000000000005,52.52525252525253,6.000000000000005,100.0,1.7889304E7
200.0,6.812935224,3.154949930962539E-5,200.0,60.5,20.999999999999996,60.30150753768844,20.999999999999996,200.0,1.7907728E7
300.0,10.656463723,4.93658924728994E-5,300.0,67.0,34.00000000000001,66.88963210702342,34.00000000000001,300.0,1.7918104E7
400.0,14.045102336,6.50842669364724E-5,400.0,69.25,38.5,69.17293233082708,38.5,400.0,1.7930184E7
500.0,17.623627611,8.169626787466974E-5,500.0,70.19999999999999,40.39999999999999,70.14028056112224,40.39999999999999,500.0,1.794404E7
600.0,21.808570399,1.0113324976118619E-4,600.0,70.5,40.99999999999999,70.4507512520868,40.99999999999999,600.0,1.7953192E7
700.0,25.449205912,1.1804871204229033E-4,700.0,70.14285714285714,40.28571428571428,70.10014306151645,40.28571428571428,700.0,1.7960112E7
800.0,29.006285159,1.3458901447016477E-4,800.0,69.625,39.25000000000001,69.58698372966208,39.25000000000001,800.0,1.7974312E7
900.0,32.658450176,1.515778873861779E-4,900.0,69.22222222222221,38.444444444444436,69.18798665183536,38.444444444444436,900.0,1.7981112E7
1000.0,36.167686649,1.6791161334221496E-4,1000.0,69.8,39.599999999999994,69.76976976976977,39.599999999999994,1000.0,1.7991816E7
1100.0,39.910390931,1.8533744409495113E-4,1100.0,70.0909090909091,40.18181818181819,70.06369426751593,40.18181818181819,1100.0,1.7997424E7
1200.0,43.326009111,2.012450662046345E-4,1200.0,71.08333333333333,42.166666666666664,71.05921601334445,42.166666666666664,1200.0,1.8002728E7
1300.0,46.334860798,2.1526345304335542E-4,1300.0,71.3076923076923,42.61538461538461,71.28560431100847,42.61538461538461,1300.0,1.8009416E7
1400.0,49.847788841,2.3163380238132108E-4,1400.0,71.14285714285714,42.285714285714285,71.12223016440315,42.285714285714285,1400.0,1.8013208E7
1500.0,53.04562731,2.4653939216198186E-4,1500.0,71.8,43.599999999999994,71.78118745830552,43.599999999999994,1500.0,1.801752E7
1600.0,56.240298188,2.614328950829067E-4,1600.0,71.875,43.75,71.85741088180113,43.75,1600.0,1.802076E7
1700.0,59.552886405,2.768794243090887E-4,1700.0,71.82352941176471,43.64705882352942,71.80694526191877,43.64705882352942,1700.0,1.8024608E7
1800.0,63.195376607,2.9386743819615467E-4,1800.0,71.77777777777777,43.55555555555555,71.7620900500278,43.55555555555555,1800.0,1.802796E7
1900.0,66.297609758,3.0833871686152653E-4,1900.0,71.73684210526315,43.47368421052631,71.7219589257504,43.47368421052631,1900.0,1.8031624E7
2000.0,69.683846147,3.241379798291982E-4,2000.0,72.1,44.199999999999996,72.08604302151076,44.199999999999996,2000.0,1.803524E7
2100.0,72.899890557,3.391459286229004E-4,2100.0,72.33333333333334,44.66666666666668,72.32015245354931,44.66666666666668,2100.0,1.8038552E7
2200.0,76.184916337,3.5447882395555285E-4,2200.0,72.4090909090909,44.81818181818183,72.39654388358345,44.81818181818183,2200.0,1.8042128E7
2300.0,79.502919152,3.699683386899007E-4,2300.0,72.43478260869564,44.8695652173913,72.42279251848629,44.8695652173913,2300.0,1.8045272E7
2400.0,82.907478108,3.8586508225185793E-4,2400.0,72.25,44.50000000000001,72.23843268028347,44.50000000000001,2400.0,1.8048856E7
2500.0,86.225888338,4.013618970231698E-4,2500.0,72.2,44.39999999999999,72.18887555022009,44.39999999999999,2500.0,1.805156E7
2600.0,90.125734399,4.1957653939653553E-4,2600.0,72.3076923076923,44.61538461538461,72.29703732204695,44.61538461538461,2600.0,1.8054088E7
2700.0,93.529854147,4.3547815055804394E-4,2700.0,72.51851851851852,45.03703703703703,72.50833642089663,45.03703703703703,2700.0,1.8056712E7
2800.0,96.888081865,4.511679516264427E-4,2800.0,72.67857142857143,45.357142857142854,72.66881028938906,45.357142857142854,2800.0,1.8059664E7
2900.0,100.246257408,4.6686020556927253E-4,2900.0,73.0,46.0,72.99068644360123,46.0,2900.0,1.8062768E7
3000.0,103.394977883,4.8157559700510804E-4,3000.0,72.96666666666667,45.93333333333334,72.95765255085028,45.93333333333334,3000.0,1.8065088E7
3100.0,107.124916902,4.990184859333235E-4,3100.0,72.67741935483872,45.35483870967742,72.38343658298011,44.78487614080836,3100.0,1.8076696E7
3200.0,110.107166371,5.129698444950973E-4,3200.0,72.59375,45.1875,72.00766038940313,44.03318442884493,3200.0,1.8083184E7
3300.0,113.070619642,5.268354553616487E-4,3300.0,72.45454545454545,44.9090909090909,71.59375,43.18749999999999,3300.0,1.8086032E7
3400.0,116.343356699,5.421505014544454E-4,3400.0,72.38235294117648,44.76470588235295,71.25803489439853,42.533659730722164,3400.0,1.8088792E7
3500.0,119.726400682,5.579844896259356E-4,3500.0,72.25714285714285,44.514285714285705,70.86708670867087,41.75164967006598,3500.0,1.8091936E7
3600.0,122.799487536,5.723696571116502E-4,3600.0,72.16666666666667,44.333333333333336,70.52941176470588,41.05882352941176,3600.0,1.8094328E7
3700.0,125.858078719,5.866899452719378E-4,3700.0,72.16216216216216,44.324324324324316,70.29131814248629,40.59976931949249,3700.0,1.8098088E7
3800.0,129.416301911,6.033528406030206E-4,3800.0,72.21052631578947,44.42105263157894,70.11038777243137,40.237691001697776,3800.0,1.8101712E7
3900.0,133.223585425,6.211854078918856E-4,3900.0,72.1025641025641,44.205128205128204,69.77777777777779,39.55555555555556,3900.0,1.8105104E7
4000.0,136.7748196,6.378206013383849E-4,4000.0,72.125,44.249999999999986,69.59367330242704,39.20392584514721,4000.0,1.8107184E7
4100.0,140.307233375,6.543693443097282E-4,4100.0,71.92682926829268,43.85365853658536,69.16688990088402,38.35029459025173,4100.0,1.8109056E7
4200.0,143.875260819,6.710870504399105E-4,4200.0,71.80952380952381,43.61904761904762,68.84210526315789,37.68421052631579,4200.0,1.8111352E7
4300.0,147.17612653,6.865545151415658E-4,4300.0,71.72093023255815,43.44186046511629,68.55443496250324,37.12512926577043,4300.0,1.8113136E7
4400.0,150.805039501,7.03560852677633E-4,4400.0,71.68181818181819,43.36363636363636,68.31934909738114,36.65480427046263,4400.0,1.8114928E7
4500.0,154.315072647,7.200118363416472E-4,4500.0,71.66666666666667,43.333333333333336,68.12500000000001,36.25,4500.0,1.8116864E7
4600.0,158.054875842,7.375448405914816E-4,4600.0,71.52173913043478,43.04347826086956,67.77367773677736,36.09756097560975,4600.0,1.812216E7
4700.0,161.175280876,7.521766397832318E-4,4700.0,71.40425531914893,42.79760359920144,67.47337850919651,35.969509290138156,4700.0,1.8125464E7
4800.0,164.552419823,7.680150501737289E-4,4800.0,71.1875,42.364093205137785,67.05574082896617,35.644485807352275,4800.0,1.8128632E7
4900.0,168.025458956,7.843054788696337E-4,4900.0,70.83673469387755,41.67346938775509,66.4947245017585,35.04545454545454,4900.0,1.8131144E7
5000.0,171.591646786,8.010348770548429E-4,5000.0,70.7,41.38904678506318,66.18190212373037,34.85993775011115,5000.0,1.8133368E7
5100.0,175.193052392,8.179321765965857E-4,5100.0,70.47058823529412,40.93021188246706,65.75716234652116,34.49325793823402,5100.0,1.8136256E7
5200.0,178.956264019,8.355906726987054E-4,5200.0,70.36538461538461,40.73076923076924,65.48712206047033,34.42553191489361,5200.0,1.8138336E7
5300.0,182.627581099,8.528212679907677E-4,5300.0,70.11320754716981,40.21549255634742,65.04854368932038,33.972488536890374,5300.0,1.8141816E7
5400.0,186.196899977,8.695753933285472E-4,5400.0,69.88888888888889,39.7668300479854,64.63679860809047,33.60555328705595,5400.0,1.814424E7
5500.0,189.380242929,8.845191985775456E-4,5500.0,69.72727272727272,39.45454545454545,64.30868167202573,33.4,5500.0,1.8145968E7
5600.0,192.710400813,9.00153786452196E-4,5600.0,69.60714285714286,39.20343693983147,64.03212172442942,33.22871714397803,5600.0,1.81478E7
5700.0,196.387217454,9.174176806459391E-4,5700.0,69.43859649122807,38.866407579201095,63.693205502292614,32.97422085417468,5700.0,1.8149688E7
5800.0,199.343731052,9.313017302500029E-4,5800.0,69.27586206896552,38.551724137931046,63.3710174717369,32.754716981132084,5800.0,1.8152592E7
5900.0,202.855153559,9.477940794140994E-4,5900.0,69.10169491525424,38.192708053193,63.03730738037308,32.456465357539834,5900.0,1.8155232E7
5995.0,206.45743862,9.647161117138977E-4,5995.0,69.0909090909091,38.176549258671336,62.9029029029029,32.544594102657456,5995.0,1.8158368E7
