learning evaluation instances,evaluation time (cpu seconds),model cost (RAM-Hours),classified instances,classifications correct (percent),Kappa Statistic (percent),Kappa Temporal Statistic (percent),Kappa M Statistic (percent),model training instances,model serialized size (bytes)
100.0,0.676494308,1.3914240175993908E-7,100.0,35.0,0.0,-35.41666666666667,-91.17647058823532,100.0,795056.0
200.0,1.216165214,2.501427533265369E-7,200.0,27.500000000000004,0.0,-93.33333333333333,-168.51851851851848,200.0,795056.0
300.0,1.567425449,3.223905049523504E-7,300.0,30.0,0.0,-74.99999999999999,-135.9550561797753,300.0,795056.0
400.0,1.951335334,4.0135368738652105E-7,400.0,29.75,0.0,-86.0927152317881,-138.13559322033896,400.0,795056.0
500.0,2.279316846,4.688134350486348E-7,500.0,28.999999999999996,0.0,-87.83068783068784,-146.52777777777774,500.0,795056.0
600.0,3.364650782,6.922173197812918E-7,600.0,35.16666666666667,-2.189141856392286,-66.95278969957083,-118.53932584269664,600.0,795664.0
700.0,3.731027084,7.676317949265573E-7,700.0,40.285714285714285,-1.7385257301808086,-50.359712230215834,-101.93236714975846,700.0,795664.0
800.0,4.202232817,8.646242391584855E-7,800.0,44.125,-1.4180374361883255,-41.009463722397484,-89.40677966101693,800.0,795664.0
900.0,4.547995927,9.357957186534794E-7,900.0,47.11111111111111,-1.180916391119503,-34.08450704225351,-79.622641509434,900.0,795664.0
1000.0,4.92650746,1.0137080957417355E-6,1000.0,49.1,-1.8000000000000016,-27.568922305764403,-70.80536912751676,1000.0,795664.0
1100.0,5.70258349,1.1734546900377586E-6,1100.0,51.45454545454545,-0.8585164835164807,-22.19679633867279,-65.32507739938083,1100.0,795664.0
1200.0,6.073053679,1.2497118461580863E-6,1200.0,53.333333333333336,-0.29850746268659,-17.894736842105257,-60.45845272206301,1200.0,795664.0
1300.0,6.37788501,1.3124579755057145E-6,1300.0,53.84615384615385,-1.694915254237307,-15.606936416184963,-54.24164524421597,1300.0,795664.0
1400.0,6.758995417,1.3909053018186033E-6,1400.0,54.57142857142857,-2.2977941176470615,-11.775043936731096,-49.6470588235294,1400.0,795664.0
1500.0,7.065146233,1.453923032435729E-6,1500.0,55.93333333333334,-1.6401845207585752,-9.618573797678264,-46.888888888888864,1500.0,795664.0
1600.0,8.150757157,1.6773839320586166E-6,1600.0,56.6875,-1.743439163149207,-6.779661016949144,-43.77593360995849,1600.0,795664.0
1700.0,8.506335316,1.7505757299115923E-6,1700.0,57.88235294117647,-1.0795548912140738,-4.221251819505074,-41.782178217821745,1700.0,795664.0
1800.0,8.818513243,1.8148340741006823E-6,1800.0,58.72222222222222,-0.8293124246079432,-2.2008253094910732,-39.661654135338345,1800.0,795664.0
1900.0,9.115301375,1.875924600649323E-6,1900.0,59.31578947368421,-0.8237797762065084,-0.9138381201044248,-37.54448398576514,1900.0,795664.0
2000.0,9.435036648,1.9417385402166346E-6,2000.0,60.0,-0.6289308176100494,0.990099009900991,-35.82342954159594,2000.0,795664.0
2100.0,10.835057944,2.229917307930804E-6,2100.0,60.952380952380956,-0.05810575246949835,2.7283511269276626,-34.64696223316909,2100.0,795664.0
2200.0,11.18521356,2.3019929357911644E-6,2200.0,61.09090909090909,-0.4266211604095434,2.9478458049886673,-32.713178294573616,2200.0,795664.0
2300.0,11.55874817,2.378880868793287E-6,2300.0,61.52173913043478,-0.39457459926018806,3.8043478260869623,-31.305637982195865,2300.0,795664.0
2400.0,11.908948638,2.450965728937561E-6,2400.0,61.875,-0.4115226337448325,4.786680541103017,-29.9715909090909,2400.0,795664.0
2500.0,12.282429676,2.5278426347410344E-6,2500.0,62.28,-0.3404979782932696,6.1691542288557315,-28.825136612021872,2500.0,795664.0
2600.0,13.701968047,2.8200387746472945E-6,2600.0,62.5,-0.4358161648177503,7.757805108798481,-27.61780104712041,2600.0,795664.0
2700.0,14.085259613,2.8989350682113276E-6,2700.0,62.77777777777778,-0.4441976679622772,9.37781785392245,-26.57430730478591,2700.0,795664.0
2800.0,14.442813915,2.9725336330586298E-6,2800.0,63.07142857142857,-0.4162042175360912,9.851787271142111,-25.637910085054692,2800.0,795664.0
2900.0,14.843352937,3.0549801230593067E-6,2900.0,63.44827586206897,-0.29363784665577075,10.99916036943747,-24.852767962308576,2900.0,795664.0
3000.0,15.276987809,3.144239024625938E-6,3000.0,63.76666666666667,-0.21511985248924081,12.267958030669913,-24.086757990867547,3000.0,795664.0
3100.0,17.20052662,3.540178033402529E-6,3100.0,63.806451612903224,-0.37515872099732755,12.616822429906541,-23.161361141602654,3100.0,795664.0
3200.0,17.642462453,3.6311455952007283E-6,3200.0,63.84375,-0.5158277678232316,12.745098039215694,-22.304439746300204,3200.0,795664.0
3300.0,18.072134025,3.7195886956696584E-6,3300.0,63.96969696969697,-0.5638567803778188,12.829912023460398,-21.574642126789374,3300.0,795664.0
3400.0,18.472795947,3.8020604832644885E-6,3400.0,64.17647058823529,-0.5340842882112956,12.999999999999986,-20.953326713008963,3400.0,795664.0
3500.0,18.873431205,3.8845267823723334E-6,3500.0,64.28571428571429,-0.5747126436781365,13.37491337491338,-20.307988450433108,3500.0,795664.0
3600.0,20.925854503,4.306995225199143E-6,3600.0,64.30555555555556,-0.6746463547334105,13.52624495289369,-19.64618249534449,3600.0,795664.0
3700.0,21.361173424,4.396600769468265E-6,3700.0,64.24324324324324,-0.8238759242858051,13.472858077174621,-18.97482014388488,3700.0,795664.0
3800.0,21.762970042,4.479306121578109E-6,3800.0,64.52631578947368,-0.707769738911588,13.700384122919335,-18.557607739665773,3800.0,795664.0
3900.0,22.149969032,4.558965547019326E-6,3900.0,64.64102564102564,-0.7115971611018641,14.294592914853949,-18.06506849315068,3900.0,795664.0
4000.0,22.534259744,4.638067503642821E-6,4000.0,64.75,-0.7142857142856989,14.700544464609793,-17.597998331943312,4000.0,795664.0
4100.0,24.912235136,5.127547213758015E-6,4100.0,64.65853658536585,-0.8487667419239867,14.814814814814827,-17.043618739903046,4100.0,795664.0
4200.0,25.2938193,5.206092057664991E-6,4200.0,64.78571428571429,-0.8278145695364072,15.194954128440369,-16.640378548895885,4200.0,795664.0
4300.0,25.688776842,5.287389662264412E-6,4300.0,64.95348837209303,-0.7775928834699297,15.098591549295772,-16.28086419753085,4300.0,795664.0
4400.0,26.068533236,5.3655582801041344E-6,4400.0,64.97727272727273,-0.8177952240759149,15.37616694124107,-15.864661654135345,4400.0,795664.0
4500.0,26.463389936,5.446835127502664E-6,4500.0,65.04444444444445,-0.8261519834769285,15.792291220556754,-15.491923641703373,4500.0,795664.0
4600.0,29.133705899,5.9964788303410855E-6,4600.0,65.17391304347827,-0.7933034248823507,16.34464751958224,-15.168943206326372,4600.0,795648.0
4700.0,29.517363173,6.075448812779173E-6,4700.0,65.12765957446808,-0.8641797493878645,16.462793068297664,-14.775910364145659,4700.0,795648.0
4800.0,29.932470004,6.160892205555821E-6,4800.0,65.08333333333334,-0.9283886184573702,16.699801192842955,-14.40273037542662,4800.0,795648.0
4900.0,30.332744628,6.243282615356032E-6,4900.0,65.16326530612245,-0.9169552260415078,17.135922330097106,-14.104278074866297,4900.0,795648.0
5000.0,30.728248339,6.324691005678558E-6,5000.0,65.24,-0.9057129586623676,17.080152671755723,-13.817943680419129,5000.0,795648.0
5100.0,33.598929088,6.915588617815744E-6,5100.0,65.19607843137256,-0.9591256343054707,17.133520074696555,-13.491048593350389,5100.0,795664.0
5200.0,33.994838311,6.99708211533381E-6,5200.0,65.1923076923077,-0.9871244635193298,17.464660282717745,-13.1957473420888,5200.0,795664.0
5300.0,34.398370448,7.08014470467154E-6,5300.0,65.09433962264151,-1.061636775922464,17.668001780151307,-12.873703477730347,5300.0,795664.0
5400.0,34.845776571,7.172238264649726E-6,5400.0,65.07407407407408,-1.0918764392917002,17.60594145915246,-12.59701492537312,5400.0,795664.0
5500.0,35.240145711,7.25341475326058E-6,5500.0,65.0909090909091,-1.10100526567735,17.702528932704674,-12.346401404330022,5500.0,795664.0
5600.0,38.099921144,7.84204395330846E-6,5600.0,65.26785714285714,-1.0295890919209836,18.00168634064082,-12.168396770472903,5600.0,795632.0
5700.0,38.503442332,7.92510094839763E-6,5700.0,65.14035087719299,-1.1069550701220028,18.028052805280527,-11.88063063063061,5700.0,795632.0
5800.0,38.915121254,8.009837054504824E-6,5800.0,65.0344827586207,-1.1697515998073431,18.19281968535701,-11.612548156301585,5800.0,795632.0
5900.0,39.304794792,8.090043779937158E-6,5900.0,64.91525423728814,-1.235079575596817,18.343195266272193,-11.350188273265212,5900.0,795632.0
6000.0,39.696436381,8.170655590423521E-6,6000.0,64.95,-1.2274368231047184,18.51995350639287,-11.15221987315011,6000.0,795632.0
6100.0,43.250779427,8.902262748539227E-6,6100.0,64.90163934426229,-1.255998945581133,18.716780561883077,-10.932642487046646,6100.0,795648.0
6200.0,43.781196992,9.011441092419403E-6,6200.0,64.75806451612904,-1.3238593866865904,18.470149253731343,-10.688956433637292,6200.0,795648.0
6300.0,44.190552253,9.095700612472472E-6,6300.0,64.53968253968254,-1.4195947309255532,18.198462101794217,-10.430054374691043,6300.0,795648.0
6400.0,44.597196705,9.179402153950311E-6,6400.0,64.453125,-1.4563445056093716,18.371008252601357,-10.22286821705426,6400.0,795648.0
6500.0,45.00980325,9.264330901091672E-6,6500.0,64.38461538461539,-1.4837295565671726,18.226774991169197,-10.028517110266149,6500.0,795648.0
6600.0,48.324735344,9.946672697344656E-6,6600.0,64.13636363636364,-1.580056179775296,18.322981366459626,-9.786641929499076,6600.0,795664.0
6700.0,48.627411622,1.0008975233070048E-5,6700.0,64.23880597014924,-1.536982454364895,18.47567199727798,-9.65675057208241,6700.0,795664.0
6800.0,48.986110365,1.0082809368331917E-5,6800.0,64.1470588235294,-1.5683968043915035,18.543267624457073,-9.474629546475072,6800.0,795664.0
6900.0,49.346349942,1.0156960667085971E-5,6900.0,64.04347826086956,-1.6024785000801078,18.414995067412047,-9.295154185022032,6900.0,795664.0
7000.0,49.71289799,1.0232410494229653E-5,7000.0,63.957142857142856,-1.6284957992864835,18.34951456310679,-9.12629757785467,7000.0,795664.0
7100.0,53.251300293,1.0960765786577183E-5,7100.0,63.985915492957744,-1.6119372911617593,18.41097638800254,-8.994032395566917,7100.0,795680.0
7200.0,53.625187019,1.103772774632656E-5,7200.0,63.77777777777778,-1.6786155212371896,18.090452261306524,-8.80267000417189,7200.0,795680.0
7300.0,53.991128401,1.1113054212749751E-5,7300.0,63.71232876712328,-1.6933376105008102,18.16496756255791,-8.654634946677605,7300.0,795680.0
7400.0,54.401170917,1.119745858823947E-5,7400.0,63.5945945945946,-1.7247009837939076,18.09060504712679,-8.49778493757551,7400.0,795680.0
7500.0,54.787279023,1.1276936233329444E-5,7500.0,63.586666666666666,-1.7182727882204263,18.06180618061807,-8.373015873015877,7500.0,795680.0
7600.0,58.744860996,1.2091494813877946E-5,7600.0,63.46052631578948,-1.7500554425277457,18.0825958702065,-8.222915042868273,7600.0,795600.0
7700.0,59.146960987,1.2174255954428432E-5,7700.0,63.36363636363637,-1.7710143976910855,18.089430894308947,-8.084291187739472,7700.0,795600.0
7800.0,59.81207511,1.2311151265663882E-5,7800.0,63.34615384615384,-1.7660588138656352,18.103695216270406,-7.968277945619367,7800.0,795600.0
7900.0,60.218041722,1.2394708242999245E-5,7900.0,63.36708860759494,-1.7490298002634692,18.43291995490416,-7.864330972791675,7900.0,795600.0
8000.0,60.623134844,1.24780854366234E-5,8000.0,63.2625,-1.7703328572046872,18.293021962746742,-7.734604105571859,8000.0,795600.0
8100.0,64.603834181,1.3297451516814534E-5,8100.0,63.135802469135804,-1.797168302496654,18.14692982456142,-7.603603603603608,8100.0,795648.0
8200.0,65.005969792,1.3380224982327922E-5,8200.0,63.03658536585366,-1.8147407747263529,18.12533765532144,-7.482269503546106,8200.0,795648.0
8300.0,65.414010273,1.3464213875025415E-5,8300.0,62.85542168674699,-1.854881403022743,17.742796157950924,-7.346796657381588,8300.0,795648.0
8400.0,65.825915472,1.3548998260818624E-5,8400.0,62.82142857142857,-1.8519812705290486,17.70750988142292,-7.245879120879114,8400.0,795648.0
8500.0,66.196321029,1.3625240579975747E-5,8500.0,62.64705882352941,-1.887682869277929,17.57528556593977,-7.118758434547903,8500.0,795648.0
8600.0,70.623865226,1.4536601167373184E-5,8600.0,62.558139534883715,-1.8987341772152302,17.372337695663322,-7.01229644400134,8600.0,795664.0
8700.0,71.036596478,1.4621557291925224E-5,8700.0,62.59770114942529,-1.8748560571164923,17.36922295581514,-6.933946763062761,8700.0,795664.0
8800.0,71.446137108,1.4705856662527288E-5,8800.0,62.56818181818182,-1.8696055553993844,17.340025094102902,-6.843983133311696,8800.0,795664.0
8900.0,71.856298979,1.4790283908659776E-5,8900.0,62.5056179775281,-1.8728583042056854,17.360079247152065,-6.74984005118361,8900.0,795664.0
9000.0,72.25590657,1.4872538673978437E-5,9000.0,62.33333333333333,-1.903807615230468,16.972814107274054,-6.637307329348865,9000.0,795664.0
9100.0,77.208373105,1.5891907670970917E-5,9100.0,62.252747252747255,-1.9105061537207468,16.82808716707023,-6.544665012406936,9100.0,795632.0
9200.0,77.623672178,1.5977388914812562E-5,9200.0,62.163043478260875,-1.9190254024225126,16.602779108768573,-6.4525993883792,9200.0,795632.0
9300.0,78.034123633,1.6061872370690664E-5,9300.0,62.11827956989248,-1.916143822769136,16.51658767772512,-6.370772946859908,9300.0,795632.0
9400.0,78.44857696,1.614717953415324E-5,9400.0,62.11702127659574,-1.9026801914248714,16.662766206412346,-6.298507462686566,9400.0,795632.0
9500.0,78.863839434,1.6232653244801947E-5,9500.0,62.05263157894737,-1.9043368295767205,16.608836456164706,-6.2168532704773085,9500.0,795632.0
9600.0,84.036828955,1.7297434025227814E-5,9600.0,62.135416666666664,-1.871259670121161,16.819221967963383,-6.162383177570092,9600.0,795648.0
9700.0,84.447428723,1.738194970801412E-5,9700.0,62.18556701030927,-1.846307099551744,16.787658802177845,-6.103557998264407,9700.0,795648.0
9800.0,84.856867283,1.7466226373892415E-5,9800.0,62.08163265306123,-1.8571971985411087,16.644235082996865,-6.019971469329524,9800.0,795648.0
9900.0,85.20779002,1.7538458452510625E-5,9900.0,62.121212121212125,-1.8350888742593618,16.64814403200711,-5.962136196665716,9900.0,795648.0
10000.0,85.620094663,1.7623325057742388E-5,10000.0,62.019999999999996,-1.8448997103936493,16.50912288415035,-5.882352941176473,10000.0,795648.0
