learning evaluation instances,evaluation time (cpu seconds),model cost (RAM-Hours),classified instances,classifications correct (percent),Kappa Statistic (percent),Kappa Temporal Statistic (percent),Kappa M Statistic (percent),model training instances,model serialized size (bytes)
100.0,0.605099979,1.2445790509585294E-7,100.0,35.0,0.0,-35.41666666666667,-91.17647058823532,100.0,795056.0
200.0,1.176956082,2.420781580551714E-7,200.0,27.500000000000004,0.0,-93.33333333333333,-168.51851851851848,200.0,795056.0
300.0,1.581142916,3.252119349065589E-7,300.0,30.0,0.0,-74.99999999999999,-135.9550561797753,300.0,795056.0
400.0,2.007687014,4.1294418860091936E-7,400.0,29.75,0.0,-86.0927152317881,-138.13559322033896,400.0,795056.0
500.0,2.36379959,4.861899772728897E-7,500.0,28.999999999999996,0.0,-87.83068783068784,-146.52777777777774,500.0,795056.0
600.0,3.406782713,7.023010716709289E-7,600.0,34.0,-3.262145036376434,-69.95708154506438,-122.47191011235957,600.0,800944.0
700.0,3.794834774,7.827073157766876E-7,700.0,38.57142857142858,-2.8314520757604744,-54.67625899280576,-107.72946859903381,700.0,800944.0
800.0,4.199848158,8.666280271783555E-7,800.0,41.875,-2.470305647986961,-46.68769716088328,-97.03389830508472,800.0,800944.0
900.0,4.545220405,9.381908095742887E-7,900.0,44.888888888888886,-1.7190148932679425,-39.718309859154914,-87.16981132075475,900.0,800944.0
1000.0,4.917138112,1.015253938318491E-6,1000.0,46.9,-2.4123805188893988,-33.08270676691729,-78.18791946308723,1000.0,800944.0
1100.0,5.740858557,1.1859327565288503E-6,1100.0,49.63636363636363,-0.4271532346310546,-26.773455377574397,-71.51702786377713,1100.0,800944.0
1200.0,6.088373973,1.2579396137979587E-6,1200.0,51.16666666666667,-0.1709401709401749,-23.368421052631554,-67.90830945558734,1200.0,800944.0
1300.0,6.448043338,1.33246482746395E-6,1300.0,51.53846153846153,-1.809954751131238,-21.38728323699422,-61.95372750642678,1300.0,800944.0
1400.0,6.810984421,1.4076679567567137E-6,1400.0,52.35714285714286,-2.2007416065807632,-17.22319859402459,-56.94117647058822,1400.0,800944.0
1500.0,7.13359219,1.4745138303690904E-6,1500.0,53.666666666666664,-1.6347349990055968,-15.257048092868992,-54.44444444444444,1500.0,800944.0
1600.0,8.235901261,1.702917545103692E-6,1600.0,54.3125,-1.7577927885602733,-12.634822804314332,-51.65975103734441,1600.0,800944.0
1700.0,8.54482854,1.7669287557185529E-6,1700.0,55.529411764705884,-1.067611180663468,-10.043668122270727,-49.70297029702967,1700.0,800944.0
1800.0,8.919969785,1.844659816962957E-6,1800.0,56.49999999999999,-0.47507157440887887,-7.70288858321873,-47.18045112781956,1800.0,800944.0
1900.0,9.18630181,1.8998450871046638E-6,1900.0,57.10526315789474,-0.5328859722701931,-6.3968668407310565,-45.01779359430606,1900.0,800944.0
2000.0,9.561153991,1.97751625290492E-6,2000.0,57.599999999999994,-0.6456513482719198,-4.950495049504955,-43.972835314091704,2000.0,800944.0
2100.0,10.754178425,2.2247166249816415E-6,2100.0,58.666666666666664,0.30409766129209526,-2.965599051008293,-42.52873563218389,2100.0,800944.0
2200.0,11.050876617,2.2861939102464383E-6,2200.0,58.909090909090914,-0.050709530977097086,-2.49433106575964,-40.1550387596899,2200.0,800944.0
2300.0,11.331752016,2.3443926370798886E-6,2300.0,59.434782608695656,0.14889953934207234,-1.4130434782608503,-38.4272997032641,2300.0,800944.0
2400.0,11.596978563,2.3993488468896065E-6,2400.0,59.75,-0.07381220620798863,-0.5202913631633697,-37.21590909090908,2400.0,800944.0
2500.0,11.979792415,2.47866970902253E-6,2500.0,60.199999999999996,0.02234676389921157,0.9950248756218913,-35.92896174863391,2500.0,800944.0
2600.0,13.225478198,2.7367817646288298E-6,2600.0,60.38461538461538,-0.2774667770043494,2.5543992431409506,-34.81675392670157,2600.0,800944.0
2700.0,13.596356085,2.8136294376928573E-6,2700.0,60.7037037037037,-0.27302320697262494,4.328223624887287,-33.627204030226714,2700.0,800944.0
2800.0,13.98029337,2.893183080519695E-6,2800.0,61.035714285714285,-0.301021265865363,4.882301656495209,-32.56379100850548,2800.0,800944.0
2900.0,14.361638978,2.9721997154693727E-6,2900.0,61.41379310344828,-0.18832973139855738,6.04534005037785,-31.802120141342744,2900.0,800944.0
3000.0,14.757072779,3.0541354914292744E-6,3000.0,61.7,-0.24988308542790538,7.263922518159813,-31.16438356164382,3000.0,800944.0
3100.0,16.528615553,3.421207632118245E-6,3100.0,61.806451612903224,-0.3773997702783745,7.788161993769465,-29.967069154775,3100.0,800944.0
3200.0,16.85650665,3.4891482365761787E-6,3200.0,61.84375,-0.6514315625908472,7.918552036199099,-29.06976744186046,3200.0,800944.0
3300.0,17.228955136,3.5663213452692835E-6,3300.0,62.03030303030304,-0.6458038812491791,8.137829912023472,-28.118609406952938,3300.0,800944.0
3400.0,17.619377716,3.647218772256226E-6,3400.0,62.26470588235294,-0.6571721292561379,8.35714285714286,-27.408142999006955,3400.0,800944.0
3500.0,17.995071377,3.725064296739479E-6,3500.0,62.37142857142857,-0.7369235409045393,8.731808731808712,-26.756496631376358,3500.0,800944.0
3600.0,20.002604287,4.141034722964851E-6,3600.0,62.44444444444445,-0.8631140491757308,9.01749663526246,-25.884543761638724,3600.0,800944.0
3700.0,20.392171904,4.2217549975266725E-6,3700.0,62.37837837837837,-1.1386741140841934,8.96010464355787,-25.179856115107913,3700.0,800944.0
3800.0,20.794756079,4.305172365198289E-6,3800.0,62.71052631578947,-0.9909665919196496,9.282970550576174,-24.626209322779243,3800.0,800944.0
3900.0,21.172764442,4.383497507013207E-6,3900.0,62.871794871794876,-0.994673779263178,10.00621504039777,-23.972602739726014,3900.0,800944.0
4000.0,21.547627779,4.461170984390051E-6,4000.0,63.0,-1.0376843255051649,10.465819721718091,-23.436196830692257,4000.0,800944.0
4100.0,23.84156113,4.936484952591981E-6,4100.0,62.951219512195124,-1.1530463018124988,10.699588477366264,-22.697899838449093,4100.0,800944.0
4200.0,24.229597689,5.016887984609153E-6,4200.0,63.11904761904762,-1.125879943444857,11.181192660550447,-22.1608832807571,4200.0,800944.0
4300.0,24.621277815,5.098045981145423E-6,4300.0,63.32558139534884,-1.0613596300621813,11.154929577464786,-21.682098765432087,4300.0,800944.0
4400.0,25.019986241,5.1806602750764085E-6,4400.0,63.38636363636364,-1.1121711186985144,11.532125205930809,-21.127819548872175,4400.0,800944.0
4500.0,25.404805116,5.260396587570194E-6,4500.0,63.48888888888888,-1.1224060499196156,12.044967880085638,-20.631424375917796,4500.0,800944.0
4600.0,28.034744935,5.8053109321842885E-6,4600.0,63.65217391304348,-1.0799808227704104,12.689295039164481,-20.20129403306973,4600.0,800912.0
4700.0,28.410036196,5.883069970642047E-6,4700.0,63.59574468085106,-1.2416858364119476,12.793068297655456,-19.81792717086836,4700.0,800912.0
4800.0,28.778628218,5.959440950178182E-6,4800.0,63.5625,-1.3575674570155027,13.071570576540758,-19.38566552901025,4800.0,800912.0
4900.0,29.159308057,6.038316483176256E-6,4900.0,63.65306122448979,-1.2855884751997635,13.543689320388353,-19.050802139037444,4900.0,800912.0
5000.0,29.552995517,6.1198871498123685E-6,5000.0,63.75999999999999,-1.2261548719947597,13.549618320610676,-18.664047151277032,5000.0,800912.0
5100.0,32.429387055,6.715889241779526E-6,5100.0,63.745098039215684,-1.29569633741814,13.67880485527545,-18.222506393861902,5100.0,800944.0
5200.0,32.821127427,6.7970597215753094E-6,5200.0,63.76923076923077,-1.332230037236278,14.090287277701774,-17.823639774859295,5200.0,800944.0
5300.0,33.209650139,6.8775634868206215E-6,5300.0,63.698113207547166,-1.4295547412438492,14.374721851357364,-17.38865161683955,5300.0,800944.0
5400.0,33.640313943,6.9667990879992445E-6,5400.0,63.70370370370371,-1.4691941674003457,14.373088685015295,-17.0149253731343,5400.0,800944.0
5500.0,33.987688967,7.038776855374091E-6,5500.0,63.727272727272734,-1.5126283652511876,14.487783969138468,-16.734932709186637,5500.0,800944.0
5600.0,36.715910772,7.604032298833157E-6,5600.0,63.92857142857142,-1.4188053345287732,14.839797639123095,-16.49365628604386,5600.0,800880.0
5700.0,37.10811206,7.68529178901367E-6,5700.0,63.807017543859644,-1.5501749801979394,14.892739273927372,-16.159909909909917,5700.0,800880.0
5800.0,37.511460543,7.768860846781943E-6,5800.0,63.724137931034484,-1.6318122096757643,15.127067365873344,-15.795266923500268,5800.0,800880.0
5900.0,37.860544368,7.841186906174596E-6,5900.0,63.62711864406779,-1.716946451065578,15.345167652859962,-15.438407746100074,5900.0,800880.0
6000.0,38.257026213,7.92333327737807E-6,6000.0,63.68333333333334,-1.7062756366093963,15.575358388221632,-15.169133192388989,6000.0,800880.0
6100.0,41.440623891,8.582910886218958E-6,6100.0,63.65573770491804,-1.7432456303752262,15.831435079726669,-14.87046632124353,6100.0,800848.0
6200.0,41.974766044,8.693574430953728E-6,6200.0,63.564516129032256,-1.1797001986635565,15.708955223880592,-14.43768996960488,6200.0,800848.0
6300.0,42.337871445,8.76880258990227E-6,6300.0,63.36507936507937,-1.3259819430081219,15.48883192969609,-14.087988136431026,6300.0,800848.0
6400.0,42.717952856,8.847547837759637E-6,6400.0,63.31250000000001,-1.298930669095223,15.751704341585937,-13.759689922480604,6400.0,800848.0
6500.0,43.095150364,8.92569559873667E-6,6500.0,63.26153846153846,-1.0777853532936188,15.64818085482161,-13.498098859315588,6500.0,800848.0
6600.0,46.388986698,9.60813971462363E-6,6600.0,62.95454545454545,-1.0810542646846804,15.631469979296059,-13.404452690166984,6600.0,800880.0
6700.0,46.772898956,9.687681815360254E-6,6700.0,63.07462686567165,-1.0339525963649938,15.821708063967352,-13.226544622425635,6700.0,800880.0
6800.0,47.152996216,9.766433493418512E-6,6800.0,62.98529411764706,-0.903697561983271,15.903775476110937,-13.02200269420744,6800.0,800880.0
6900.0,47.552953822,9.849300001387192E-6,6900.0,62.88405797101449,-1.0054763100205892,15.784281486353184,-12.819383259911904,6900.0,800880.0
7000.0,47.967140976,9.935114704202132E-6,7000.0,62.828571428571436,-0.9891659816325387,15.79288025889968,-12.54325259515569,7000.0,800880.0
7100.0,51.849341589,1.0739477042173562E-5,7100.0,62.87323943661972,-0.9843867981081478,15.89023611997447,-12.361466325660682,7100.0,800896.0
7200.0,52.255268649,1.0823582030961133E-5,7200.0,62.625,-1.0093637711330226,15.483668341708528,-12.265331664580744,7200.0,800896.0
7300.0,52.66357976,1.0908180976920774E-5,7300.0,62.57534246575342,-1.0568312170123448,15.600864998455355,-12.059064807219018,7300.0,800896.0
7400.0,53.072671214,1.099294160399442E-5,7400.0,62.32432432432432,-0.4618541793596237,15.232593493463042,-12.283527990334298,7400.0,800896.0
7500.0,53.469598093,1.1075181823968376E-5,7500.0,61.986666666666665,-0.24101911726209505,14.461446144614468,-13.134920634920643,7500.0,800896.0
7600.0,57.398139054,1.1889096745189733E-5,7600.0,61.76315789473684,-0.4009838619974718,14.277286135693215,-13.250194855806713,7600.0,800848.0
7700.0,57.809477132,1.1974317747764055E-5,7700.0,61.50649350649351,0.06626693990796573,13.937282229965161,-13.563218390804607,7700.0,800848.0
7800.0,58.484161906,1.2114098905738713E-5,7800.0,61.53846153846154,0.3914615560845997,14.064737897450605,-13.293051359516623,7800.0,800848.0
7900.0,58.896726857,1.2199574091800253E-5,7900.0,61.58227848101265,0.3772422755330928,14.458850056369771,-13.119642191576625,7900.0,800848.0
8000.0,59.323004526,1.2287890278096105E-5,8000.0,61.4875,0.24906975215729524,14.345287739783153,-12.939882697947239,8000.0,800848.0
8100.0,63.809895474,1.3217465549707914E-5,8100.0,61.34567901234568,0.30517244334348126,14.172149122807024,-12.828828828828845,8100.0,800832.0
8200.0,64.218125698,1.330204097749363E-5,8200.0,61.23170731707317,0.3947254193021439,14.127498649378703,-12.730496453900722,8200.0,800832.0
8300.0,64.615875932,1.338444520485044E-5,8300.0,61.18072289156626,0.859884594923706,14.034151547492,-12.186629526462385,8300.0,800832.0
8400.0,65.000675622,1.3464166392749455E-5,8400.0,61.011904761904766,1.1711168763089013,13.702239789196312,-12.465659340659322,8400.0,800832.0
8500.0,65.416627556,1.3550341572067743E-5,8500.0,60.83529411764705,1.0791052529646596,13.5773624091381,-12.3144399460189,8500.0,800832.0
8600.0,70.350807459,1.4572482177672397E-5,8600.0,60.72093023255813,1.2222937013860342,13.317936874518852,-12.263210368893333,8600.0,800752.0
8700.0,70.771204039,1.4659569479579256E-5,8700.0,60.41379310344828,1.1519929142235228,12.544438801422045,-13.177785080512647,8700.0,800752.0
8800.0,71.186981044,1.4745699812895396E-5,8800.0,60.18181818181818,1.3618028802230666,12.070263488080306,-13.655530327602985,8800.0,800752.0
8900.0,71.596865457,1.4830609465637689E-5,8900.0,59.98876404494382,1.6924962101256682,11.81277860326895,-13.915547024952016,8900.0,800752.0
9000.0,72.005093519,1.4915175996797972E-5,9000.0,59.91111111111111,2.4344515273010536,11.633602743081076,-13.494809688581306,9000.0,800752.0
9100.0,77.294943569,1.6011126867480147E-5,9100.0,59.747252747252745,2.7968296182244416,11.307506053268767,-13.616625310173697,9100.0,800848.0
9200.0,77.669536377,1.6088734986840523E-5,9200.0,59.597826086956516,3.177987672750646,10.948730234786769,-13.669724770642212,9200.0,800848.0
9300.0,78.058756233,1.6169373537279206E-5,9300.0,59.40860215053764,3.3793065184064277,10.545023696682465,-13.979468599033822,9300.0,800848.0
9400.0,78.462187563,1.6252956420195513E-5,9400.0,59.180851063829785,3.415523247724318,10.20360402527498,-14.537313432835807,9400.0,800848.0
9500.0,78.881941315,1.633992098169126E-5,9500.0,59.021052631578954,3.6721453918073528,9.946796206338202,-14.702416028285198,9500.0,800848.0
9600.0,84.583125192,1.7520973982198084E-5,9600.0,58.71875,3.406497150038729,9.313501144164753,-15.741822429906543,9600.0,800768.0
9700.0,85.00054117,1.7607445564927635E-5,9700.0,58.453608247422686,3.25912152323316,8.575317604355725,-16.575065085334096,9700.0,800768.0
9800.0,85.42545227,1.769546983154149E-5,9800.0,58.3469387755102,3.635523764135625,8.434275459847468,-16.462196861626243,9800.0,800768.0
9900.0,85.842606289,1.7781887147039947E-5,9900.0,58.1010101010101,3.5215575935787933,7.801733718604123,-17.208250918338514,9900.0,800768.0
10000.0,86.254497724,1.7867214269561346E-5,10000.0,57.99999999999999,3.8707671552228713,7.672015827654414,-17.08948982436577,10000.0,800768.0
