learning evaluation instances,evaluation time (cpu seconds),model cost (RAM-Hours),classified instances,classifications correct (percent),Kappa Statistic (percent),Kappa Temporal Statistic (percent),Kappa M Statistic (percent),model training instances,model serialized size (bytes)
100.0,0.607757267,1.2500446022590416E-7,100.0,33.0,0.0,-42.55319148936171,-179.16666666666669,100.0,795056.0
200.0,1.115904366,2.2952094612397253E-7,200.0,41.5,0.0,-17.000000000000004,-58.10810810810811,200.0,795056.0
300.0,1.465029125,3.0132946972373046E-7,300.0,38.666666666666664,0.0,-26.027397260273965,-71.96261682242991,300.0,795056.0
400.0,1.866846134,3.839758172821419E-7,400.0,38.0,0.0,-31.914893617021285,-73.4265734265734,400.0,795056.0
500.0,2.207079255,4.539554949444408E-7,500.0,37.4,0.0,-28.80658436213992,-75.84269662921349,500.0,795056.0
600.0,3.296529583,6.933179111548802E-7,600.0,36.333333333333336,0.0,-32.63888888888889,-82.77511961722486,600.0,849280.0
700.0,3.66733956,7.747883277204508E-7,700.0,35.85714285714286,0.0,-34.029850746268664,-85.5371900826446,700.0,849280.0
800.0,4.049136176,8.586726115266689E-7,800.0,36.875,0.0,-32.89473684210527,-76.57342657342654,800.0,849280.0
900.0,4.431010313,9.425739274208951E-7,900.0,36.333333333333336,0.0,-36.10451306413302,-80.18867924528298,900.0,849280.0
1000.0,4.843854675,1.0332796911142146E-6,1000.0,37.3,0.0,-32.27848101265823,-72.25274725274727,1000.0,849280.0
1100.0,5.463858487,1.1695003215420784E-6,1100.0,37.27272727272727,0.0,-31.931166347992345,-72.06982543640899,1100.0,849280.0
1200.0,5.817209686,1.2471348814570449E-6,1200.0,36.833333333333336,0.0,-33.21616871704746,-75.05773672055427,1200.0,849280.0
1300.0,6.180073853,1.32685952932489E-6,1300.0,37.38461538461538,0.0,-31.502423263327955,-70.64989517819707,1300.0,849280.0
1400.0,6.535328523,1.40491229960341E-6,1400.0,37.142857142857146,0.0,-32.330827067669176,-72.21135029354208,1400.0,849280.0
1500.0,6.890531858,1.4829537911027877E-6,1500.0,37.13333333333333,0.0,-31.88811188811188,-72.08029197080293,1500.0,849280.0
1600.0,7.573906755,1.6330976410053049E-6,1600.0,37.625,0.0,-30.287206266318538,-68.29679595278247,1600.0,849280.0
1700.0,7.922552252,1.7096983142237075E-6,1700.0,37.29411764705882,0.0,-32.09417596034696,-70.55999999999999,1700.0,849280.0
1800.0,8.329449729,1.799097491718518E-6,1800.0,37.44444444444445,0.0,-30.02309468822169,-69.32330827067668,1800.0,849280.0
1900.0,8.737316098,1.8887095438384553E-6,1900.0,37.57894736842105,0.0,-28.913043478260885,-68.22695035460991,1900.0,849280.0
2000.0,9.144538853,1.978180187949062E-6,2000.0,37.5,0.0,-30.072840790842864,-68.69095816464235,2000.0,849280.0
2100.0,9.953296474,2.155871793812865E-6,2100.0,37.523809523809526,0.0,-30.158730158730158,-68.42105263157896,2100.0,849280.0
2200.0,10.331387333,2.2389418881818857E-6,2200.0,38.31818181818182,0.0,-27.179006560449864,-62.70983213429254,2200.0,849280.0
2300.0,10.660073094,2.3111572209096823E-6,2300.0,38.173913043478265,0.0,-27.877697841726608,-63.636363636363626,2300.0,849280.0
2400.0,11.004384528,2.3868056599921856E-6,2400.0,38.416666666666664,0.0,-27.744165946413148,-61.883899233296844,2400.0,849280.0
2500.0,11.327838027,2.457871415871568E-6,2500.0,38.76,0.0,-26.11202635914332,-59.47916666666666,2500.0,849280.0
2600.0,12.134580058,2.635120177779947E-6,2600.0,38.80769230769231,0.0,-27.076677316293914,-59.10000000000001,2600.0,849280.0
2700.0,12.517646808,2.71928352189331E-6,2700.0,38.88888888888889,0.0,-26.436781609195414,-58.501440922190206,2700.0,849280.0
2800.0,12.900397277,2.8033773761158396E-6,2800.0,39.285714285714285,0.0,-25.832716506291625,-55.82034830430796,2800.0,849280.0
2900.0,13.341413904,2.9002728496538477E-6,2900.0,39.310344827586206,0.0,-25.714285714285722,-55.614500442086644,2900.0,849280.0
3000.0,13.716008773,2.982574842355504E-6,3000.0,39.7,0.0,-24.329896907216494,-53.04568527918781,3000.0,849280.0
3100.0,14.714014698,3.201846068827001E-6,3100.0,39.87096774193548,0.0,-24.101198402130503,-51.915240423797904,3100.0,849280.0
3200.0,15.089086757,3.284252904630225E-6,3200.0,39.875,0.0,-24.129032258064516,-51.854775059194935,3200.0,849280.0
3300.0,15.473916024,3.368803490196355E-6,3300.0,40.15151515151515,0.0,-23.360399750156166,-50.07598784194529,3300.0,849280.0
3400.0,15.85684564,3.452936704688623E-6,3400.0,40.1764705882353,0.0,-23.04900181488202,-49.88946204863667,3400.0,849280.0
3500.0,16.243530933,3.53789507650851E-6,3500.0,40.37142857142857,0.0,-22.118197776477466,-48.64672364672366,3500.0,849280.0
3600.0,17.365449393,3.7843910446814573E-6,3600.0,40.666666666666664,0.0,-21.501706484641648,-46.8041237113402,3600.0,849280.0
3700.0,17.732647057,3.865067802329713E-6,3700.0,40.72972972972973,0.0,-21.563192904656315,-46.39519359145528,3700.0,849280.0
3800.0,18.104869128,3.946848469140815E-6,3800.0,40.81578947368421,0.0,-20.58981233243967,-45.84954604409859,3800.0,849280.0
3900.0,18.409283137,4.013731071173999E-6,3900.0,41.05128205128205,0.0,-19.801980198019812,-44.40954773869346,3900.0,849280.0
4000.0,18.741310833,4.086680658246266E-6,4000.0,41.025,0.0,-20.418580908626847,-44.54656862745097,4000.0,849280.0
4100.0,19.860661951,4.33261255739416E-6,4100.0,41.02439024390244,0.0,-20.358387257341967,-44.53078302450687,4100.0,849280.0
4200.0,20.23951918,4.415851030412668E-6,4200.0,41.04761904761905,0.0,-20.428015564202344,-44.373177842565596,4200.0,849280.0
4300.0,20.613092148,4.497928501916614E-6,4300.0,41.18604651162791,0.0,-20.142517814726844,-43.530079455164596,4300.0,849280.0
4400.0,20.992473147,4.581282052097904E-6,4400.0,41.340909090909086,0.0,-19.823584029712176,-42.59668508287292,4400.0,849280.0
4500.0,21.370989749,4.664445686181903E-6,4500.0,41.31111111111111,0.0,-20.100045475216007,-42.756756756756765,4500.0,849280.0
4600.0,22.690852211,4.954431801060359E-6,4600.0,41.32608695652174,0.0,-20.276292335115862,-42.65327695560254,4600.0,849280.0
4700.0,23.11671001,5.04799673845207E-6,4700.0,41.42553191489362,0.0,-19.904181184668996,-42.053663570691455,4700.0,849280.0
4800.0,23.492605217,5.130584427561879E-6,4800.0,41.333333333333336,0.0,-20.187793427230037,-42.58227848101265,4800.0,849280.0
4900.0,23.869842836,5.213467057130754E-6,4900.0,41.55102040816326,0.0,-19.283631820074973,-41.29255056734091,4900.0,849280.0
5000.0,24.251843071,5.297396077933762E-6,5000.0,41.64,0.0,-18.859470468431773,-40.76218041485771,5000.0,849280.0
5100.0,25.551295505,5.582897918961962E-6,5100.0,41.431372549019606,0.0,-19.575660528422752,-41.96768060836501,5100.0,849280.0
5200.0,25.91981475,5.663865040303952E-6,5200.0,41.40384615384615,0.0,-19.724950884086436,-42.117537313432855,5200.0,849280.0
5300.0,26.318339318,5.751424611460189E-6,5300.0,41.16981132075472,0.0,-20.339637205712087,-43.48826507132995,5300.0,849280.0
5400.0,26.743711345,5.844882820204748E-6,5400.0,40.925925925925924,0.0,-21.43129044537494,-44.934120854157186,5400.0,849280.0
5500.0,27.149469201,5.934031612317946E-6,5500.0,40.74545454545454,0.0,-21.831775700934585,-46.01254480286737,5500.0,849280.0
5600.0,28.545396319,6.240729842820617E-6,5600.0,40.55357142857143,0.0,-22.479764532744674,-47.17064544650753,5600.0,849280.0
5700.0,28.957782924,6.331335033024039E-6,5700.0,40.29824561403509,0.0,-23.341790503805722,-48.732517482517466,5700.0,849280.0
5800.0,29.390978268,6.426512097609724E-6,5800.0,40.17241379310345,0.0,-23.795932929004625,-49.504523912106855,5800.0,849280.0
5900.0,29.797091106,6.5157388825850545E-6,5900.0,40.016949152542374,0.0,-24.612676056338035,-50.46768707482991,5900.0,849280.0
6000.0,30.211223903,6.606727727486212E-6,6000.0,39.96666666666667,0.0,-24.593566240055342,-50.774382586856426,6000.0,849280.0
6100.0,31.671242601,6.927507476946896E-6,6100.0,39.885245901639344,0.0,-24.855294518215853,-51.27887788778877,6100.0,849280.0
6200.0,32.082705445,7.0179097082275675E-6,6200.0,39.66129032258065,0.0,-25.663419549882448,-52.69387755102042,6200.0,849280.0
6300.0,32.497429531,7.109028464846664E-6,6300.0,39.55555555555556,0.0,-25.967581872312273,-53.36286749899316,6300.0,849280.0
6400.0,32.916706194,7.201147465169118E-6,6400.0,39.46875,0.0,-26.47730982696701,-53.91338895510527,6400.0,849280.0
6500.0,33.332268146,7.2924503087769145E-6,6500.0,39.36923076923077,0.0,-26.679524268723874,-54.54901960784312,6500.0,849280.0
6600.0,34.91514189,7.640222459725227E-6,6600.0,39.27272727272727,0.0,-27.44038155802861,-55.168408826945424,6600.0,849280.0
6700.0,35.324867512,7.730243007100972E-6,6700.0,39.08955223880597,0.0,-28.172110552763822,-56.36015325670499,6700.0,849280.0
6800.0,35.733247728,7.819967956207877E-6,6800.0,38.91176470588235,0.0,-28.646639826571697,-57.527493363670835,6800.0,849280.0
6900.0,36.135868827,7.908427573500261E-6,6900.0,38.7536231884058,0.0,-29.11701802627561,-58.57410881801125,6900.0,849280.0
7000.0,36.52076979,7.992993911347475E-6,7000.0,38.614285714285714,0.0,-29.701177180802894,-59.5025983667409,7000.0,849280.0
7100.0,38.07785309,8.335099660779059E-6,7100.0,38.45070422535211,0.0,-30.408833184124155,-60.60271958838664,7100.0,849280.0
7200.0,38.448071239,8.416440047203355E-6,7200.0,38.34722222222222,0.0,-30.674124227259338,-61.30087209302325,7200.0,849280.0
7300.0,38.857202016,8.506329901574737E-6,7300.0,38.21917808219178,0.0,-31.371977861928347,-62.17188061848259,7300.0,849280.0
7400.0,39.264843725,8.59589259379359E-6,7400.0,38.13513513513514,0.0,-31.778929188255624,-62.744400995378626,7400.0,849280.0
7500.0,39.670905363,8.685108129650538E-6,7500.0,37.98666666666667,0.0,-32.658300057045054,-63.767605633802795,7500.0,849280.0
7600.0,41.38712731,9.063087413827663E-6,7600.0,37.82894736842105,0.0,-33.21116436425149,-64.86392184228892,7600.0,851328.0
7700.0,41.799708968,9.153954052625781E-6,7700.0,37.84415584415585,0.0,-33.166388425153045,-64.75043029259894,7700.0,851328.0
7800.0,42.207070397,9.243670992561167E-6,7800.0,37.705128205128204,0.0,-33.96746622553074,-65.72305593451571,7800.0,851328.0
7900.0,42.618557853,9.334296645227258E-6,7900.0,37.68354430379747,0.0,-33.959183673469376,-65.86927223719675,7900.0,851328.0
8000.0,43.032198453,9.425396504524533E-6,8000.0,37.625,0.0,-34.139784946236574,-66.27790736421191,8000.0,851328.0
8100.0,44.887120516,9.833922986080532E-6,8100.0,37.641975308641975,0.0,-34.19234856535602,-66.15131578947368,8100.0,851328.0
8200.0,45.295560077,9.923877372904604E-6,8200.0,37.829268292682926,0.0,-33.31589958158997,-64.8237956676366,8200.0,851328.0
8300.0,45.725245785,1.001851099334914E-5,8300.0,37.78313253012048,0.0,-33.471181183768394,-65.1423089222897,8300.0,851328.0
8400.0,46.167209954,1.011584881176043E-5,8400.0,37.86904761904762,0.0,-33.34184977005619,-64.53341740226986,8400.0,851328.0
8500.0,46.59589031,1.0210261014322524E-5,8500.0,37.96470588235294,0.0,-32.78771090405439,-63.85954008701056,8500.0,851328.0
8600.0,48.513104504,1.063250666263688E-5,8600.0,38.01162790697674,0.0,-32.97580444000999,-63.52760736196319,8600.0,851328.0
8700.0,48.954483819,1.0729715673293059E-5,8700.0,38.03448275862069,0.0,-32.7178729689808,-63.36363636363637,8700.0,851328.0
8800.0,49.410614436,1.0830173498346691E-5,8800.0,38.15909090909091,0.0,-32.5054784514244,-62.49626754255,8800.0,851328.0
8900.0,49.846396473,1.0926149769184176E-5,8900.0,38.19101123595506,0.0,-32.26737196441452,-62.27138643067847,8900.0,851328.0
9000.0,50.276372311,1.1020847287616913E-5,9000.0,38.32222222222222,0.0,-31.821420090239837,-61.36627906976743,9000.0,851328.0
9100.0,52.291287363,1.1464610491067354E-5,9100.0,38.40659340659341,0.0,-31.60366283165063,-60.786001147446925,9100.0,851328.0
9200.0,52.735544911,1.1562453401348774E-5,9200.0,38.42391304347826,0.0,-31.46901833372014,-60.663641520136125,9200.0,851328.0
9300.0,53.176831016,1.165964188351262E-5,9300.0,38.53763440860215,0.0,-31.130993347097945,-59.888111888111894,9300.0,851328.0
9400.0,53.616185542,1.175640495633531E-5,9400.0,38.57446808510638,0.0,-30.92970521541949,-59.63505667680396,9400.0,851328.0
9500.0,54.064909603,1.1855231567698899E-5,9500.0,38.66315789473684,0.0,-30.41629364368844,-59.03384279475984,9500.0,851328.0
9600.0,55.879113782,1.2254790376586202E-5,9600.0,38.77083333333333,0.0,-30.18826135105204,-58.30864530029628,9600.0,851328.0
9700.0,56.309044234,1.2349477899244312E-5,9700.0,38.83505154639175,0.0,-30.081122560841916,-57.876530069185726,9700.0,851328.0
9800.0,56.700750605,1.2435746982317749E-5,9800.0,38.87755102040816,0.0,-29.569543586415737,-57.59010786635095,9800.0,851328.0
9900.0,57.135076042,1.2531402452791217E-5,9900.0,38.97979797979798,0.0,-29.219251336898395,-56.909090909090935,9900.0,851328.0
10000.0,57.571426224,1.262750385140765E-5,10000.0,39.0,0.0,-29.34690415606445,-56.772038036494465,10000.0,851328.0
