learning evaluation instances,evaluation time (cpu seconds),model cost (RAM-Hours),classified instances,classifications correct (percent),Kappa Statistic (percent),Kappa Temporal Statistic (percent),Kappa M Statistic (percent),model training instances,model serialized size (bytes)
100.0,0.697761727,1.4351671758773012E-7,100.0,35.0,0.0,-35.41666666666667,-91.17647058823532,100.0,795056.0
200.0,1.235050135,2.5402703325899524E-7,200.0,27.500000000000004,0.0,-93.33333333333333,-168.51851851851848,200.0,795056.0
300.0,1.668537067,3.4318729985214356E-7,300.0,30.0,0.0,-74.99999999999999,-135.9550561797753,300.0,795056.0
400.0,2.069440474,4.256457363298121E-7,400.0,29.75,0.0,-86.0927152317881,-138.13559322033896,400.0,795056.0
500.0,2.437773989,5.014051467486512E-7,500.0,28.999999999999996,0.0,-87.83068783068784,-146.52777777777774,500.0,795056.0
600.0,3.653765241,7.533643534252503E-7,600.0,34.0,-3.262145036376434,-69.95708154506438,-122.47191011235957,600.0,800944.0
700.0,4.039433743,8.332767126994208E-7,700.0,38.57142857142858,-2.8314520757604744,-54.67625899280576,-107.72946859903381,700.0,800944.0
800.0,4.516099904,9.320442223978705E-7,800.0,41.875,-2.470305647986961,-46.68769716088328,-97.03389830508472,800.0,800944.0
900.0,4.865609214,1.0044642240457816E-6,900.0,44.888888888888886,-1.7190148932679425,-39.718309859154914,-87.16981132075475,900.0,800944.0
1000.0,5.256947885,1.0855514694719804E-6,1000.0,46.9,-2.4123805188893988,-33.08270676691729,-78.18791946308723,1000.0,800944.0
1100.0,6.001796829,1.2398877352267463E-6,1100.0,49.63636363636363,-0.4271532346310546,-26.773455377574397,-71.51702786377713,1100.0,800944.0
1200.0,6.357212393,1.313531540968497E-6,1200.0,51.16666666666667,-0.1709401709401749,-23.368421052631554,-67.90830945558734,1200.0,800944.0
1300.0,6.754348373,1.3958200165631664E-6,1300.0,51.53846153846153,-1.809954751131238,-21.38728323699422,-61.95372750642678,1300.0,800944.0
1400.0,7.16181813,1.4802497002056822E-6,1400.0,52.35714285714286,-2.2007416065807632,-17.22319859402459,-56.94117647058822,1400.0,800944.0
1500.0,7.492499335,1.54876842839359E-6,1500.0,53.666666666666664,-1.6347349990055968,-15.257048092868992,-54.44444444444444,1500.0,800944.0
1600.0,8.817810606,1.8233792661701725E-6,1600.0,54.3125,-1.7577927885602733,-12.634822804314332,-51.65975103734441,1600.0,800944.0
1700.0,9.171073024,1.8965769297566018E-6,1700.0,55.529411764705884,-1.067611180663468,-10.043668122270727,-49.70297029702967,1700.0,800944.0
1800.0,9.536398492,1.9722741150321067E-6,1800.0,56.49999999999999,-0.47507157440887887,-7.70288858321873,-47.18045112781956,1800.0,800944.0
1900.0,9.951375974,2.0582594352236804E-6,1900.0,57.10526315789474,-0.5328859722701931,-6.3968668407310565,-45.01779359430606,1900.0,800944.0
2000.0,10.360329233,2.142996507580061E-6,2000.0,57.599999999999994,-0.6456513482719198,-4.950495049504955,-43.972835314091704,2000.0,800944.0
2100.0,11.600570138,2.399980358407688E-6,2100.0,58.666666666666664,0.30409766129209526,-2.965599051008293,-42.52873563218389,2100.0,800944.0
2200.0,11.966316006,2.4757646525750644E-6,2200.0,58.909090909090914,-0.050709530977097086,-2.49433106575964,-40.1550387596899,2200.0,800944.0
2300.0,12.337281738,2.5526305275434837E-6,2300.0,59.434782608695656,0.14889953934207234,-1.4130434782608503,-38.4272997032641,2300.0,800944.0
2400.0,12.727966207,2.6335822191845253E-6,2400.0,59.75,-0.07381220620798863,-0.5202913631633697,-37.21590909090908,2400.0,800944.0
2500.0,13.149554464,2.7209373235927025E-6,2500.0,60.199999999999996,0.02234676389921157,0.9950248756218913,-35.92896174863391,2500.0,800944.0
2600.0,14.672962659,3.0365947920370806E-6,2600.0,60.38461538461538,-0.2774667770043494,2.5543992431409506,-34.81675392670157,2600.0,800944.0
2700.0,15.067454323,3.11833535270188E-6,2700.0,60.7037037037037,-0.27302320697262494,4.328223624887287,-33.627204030226714,2700.0,800944.0
2800.0,15.481500844,3.2041277733190356E-6,2800.0,61.035714285714285,-0.301021265865363,4.882301656495209,-32.56379100850548,2800.0,800944.0
2900.0,15.887596935,3.288272826792519E-6,2900.0,61.41379310344828,-0.18832973139855738,6.04534005037785,-31.802120141342744,2900.0,800944.0
3000.0,16.290932682,3.3718459237792672E-6,3000.0,61.7,-0.24988308542790538,7.263922518159813,-31.16438356164382,3000.0,800944.0
3100.0,18.001840109,3.7263541303926E-6,3100.0,61.806451612903224,-0.3773997702783745,7.788161993769465,-29.967069154775,3100.0,800944.0
3200.0,18.451881068,3.819604770818767E-6,3200.0,61.84375,-0.6514315625908472,7.918552036199099,-29.06976744186046,3200.0,800944.0
3300.0,18.844078356,3.900869925796373E-6,3300.0,62.03030303030304,-0.6458038812491791,8.137829912023472,-28.118609406952938,3300.0,800944.0
3400.0,19.221752203,3.979125754295227E-6,3400.0,62.26470588235294,-0.6571721292561379,8.35714285714286,-27.408142999006955,3400.0,800944.0
3500.0,19.604104586,4.058350997842939E-6,3500.0,62.37142857142857,-0.7369235409045393,8.731808731808712,-26.756496631376358,3500.0,800944.0
3600.0,21.560259862,4.463675732430095E-6,3600.0,62.44444444444445,-0.8631140491757308,9.01749663526246,-25.884543761638724,3600.0,800944.0
3700.0,21.958423776,4.546177200868858E-6,3700.0,62.37837837837837,-1.1386741140841934,8.96010464355787,-25.179856115107913,3700.0,800944.0
3800.0,22.343639251,4.625995690780617E-6,3800.0,62.71052631578947,-0.9909665919196496,9.282970550576174,-24.626209322779243,3800.0,800944.0
3900.0,22.770222385,4.7143857576067365E-6,3900.0,62.871794871794876,-0.994673779263178,10.00621504039777,-23.972602739726014,3900.0,800944.0
4000.0,23.157685201,4.794669907328597E-6,4000.0,63.0,-1.0376843255051649,10.465819721718091,-23.436196830692257,4000.0,800944.0
4100.0,25.584767575,5.297572990295675E-6,4100.0,62.951219512195124,-1.1530463018124988,10.699588477366264,-22.697899838449093,4100.0,800944.0
4200.0,25.979645934,5.379393676015047E-6,4200.0,63.11904761904762,-1.125879943444857,11.181192660550447,-22.1608832807571,4200.0,800944.0
4300.0,26.391596872,5.464751881805955E-6,4300.0,63.32558139534884,-1.0613596300621813,11.154929577464786,-21.682098765432087,4300.0,800944.0
4400.0,26.766146552,5.542360367951359E-6,4400.0,63.38636363636364,-1.1121711186985144,11.532125205930809,-21.127819548872175,4400.0,800944.0
4500.0,27.135098293,5.618808934346399E-6,4500.0,63.48888888888888,-1.1224060499196156,12.044967880085638,-20.631424375917796,4500.0,800944.0
4600.0,29.647600412,6.139390597708183E-6,4600.0,63.65217391304348,-1.0799808227704104,12.689295039164481,-20.20129403306973,4600.0,800912.0
4700.0,30.057049373,6.224226992299552E-6,4700.0,63.59574468085106,-1.2416858364119476,12.793068297655456,-19.81792717086836,4700.0,800912.0
4800.0,30.47501071,6.310827121466E-6,4800.0,63.5625,-1.3575674570155027,13.071570576540758,-19.38566552901025,4800.0,800912.0
4900.0,30.866470725,6.391936269278157E-6,4900.0,63.65306122448979,-1.2855884751997635,13.543689320388353,-19.050802139037444,4900.0,800912.0
5000.0,31.254516397,6.472337977146369E-6,5000.0,63.75999999999999,-1.2261548719947597,13.549618320610676,-18.664047151277032,5000.0,800912.0
5100.0,33.718999827,6.982990737903585E-6,5100.0,63.745098039215684,-1.29569633741814,13.67880485527545,-18.222506393861902,5100.0,800944.0
5200.0,34.099500709,7.061832341583531E-6,5200.0,63.76923076923077,-1.332230037236278,14.090287277701774,-17.823639774859295,5200.0,800944.0
5300.0,34.494411231,7.143659691630422E-6,5300.0,63.698113207547166,-1.4295547412438492,14.374721851357364,-17.38865161683955,5300.0,800944.0
5400.0,34.95310051,7.238702305348092E-6,5400.0,63.70370370370371,-1.4691941674003457,14.373088685015295,-17.0149253731343,5400.0,800944.0
5500.0,35.32328914,7.3154071610632025E-6,5500.0,63.727272727272734,-1.5126283652511876,14.487783969138468,-16.734932709186637,5500.0,800944.0
5600.0,38.366466009,7.94591758637335E-6,5600.0,63.92857142857142,-1.4188053345287732,14.839797639123095,-16.49365628604386,5600.0,800880.0
5700.0,38.757829445,8.027003483482015E-6,5700.0,63.807017543859644,-1.5501749801979394,14.892739273927372,-16.159909909909917,5700.0,800880.0
5800.0,39.148991633,8.108047684374017E-6,5800.0,63.724137931034484,-1.6318122096757643,15.127067365873344,-15.795266923500268,5800.0,800880.0
5900.0,39.542869906,8.189654626106346E-6,5900.0,63.62711864406779,-1.716946451065578,15.345167652859962,-15.438407746100074,5900.0,800880.0
6000.0,39.91876777,8.267536238745476E-6,6000.0,63.68333333333334,-1.7062756366093963,15.575358388221632,-15.169133192388989,6000.0,800880.0
6100.0,43.516116286,9.012834725657677E-6,6100.0,63.65573770491804,-1.7432456303752262,15.831435079726669,-14.87046632124353,6100.0,800848.0
6200.0,44.041810374,9.12174800070525E-6,6200.0,63.564516129032256,-1.1797001986635565,15.708955223880592,-14.43768996960488,6200.0,800848.0
6300.0,44.417981659,9.199683148852103E-6,6300.0,63.36507936507937,-1.3259819430081219,15.48883192969609,-14.087988136431026,6300.0,800848.0
6400.0,44.820914377,9.283162729359009E-6,6400.0,63.31250000000001,-1.298930669095223,15.751704341585937,-13.759689922480604,6400.0,800848.0
6500.0,45.222805849,9.36642658457134E-6,6500.0,63.26153846153846,-1.0777853532936188,15.64818085482161,-13.498098859315588,6500.0,800848.0
6600.0,48.883571403,1.0124894115632637E-5,6600.0,62.95454545454545,-1.0810542646846804,15.631469979296059,-13.404452690166984,6600.0,800880.0
6700.0,49.288379355,1.0208765558197959E-5,6700.0,63.07462686567165,-1.0339525963649938,15.821708063967352,-13.226544622425635,6700.0,800880.0
6800.0,49.688291597,1.0291622667279828E-5,6800.0,62.98529411764706,-0.903697561983271,15.903775476110937,-13.02200269420744,6800.0,800880.0
6900.0,50.091630356,1.0375189710349765E-5,6900.0,62.88405797101449,-1.0054763100205892,15.784281486353184,-12.819383259911904,6900.0,800880.0
7000.0,50.453547295,1.0450174639901632E-5,7000.0,62.828571428571436,-0.9891659816325387,15.79288025889968,-12.54325259515569,7000.0,800880.0
7100.0,54.270323568,1.1240981553945091E-5,7100.0,62.87323943661972,-0.9843867981081478,15.89023611997447,-12.361466325660682,7100.0,800896.0
7200.0,54.68072775,1.1326014168241568E-5,7200.0,62.625,-1.0093637711330226,15.483668341708528,-12.265331664580744,7200.0,800896.0
7300.0,55.08064269,1.1408873491649774E-5,7300.0,62.57534246575342,-1.0568312170123448,15.600864998455355,-12.059064807219018,7300.0,800896.0
7400.0,55.465927004,1.1488701461012046E-5,7400.0,62.32432432432432,-0.4618541793596237,15.232593493463042,-12.283527990334298,7400.0,800896.0
7500.0,55.867901314,1.1571987470167094E-5,7500.0,61.986666666666665,-0.24101911726209505,14.461446144614468,-13.134920634920643,7500.0,800896.0
7600.0,60.061279113,1.2440771274334351E-5,7600.0,61.76315789473684,-0.4009838619974718,14.277286135693215,-13.250194855806713,7600.0,800848.0
7700.0,60.454684747,1.2522277034051222E-5,7700.0,61.50649350649351,0.06626693990796573,13.937282229965161,-13.563218390804607,7700.0,800848.0
7800.0,61.132384712,1.2662682879147536E-5,7800.0,61.53846153846154,0.3914615560845997,14.064737897450605,-13.293051359516623,7800.0,800848.0
7900.0,61.518306677,1.27426381726926E-5,7900.0,61.58227848101265,0.3772422755330928,14.458850056369771,-13.119642191576625,7900.0,800848.0
8000.0,61.901382154,1.2822003730995173E-5,8000.0,61.4875,0.24906975215729524,14.345287739783153,-12.939882697947239,8000.0,800848.0
8100.0,66.207459019,1.3714118698297406E-5,8100.0,61.34567901234568,0.30517244334348126,14.172149122807024,-12.828828828828845,8100.0,800832.0
8200.0,66.619141624,1.3799409375917132E-5,8200.0,61.23170731707317,0.3947254193021439,14.127498649378703,-12.730496453900722,8200.0,800832.0
8300.0,67.002944759,1.3878924101725683E-5,8300.0,61.18072289156626,0.859884594923706,14.034151547492,-12.186629526462385,8300.0,800832.0
8400.0,67.418932773,1.3965106755947238E-5,8400.0,61.011904761904766,1.1711168763089013,13.702239789196312,-12.465659340659322,8400.0,800832.0
8500.0,67.830367243,1.4050346025997068E-5,8500.0,60.83529411764705,1.0791052529646596,13.5773624091381,-12.3144399460189,8500.0,800832.0
8600.0,72.909854932,1.5102587882731784E-5,8600.0,60.72093023255813,1.2222937013860342,13.317936874518852,-12.263210368893333,8600.0,800752.0
8700.0,73.318280416,1.5187195310869195E-5,8700.0,60.41379310344828,1.1519929142235228,12.544438801422045,-13.177785080512647,8700.0,800752.0
8800.0,73.735091515,1.5273539862046903E-5,8800.0,60.18181818181818,1.3618028802230666,12.070263488080306,-13.655530327602985,8800.0,800752.0
8900.0,74.14771151,1.5359016204593202E-5,8900.0,59.98876404494382,1.6924962101256682,11.81277860326895,-13.915547024952016,8900.0,800752.0
9000.0,74.563246994,1.5445096505598796E-5,9000.0,59.91111111111111,2.4344515273010536,11.633602743081076,-13.494809688581306,9000.0,800752.0
9100.0,79.827655891,1.6535776479465757E-5,9100.0,59.747252747252745,2.7968296182244416,11.307506053268767,-13.616625310173697,9100.0,800848.0
9200.0,80.23889001,1.662097594381962E-5,9200.0,59.597826086956516,3.177987672750646,10.948730234786769,-13.669724770642212,9200.0,800848.0
9300.0,80.652200103,1.670660550836372E-5,9300.0,59.40860215053764,3.3793065184064277,10.545023696682465,-13.979468599033822,9300.0,800848.0
9400.0,81.073160488,1.679382006002449E-5,9400.0,59.180851063829785,3.415523247724318,10.20360402527498,-14.537313432835807,9400.0,800848.0
9500.0,81.481666604,1.687845433685228E-5,9500.0,59.021052631578954,3.6721453918073528,9.946796206338202,-14.702416028285198,9500.0,800848.0
9600.0,87.241639365,1.807168599872885E-5,9600.0,58.71875,3.406497150038729,9.313501144164753,-15.741822429906543,9600.0,800768.0
9700.0,87.655597327,1.8157441221442533E-5,9700.0,58.453608247422686,3.25912152323316,8.575317604355725,-16.575065085334096,9700.0,800768.0
9800.0,88.0603186,1.8241282978550904E-5,9800.0,58.3469387755102,3.635523764135625,8.434275459847468,-16.462196861626243,9800.0,800768.0
9900.0,88.474927888,1.8327173129473044E-5,9900.0,58.1010101010101,3.5215575935787933,7.801733718604123,-17.208250918338514,9900.0,800768.0
10000.0,88.887307164,1.8412601312772215E-5,10000.0,57.99999999999999,3.8707671552228713,7.672015827654414,-17.08948982436577,10000.0,800768.0
