learning evaluation instances,evaluation time (cpu seconds),model cost (RAM-Hours),classified instances,classifications correct (percent),Kappa Statistic (percent),Kappa Temporal Statistic (percent),Kappa M Statistic (percent),model training instances,model serialized size (bytes)
100.0,0.105797406,8.323066344012817E-9,100.0,100.0,?,?,?,100.0,304096.0
200.0,0.208726971,1.6995470800306648E-8,200.0,96.0,53.703703703703674,-100.0,-33.33333333333333,200.0,325688.0
300.0,0.27366094,2.2469888707769828E-8,300.0,91.66666666666666,26.122931442080354,-525.0000000000014,-316.66666666666646,300.0,325888.0
400.0,0.311753916,2.5681804894546253E-8,400.0,91.5,20.671955202986478,-749.999999999999,-466.6666666666659,400.0,325928.0
500.0,0.343879724,2.839084851441077E-8,500.0,89.60000000000001,13.7244491637909,-766.6666666666657,-549.9999999999993,500.0,325960.0
600.0,0.596948157,4.978087516432628E-8,600.0,91.0,18.264379414732655,-575.000000000001,-439.9999999999982,600.0,326720.0
700.0,0.637748048,5.3237667105315874E-8,700.0,90.42857142857143,15.367402916125355,-458.3333333333341,-204.54545454545422,700.0,327504.0
800.0,0.673837959,5.6302872734854203E-8,800.0,87.625,53.22576834943658,-661.5384615384623,18.852459016393407,800.0,328304.0
900.0,0.706049345,5.90397989217461E-8,900.0,87.66666666666667,64.51104100946374,-296.42857142857156,44.7761194029851,900.0,328440.0
1000.0,0.733243181,6.135090213636764E-8,1000.0,87.6,67.28111328650664,-93.75000000000017,51.75097276264592,1000.0,328512.0
1100.0,0.768773332,6.437040429622349E-8,1100.0,83.45454545454545,57.92791846170012,-89.58333333333327,44.00000000000001,1100.0,328504.0
1200.0,0.792307305,6.637066415915473E-8,1200.0,82.75,55.944323841144175,-76.92307692307685,42.33983286908079,1200.0,328544.0
1300.0,0.814938907,6.829422738897718E-8,1300.0,80.23076923076923,50.637676705593094,-105.60000000000005,38.66348448687349,1300.0,328544.0
1400.0,0.837474927,7.021013307478279E-8,1400.0,78.78571428571428,48.71959311130733,-104.82758620689667,37.866108786610866,1400.0,328624.0
1500.0,0.85963374,7.209401626797394E-8,1500.0,76.73333333333333,44.61841186551848,-94.97206703910624,34.76635514018691,1500.0,328632.0
1600.0,0.88628,7.435968597526559E-8,1600.0,75.8125,43.58004308035471,-73.54260089686092,34.84848484848486,1600.0,328672.0
1700.0,0.909832722,7.636246555346375E-8,1700.0,75.29411764705883,43.44903839604365,-74.99999999999994,35.68147013782542,1700.0,328696.0
1800.0,0.932144372,7.825985048034746E-8,1800.0,75.33333333333333,44.03361344537814,-56.33802816901409,36.571428571428555,1800.0,328720.0
1900.0,0.954040688,8.012200599619705E-8,1900.0,75.52631578947368,45.81895251201367,-53.97350993377484,39.453125,1900.0,328736.0
2000.0,0.977291959,8.20994888698827E-8,2000.0,75.9,46.79441893323914,-44.31137724550894,40.346534653465355,2000.0,328752.0
2100.0,1.004382706,8.440334474637691E-8,2100.0,76.52380952380953,49.41722071739309,-32.88409703504043,44.10430839002269,2100.0,328728.0
2200.0,1.026943738,8.632198383569304E-8,2200.0,77.0,51.33488089461283,-27.13567839195979,47.01570680628272,2200.0,328728.0
2300.0,1.049071623,8.820383296076209E-8,2300.0,77.6086956521739,53.04112717152576,-26.535626535626545,49.261083743842356,2300.0,328736.0
2400.0,1.071735043,9.013122625199044E-8,2400.0,77.625,53.293381924451836,-24.593967517401406,49.7191011235955,2400.0,328736.0
2500.0,1.093601539,9.199089100367908E-8,2500.0,78.0,54.22099109057253,-19.825708061002175,50.805008944543836,2500.0,328744.0
2600.0,1.120317991,9.42631924842505E-8,2600.0,78.15384615384615,55.38109763466642,-23.747276688453177,53.36617405582923,2600.0,328768.0
2700.0,1.142962234,9.618923607005014E-8,2700.0,78.74074074074075,57.192859178924905,-25.054466230936768,56.449165402124436,2700.0,328784.0
2800.0,1.164879054,9.805340748801828E-8,2800.0,79.14285714285715,58.41708236021711,-27.233115468409558,57.74240231548481,2800.0,328784.0
2900.0,1.187140429,9.994702381887991E-8,2900.0,79.27586206896552,58.96447998915075,-30.9368191721133,56.512301013024604,2900.0,328808.0
3000.0,1.209317099,1.0183348079674566E-7,3000.0,79.46666666666667,59.51927828656144,-34.20479302832244,55.426917510853826,3000.0,328816.0
3100.0,1.237173633,1.0420303738090105E-7,3100.0,79.83870967741935,60.329322926477694,-36.16557734204795,54.77568740955137,3100.0,328808.0
3200.0,1.259798002,1.0612762466833823E-7,3200.0,79.71875,60.13409440971279,-40.17278617710583,53.242074927953894,3200.0,328824.0
3300.0,1.281725589,1.0799293879861839E-7,3300.0,79.84848484848484,60.383424186384396,-40.591966173361556,53.20197044334976,3300.0,328824.0
3400.0,1.303901989,1.098794187053562E-7,3400.0,80.08823529411765,60.77670908784803,-41.92872117400421,52.55781359495445,3400.0,328824.0
3500.0,1.327192537,1.1186067584442803E-7,3500.0,80.2,60.97041185508253,-42.59259259259252,52.92119565217392,3500.0,328824.0
3600.0,1.353622163,1.1410896494417347E-7,3600.0,80.30555555555556,61.1645167474598,-43.81338742393513,53.20132013201319,3600.0,328824.0
3700.0,1.375423617,1.1596354931804247E-7,3700.0,80.56756756756756,61.653222784065676,-44.66800804828979,53.939782190903266,3700.0,328824.0
3800.0,1.397557211,1.1784643365442131E-7,3800.0,80.86842105263158,62.1921077769901,-40.34749034749039,54.132492113564666,3800.0,328832.0
3900.0,1.420312374,1.1978219428979067E-7,3900.0,80.74358974358974,61.987810765772544,-40.373831775701014,54.123396456933406,3900.0,328832.0
4000.0,1.442560846,1.216748511912032E-7,4000.0,80.77499999999999,61.99150665865307,-43.738317757009334,53.02382406841784,4000.0,328832.0
4100.0,1.468666,1.2389548440266193E-7,4100.0,80.2439024390244,60.970617609126556,-50.837988826815604,50.819672131147556,4100.0,328816.0
4200.0,1.490459257,1.2574932637885006E-7,4200.0,80.23809523809524,60.92026388574996,-51.736745886654425,50.23980815347723,4200.0,328816.0
4300.0,1.512574243,1.2763053621130478E-7,4300.0,80.04651162790698,60.486914650707504,-56.56934306569339,48.62275449101797,4300.0,328816.0
4400.0,1.534497164,1.2949545341894444E-7,4400.0,79.97727272727273,60.33756655766421,-57.885304659498175,48.41920374707261,4400.0,328824.0
4500.0,1.558245457,1.3151579700255558E-7,4500.0,80.04444444444444,60.46649728861413,-60.07130124777183,48.42044801838023,4500.0,328848.0
4600.0,1.594803303,1.3462558777287602E-7,4600.0,80.19565217391305,60.654539609478505,-62.09964412811389,47.853463079564975,4600.0,328816.0
4700.0,1.621903146,1.3693083413882802E-7,4700.0,80.4468085106383,61.11482420691995,-62.65486725663717,48.63051984348799,4700.0,328816.0
4800.0,1.644396468,1.3884432020290443E-7,4800.0,80.4375,61.033302209772785,-62.738301559792035,48.26446280991735,4800.0,328832.0
4900.0,1.666793728,1.4074968071513291E-7,4900.0,80.46938775510203,61.01917245231826,-64.15094339622644,47.73347897323867,4900.0,328840.0
5000.0,1.689313026,1.426654231395324E-7,5000.0,80.54,60.9892328678984,-64.63620981387483,47.09081022294726,5000.0,328840.0
5100.0,1.71599927,1.4493565242370799E-7,5100.0,80.82352941176471,61.381752502544195,-64.92411467116351,47.19222462203024,5100.0,328840.0
5200.0,1.738799436,1.4687528860994925E-7,5200.0,81.11538461538461,61.78494196196574,-64.48911222780578,47.090517241379295,5200.0,328840.0
5300.0,1.761920907,1.4884225857984896E-7,5300.0,81.35849056603773,62.08735864935889,-63.847429519071355,46.93877551020407,5300.0,328840.0
5400.0,1.787548958,1.5102246617581282E-7,5400.0,81.4074074074074,62.03284772129858,-64.86042692939249,46.70912951167728,5400.0,328840.0
5500.0,1.816125011,1.5345346367200423E-7,5500.0,81.58181818181818,62.2143304364433,-64.71544715447159,46.628029504741825,5500.0,328840.0
5600.0,1.848777228,1.5623122509945185E-7,5600.0,81.91071428571428,62.659785942786414,-64.18152350081037,46.68421052631578,5600.0,328840.0
5700.0,1.871668698,1.5817862862134973E-7,5700.0,82.05263157894737,62.81514437756258,-63.157894736842145,46.801872074882986,5700.0,328840.0
5800.0,1.893500999,1.6003592742560017E-7,5800.0,82.17241379310344,62.87268311786753,-61.8153364632237,46.67354306343477,5800.0,328840.0
5900.0,1.914669146,1.6183672588982516E-7,5900.0,82.1864406779661,62.775064353772855,-62.442040185471434,46.5683782409761,5900.0,328840.0
6000.0,1.936112999,1.6366097897865085E-7,6000.0,82.35,62.99217092794483,-61.18721461187208,46.70357322596881,6000.0,328840.0
6100.0,1.961119884,1.6578839502728442E-7,6100.0,82.14754098360656,62.50557937569241,-62.295081967213115,46.27528367044895,6100.0,328848.0
6200.0,1.983252988,1.6767132929341454E-7,6200.0,82.03225806451613,62.16996349435436,-61.68359941944854,46.05326876513316,6200.0,328848.0
6300.0,2.006144242,1.6961876181581574E-7,6300.0,82.0952380952381,62.213550863833845,-61.373390557939935,46.208869814020034,6300.0,328848.0
6400.0,2.028045997,1.7148201447924184E-7,6400.0,82.3125,62.5493991972065,-60.113154172560115,46.57857479943369,6400.0,328848.0
6500.0,2.050008539,1.7335043848805334E-7,6500.0,82.44615384615385,62.794050660090186,-59.803921568627494,47.05336426914153,6500.0,328848.0
6600.0,2.0766875,1.756201034140235E-7,6600.0,82.36363636363636,62.5596519135398,-61.218836565097,46.849315068493134,6600.0,328848.0
6700.0,2.098941693,1.7751333911041625E-7,6700.0,82.47761194029852,62.72816312837409,-60.60191518467847,47.188484030589315,6700.0,328848.0
6800.0,2.121286776,1.7941435335663042E-7,6800.0,82.61764705882354,62.93133894811448,-59.94587280108259,47.30271957200178,6800.0,328856.0
6900.0,2.143344624,1.812909310041078E-7,6900.0,82.84057971014492,63.19590512998518,-59.78407557354932,47.26057906458797,6900.0,328856.0
7000.0,2.164937854,1.8312798114403253E-7,7000.0,82.91428571428571,63.28522668916683,-59.679572763684895,47.52084247476965,7000.0,328856.0
7100.0,2.192244194,1.8545107573052247E-7,7100.0,83.14084507042253,63.619781058605405,-59.17553191489363,47.77486910994762,7100.0,328856.0
7200.0,2.217511095,1.8760066446817376E-7,7200.0,83.30555555555556,63.80842855798685,-59.628154050464765,47.852494577006496,7200.0,328856.0
7300.0,2.238886289,1.8941925361027528E-7,7300.0,83.32876712328768,63.811412165126946,-60.766182298546845,47.92468977321353,7300.0,328872.0
7400.0,2.260345994,1.9124503289937559E-7,7400.0,83.52702702702702,64.0238074765201,-61.0303830911493,47.83910997004707,7400.0,328872.0
7500.0,2.281689611,1.9306093548858124E-7,7500.0,83.74666666666667,64.29008334149671,-60.60606060606065,47.88371098760154,7500.0,328872.0
7600.0,2.304907992,1.9503634191454284E-7,7600.0,83.96052631578948,64.53360953863833,-60.60606060606055,47.88371098760154,7600.0,328872.0
7700.0,2.326743564,1.9689414494162631E-7,7700.0,84.14285714285714,64.71783726725863,-60.86956521739138,47.798204360837964,7700.0,328880.0
7800.0,2.347923742,1.986961860698627E-7,7800.0,84.34615384615385,64.94333761452734,-60.86956521739126,47.798204360837964,7800.0,328880.0
7900.0,2.36925412,2.0051100643807814E-7,7900.0,84.54430379746836,65.16037230461433,-60.86956521739124,47.79820436083797,7900.0,328880.0
8000.0,2.390690335,2.023348315760783E-7,8000.0,84.7,65.29658343588065,-61.26482213438731,47.66994442069261,8000.0,328880.0
8100.0,2.414102496,2.0432677314629985E-7,8100.0,84.88888888888889,65.49862017448211,-61.26482213438727,47.66994442069262,8100.0,328880.0
8200.0,2.435375425,2.061367496945026E-7,8200.0,85.07317073170732,65.69347491725014,-61.26482213438742,47.6699444206926,8200.0,328888.0
8300.0,2.456500546,2.0793415021174897E-7,8300.0,85.25301204819277,65.88152393441723,-61.264822134387344,47.669944420692595,8300.0,328888.0
8400.0,2.477776284,2.0974436575967405E-7,8400.0,85.40476190476191,66.01601534545995,-61.52832674571814,47.58443779392904,8400.0,328888.0
8500.0,2.499036133,2.1155322941490138E-7,8500.0,85.5764705882353,66.1918033307027,-61.52832674571794,47.584437793929034,8500.0,328888.0
8600.0,2.523499133,2.1363462856302451E-7,8600.0,85.74418604651163,66.36175640916758,-61.528326745718076,47.58443779392904,8600.0,328888.0
8700.0,2.544881418,2.1545390950910334E-7,8700.0,85.9080459770115,66.52616035394611,-61.52832674571809,47.584437793929034,8700.0,328888.0
8800.0,2.566237454,2.1727095709679442E-7,8800.0,86.06818181818183,66.72956578025071,-60.68152031454785,47.71855010660982,8800.0,328888.0
8900.0,2.587989771,2.191217216830473E-7,8900.0,86.2247191011236,66.92828662919422,-60.261437908496774,47.851977881752426,8900.0,328888.0
9000.0,2.612641398,2.2121916988799556E-7,9000.0,86.35555555555555,67.03291393066996,-60.52287581699357,47.76690769885155,9000.0,328888.0
9100.0,2.638765928,2.2344199199238999E-7,9100.0,86.50549450549451,67.17845307797606,-60.522875816993384,47.76690769885156,9100.0,328896.0
9200.0,2.660409402,2.252835406220911E-7,9200.0,86.6195652173913,67.25253473916996,-60.91503267973848,47.6393024245002,9200.0,328896.0
9300.0,2.681772959,2.2710127233738286E-7,9300.0,86.58064516129032,67.15251868047675,-60.4113110539846,47.60705289672545,9300.0,328896.0
9324.0,2.692603738,2.2802281599650366E-7,9324.0,86.58301158301158,67.13144251199877,-59.974424552429674,47.59111855886049,9324.0,328896.0
