learning evaluation instances,evaluation time (cpu seconds),model cost (RAM-Hours),classified instances,classifications correct (percent),Kappa Statistic (percent),Kappa Temporal Statistic (percent),Kappa M Statistic (percent),model training instances,model serialized size (bytes)
10000.0,69.130749269,1.2189853186654548E-7,10000.0,87.72,72.43923828338828,73.61976369495166,66.06797457861288,10000.0,6816.0
20000.0,377.38277803,6.654405901861688E-7,20000.0,87.935,72.8329993694959,74.05097322292718,66.40211640211639,20000.0,6816.0
30000.0,877.993799085,1.548170043404773E-6,30000.0,81.09666666666666,59.68005573210253,60.127961752091664,50.682668058092,30000.0,6816.0
40000.0,1622.110442144,2.86027395209233E-6,40000.0,78.8175,55.34646149824663,55.883578048526495,46.23730964467004,40000.0,6816.0
50000.0,2653.347941966,4.678659237414251E-6,50000.0,79.182,56.715255838611725,56.92886994662142,48.12876862510589,50000.0,6816.0
60000.0,3914.753628416,6.902901024061839E-6,60000.0,77.63166666666666,51.60663693718249,52.756265840608286,41.84756705229863,60000.0,6816.0
70000.0,5380.58084826,9.487600133480131E-6,70000.0,76.61571428571429,47.533637352116756,49.737464304357175,37.10761901102702,70000.0,6816.0
80000.0,7103.720086367,1.2526018573146488E-5,80000.0,75.96625,44.74227670105633,47.65456970950968,33.649665263303206,80000.0,6816.0
90000.0,9089.556282116,1.60276516286094E-5,90000.0,73.83888888888889,39.29625922571386,43.47753024774341,29.285800096107646,90000.0,6816.0
100000.0,11306.744707896,1.9937229013955E-5,100000.0,72.184,35.62134698908561,40.358927078196366,25.936576403866123,100000.0,6816.0