learning evaluation instances,evaluation time (cpu seconds),model cost (RAM-Hours),classified instances,classifications correct (percent),Kappa Statistic (percent),Kappa Temporal Statistic (percent),Kappa M Statistic (percent),model training instances,model serialized size (bytes)
1000.0,88.944352322,6.568255985208743E-4,1000.0,82.8,46.68485167849724,-168.75000000000028,33.07392996108948,1000.0,2.8545264E7
2000.0,179.811096483,0.0013293225755827858,2000.0,70.25,33.66008991008992,-78.14371257485026,26.361386138613867,2000.0,2.8608016E7
3000.0,270.420405348,0.0020008644880388842,3000.0,76.53333333333333,53.60199652014973,-53.37690631808278,49.059334298118664,3000.0,2.8648552E7
4000.0,361.432793632,0.0026757931063502646,4000.0,78.10000000000001,55.49317600137179,-63.73831775700928,46.48747709224191,4000.0,2.8665512E7
5000.0,452.002598585,0.003348306360374017,5000.0,80.10000000000001,57.741932743843925,-68.35871404399323,45.89450788471997,5000.0,2.8702504E7
6000.0,542.979522205,0.0040242749218620645,6000.0,81.88333333333333,59.295056789699366,-65.44901065449007,45.29441368897836,6000.0,2.8720872E7
7000.0,632.35721565,0.0046887331999223274,7000.0,82.0,58.45533350145891,-68.22429906542064,44.71259324265028,7000.0,2.8736968E7
8000.0,719.954683184,0.005340160019048149,8000.0,83.775,60.12848273901965,-71.01449275362312,44.506199230440366,8000.0,2.8745936E7
9000.0,808.741951457,0.00600082593332103,9000.0,85.4888888888889,61.68723497811375,-70.71895424836605,44.449170565716734,9000.0,2.876296E7
9324.0,838.81049472,0.006224603438006634,9324.0,85.73573573573574,61.80940748057553,-70.07672634271093,44.28152492668623,9324.0,2.8767784E7