learning evaluation instances,evaluation time (cpu seconds),model cost (RAM-Hours),classified instances,classifications correct (percent),Kappa Statistic (percent),Kappa Temporal Statistic (percent),Kappa M Statistic (percent),model training instances,model serialized size (bytes)
100.0,0.537229766,1.1049825409346986E-7,100.0,56.00000000000001,3.0409872190392555,12.00000000000001,-4.76190476190474,100.0,795056.0
200.0,0.983231251,2.0223253341781182E-7,200.0,53.5,6.155398587285586,3.1250000000000027,0.0,200.0,795056.0
300.0,1.326902367,2.729193432405467E-7,300.0,56.99999999999999,14.403255772803671,13.99999999999999,6.5217391304347645,300.0,795056.0
400.0,1.662636208,3.4197360199246143E-7,400.0,57.25,14.61100569259963,18.181818181818187,8.064516129032254,400.0,795056.0
500.0,1.993226099,4.0996984510541376E-7,500.0,55.800000000000004,11.404380872967524,12.648221343873528,5.555555555555561,500.0,795056.0
600.0,2.745564054,5.658516416071355E-7,600.0,53.5,7.000000000000006,7.000000000000006,0.7117437722420092,600.0,800912.0
700.0,3.086392491,6.364701033042246E-7,700.0,52.85714285714286,6.073124715373111,8.077994428969358,-2.1671826625387016,700.0,800912.0
800.0,3.397491898,7.009288138231965E-7,800.0,51.87500000000001,4.176414953457131,4.7029702970297125,-3.773584905660369,800.0,800912.0
900.0,3.705485794,7.647440733099314E-7,900.0,51.22222222222222,2.809209878972765,2.227171492204914,-4.275534441805229,900.0,800912.0
1000.0,4.015543726,8.289869938465787E-7,1000.0,50.3,0.9683975610728153,-0.6072874493927131,-5.970149253731349,1000.0,800912.0
1100.0,4.359581831,9.002690634960432E-7,1100.0,50.727272727272734,2.0513039563913185,-1.1194029850746112,-6.274509803921561,1100.0,800896.0
1200.0,4.712919092,9.734778472973406E-7,1200.0,50.916666666666664,2.328203767577605,-1.903114186851209,-5.178571428571429,1200.0,800896.0
1300.0,5.070634361,1.0475937209431826E-6,1300.0,50.76923076923077,1.8972043061467534,-2.0733652312599697,-4.234527687296421,1300.0,800896.0
1400.0,5.398875506,1.1156027810434003E-6,1400.0,50.42857142857143,1.0028101507781506,-2.967359050445093,-3.273809523809517,1400.0,800896.0
1500.0,5.713209408,1.1807303665344086E-6,1500.0,51.13333333333333,2.3423621868205164,-1.523545706371208,-1.1034482758620854,1500.0,800896.0
1600.0,6.044395593,1.2493523581453081E-6,1600.0,50.81250000000001,1.5890184848835527,-2.473958333333327,-1.9430051813471318,1600.0,800928.0
1700.0,6.350224134,1.3127202295282152E-6,1700.0,50.76470588235294,1.4434732015460006,-2.1978021978021807,-2.1978021978021807,1700.0,800928.0
1800.0,6.655802044,1.3760361700059142E-6,1800.0,50.33333333333333,0.5782918149466074,-2.7586206896551904,-2.995391705069132,1800.0,800928.0
1900.0,6.962552921,1.4395951500042196E-6,1900.0,50.21052631578947,0.4643961133822068,-3.0501089324618738,-3.162486368593244,1900.0,800928.0
2000.0,7.269121689,1.5031163969000098E-6,2000.0,50.3,0.5482851082563084,-2.792140641158212,-3.1120331950207496,2000.0,800928.0
2100.0,7.601517039,1.571982049007333E-6,2100.0,50.04761904761905,-0.07632131272657686,-2.3414634146341284,-4.482071713147394,2100.0,800848.0
2200.0,7.907861573,1.6354504943493753E-6,2200.0,49.95454545454546,-0.19972101935490733,-2.323420074349429,-3.966005665722382,2200.0,800848.0
2300.0,8.233736845,1.7029653170204244E-6,2300.0,50.08695652173913,0.039675208446280516,-1.5929203539822825,-3.7974683544303667,2300.0,800848.0
2400.0,8.612245094,1.7813846372527505E-6,2400.0,50.33333333333333,0.5805031026889999,-0.5907172995780615,-2.7586206896551904,2400.0,800848.0
2500.0,8.962636072,1.8539786226755091E-6,2500.0,50.36000000000001,0.6990276346364591,-0.6488240064882361,-2.0559210526315574,2500.0,800848.0
2600.0,9.306407591,1.925202611854354E-6,2600.0,50.26923076923077,0.579171132293765,-1.4913657770800712,-2.4564183835182254,2600.0,800864.0
2700.0,9.633325011,1.992934699876619E-6,2700.0,50.629629629629626,1.2780015426426579,0.0,-1.4459665144596707,2700.0,800864.0
2800.0,9.941080064,2.0566966503382766E-6,2800.0,50.67857142857143,1.3656978731436549,0.21676300578035498,-1.3950073421439055,2800.0,800864.0
2900.0,10.249574414,2.1206117713757897E-6,2900.0,51.206896551724135,2.4137931034482696,0.6320224719101113,-0.7117437722419943,2900.0,800864.0
3000.0,10.561478698,2.1852333764845344E-6,3000.0,51.366666666666674,2.7030631752100716,1.2855209742895966,-0.8293020041465109,3000.0,800864.0
3100.0,10.901248319,2.255625423313152E-6,3100.0,51.45161290322581,2.9032258064516148,1.8904823989569834,-0.5344021376085472,3100.0,800832.0
3200.0,11.232797253,2.324314342644484E-6,3200.0,51.40625,2.798451338670025,1.7067003792667481,-0.9740259740259879,3200.0,800832.0
3300.0,11.57114132,2.3944110491668397E-6,3300.0,51.33333333333333,2.6394879746044686,1.593137254901949,-1.5170670037926774,3300.0,800832.0
3400.0,11.90663738,2.463917717528861E-6,3400.0,51.14705882352941,2.247236910158301,1.4243323442136537,-1.964395334561078,3400.0,800832.0
3500.0,12.21787524,2.5283986736292853E-6,3500.0,51.028571428571425,2.0506502145284764,1.2672811059907716,-1.7210682492581717,3500.0,800832.0
3600.0,12.527802743,2.5926120040217627E-6,3600.0,51.11111111111111,2.1918835935220535,1.6210173281162514,-1.6753321779318393,3600.0,800880.0
3700.0,12.834827496,2.6562239187831893E-6,3700.0,51.35135135135135,2.637301141073282,1.9073569482288857,-1.408450704225361,3700.0,800880.0
3800.0,13.154716362,2.722501126331733E-6,3800.0,51.39473684210526,2.750250516551821,1.8597236981934058,-0.9841443411700367,3800.0,800880.0
3900.0,13.463080415,2.786390528287946E-6,3900.0,51.33333333333333,2.6123703419131576,1.6070502851218103,-1.1727078891258,3900.0,800880.0
4000.0,13.789627009,2.8540471387084162E-6,4000.0,51.525,3.024058935765306,2.070707070707067,-0.4142931123770071,4000.0,800880.0
4100.0,14.128568734,2.924267665511701E-6,4100.0,51.78048780487805,3.510693258354737,2.897838899803539,-0.05060728744939276,4100.0,800832.0
4200.0,14.459515813,2.9928318950452245E-6,4200.0,51.90476190476191,3.7714688076191716,3.2567049808429136,0.3944773175542531,4200.0,800832.0
4300.0,14.789705224,3.0612391540962792E-6,4300.0,52.04651162790698,4.060915573043059,3.5998129967274464,0.8177008177008301,4300.0,800832.0
4400.0,15.120906539,3.1298560551793214E-6,4400.0,52.20454545454546,4.386767985087443,4.234972677595647,1.3139371187236237,4400.0,800832.0
4500.0,15.452595874,3.198574062201712E-6,4500.0,52.15555555555555,4.306763566542274,4.438526409232131,1.4194139194139082,4500.0,800832.0
4600.0,15.794510211,3.269409027051541E-6,4600.0,52.30434782608696,4.59123711106303,4.484109708315197,1.5260323159784566,4600.0,800816.0
4700.0,16.136116158,3.340180102229466E-6,4700.0,52.51063829787233,5.025593223377258,4.98084291187739,2.0193151887620546,4700.0,800816.0
4800.0,16.478388678,3.4110892724502585E-6,4800.0,52.645833333333336,5.2958428569295775,5.014625992478066,2.152389151958689,4800.0,800816.0
4900.0,16.81289647,3.480389810989284E-6,4900.0,52.755102040816325,5.518105774410871,5.394360441356762,2.114164904862582,4900.0,800816.0
5000.0,17.137141754,3.5475642485878536E-6,5000.0,52.88,5.744436521358425,5.7222889155662395,2.281211115719621,5000.0,800816.0
5100.0,17.470532899,3.6166389694067135E-6,5100.0,53.09803921568628,6.173395552142709,6.306306306306314,2.7246848312322167,5100.0,800880.0
5200.0,17.733021518,3.6710235214485893E-6,5200.0,53.07692307692308,6.135031504095865,6.620742441637965,2.7888446215139346,5200.0,800880.0
5300.0,18.060267201,3.7388249748807197E-6,5300.0,53.22641509433962,6.456426737597848,6.874530428249425,3.088350273651274,5300.0,800880.0
5400.0,18.384659071,3.8060351518521505E-6,5400.0,53.333333333333336,6.663171336868991,7.2164948453608195,3.262955854126676,5400.0,800880.0
5500.0,18.672413677,3.8656545189885845E-6,5500.0,53.527272727272724,7.051116332093445,7.558770343580466,3.656238220882005,5500.0,800880.0
5600.0,18.983513646,3.930115921369097E-6,5600.0,53.714285714285715,7.445040072589117,7.92184724689165,3.7861915367483343,5600.0,800944.0
5700.0,19.288444233,3.9932989982749405E-6,5700.0,53.92982456140351,7.89072076640198,8.278030038421225,4.125593282219783,5700.0,800944.0
5800.0,19.588494894,4.055470931160153E-6,5800.0,53.844827586206904,7.698676776181948,8.196159122085051,4.256080114449231,5800.0,800944.0
5900.0,19.890742225,4.118098024581775E-6,5900.0,53.813559322033896,7.633168525589247,8.249158249158253,4.285212504390588,5900.0,800944.0
6000.0,20.193678101,4.1808677878225065E-6,6000.0,53.833333333333336,7.658017300953876,8.12603648424544,4.350828729281772,6000.0,800944.0
6100.0,20.502353842,4.244826878560004E-6,6100.0,54.01639344262294,8.021515133270817,8.423114593535736,4.4293015332197525,6100.0,800944.0
6200.0,20.80536002,4.307611208711574E-6,6200.0,54.145161290322584,8.282133826308334,8.702633269107269,4.789015405224382,6200.0,800944.0
6300.0,21.115485725,4.371870738928837E-6,6300.0,54.2063492063492,8.410095404071935,8.731414109459028,5.036208031599728,6300.0,800944.0
6400.0,21.433731164,4.437812716888795E-6,6400.0,54.1875,8.375,8.83084577114428,4.774277362780119,6400.0,800944.0
6500.0,21.749144061,4.5031677785909064E-6,6500.0,54.15384615384615,8.295407148034496,8.588957055214722,4.578930515529943,6500.0,800944.0
6600.0,22.073162878,4.570306028101611E-6,6600.0,54.121212121212125,8.21798275022734,8.685162846803388,4.419191919191925,6600.0,800944.0
6700.0,22.39235402,4.636443960248937E-6,6700.0,54.40298507462686,8.793860802191599,9.239453357100412,5.212534905367669,6700.0,800944.0
6800.0,22.708990749,4.702052605798233E-6,6800.0,54.48529411764705,8.95200058143357,9.423470880889662,5.351681957186526,6800.0,800944.0
6900.0,23.006247787,4.7636456866286496E-6,6900.0,54.536231884057976,9.057274174422085,9.5444059976932,5.540499849442951,6900.0,800944.0
7000.0,23.267786957,4.817837854277613E-6,7000.0,54.6,9.200000000000008,9.536009109023631,5.837037037037036,7000.0,800944.0
7100.0,23.594114221,4.8854544250540486E-6,7100.0,54.563380281690144,9.122664683478678,9.305594602192864,5.672514619883052,7100.0,800944.0
7200.0,23.919917713,4.9529624677655155E-6,7200.0,54.541666666666664,9.07365136102455,9.23460898502496,5.595615806172482,7200.0,800944.0
7300.0,24.244985577,5.020318084834952E-6,7300.0,54.58904109589041,9.16840076029871,9.302325581395355,5.743531418822866,7300.0,800944.0
7400.0,24.569664846,5.087593183160723E-6,7400.0,54.78378378378378,9.552345405684042,9.518658734451046,6.116722783389434,7400.0,800944.0
7500.0,24.898520421,5.155733632075874E-6,7500.0,54.82666666666667,9.640604304862439,9.605122732123807,6.27939142461964,7500.0,800944.0
7600.0,25.184479486,5.214985718832977E-6,7600.0,54.868421052631575,9.740367481491713,9.831756046267088,6.488549618320606,7600.0,800944.0
7700.0,25.404802057,5.260637609922494E-6,7700.0,54.922077922077925,9.849155270323354,9.86756686574917,6.618240516545623,7700.0,800944.0
7800.0,25.709567099,5.323786385112104E-6,7800.0,54.871794871794876,9.728580116970145,9.650924024640663,6.33315593400746,7800.0,800944.0
7900.0,25.969651404,5.377677097770647E-6,7900.0,54.75949367088607,9.51427239887584,9.450215353432975,6.292606187729406,7900.0,800944.0
8000.0,26.294491688,5.444985559174974E-6,8000.0,54.7875,9.573462748866717,9.3937875751503,6.319606319606313,8000.0,800944.0
8100.0,26.618582394,5.512138704430512E-6,8100.0,54.87654320987654,9.754560937519795,9.574468085106368,6.306075365290931,8100.0,800944.0
8200.0,26.909521345,5.572422647398616E-6,8200.0,54.79268292682927,9.573875657251868,9.519160361239939,5.91370558375635,8200.0,800944.0
8300.0,27.207446038,5.63415406954017E-6,8300.0,54.86746987951807,9.711500660151051,9.560598744567839,5.903039437327313,8300.0,800944.0
8400.0,27.506760803,5.69617352125247E-6,8400.0,54.96428571428571,9.895839713201923,9.885659838018093,5.989065606361821,8400.0,800944.0
8500.0,27.806381716,5.7582564082954746E-6,8500.0,55.01176470588235,9.990515552417142,9.72615675165249,6.113429904247479,8500.0,800944.0
8600.0,28.124784457,5.824230979982619E-6,8600.0,54.93023255813954,9.822701848589164,9.608208955223889,5.899490167516397,8600.0,800944.0
8700.0,28.441294383,5.889813351343486E-6,8700.0,54.94252873563218,9.843892256789447,9.719023491478572,5.90494479116658,8700.0,800944.0
8800.0,28.756689063,5.955164638396018E-6,8800.0,54.84090909090909,9.634282827288917,9.434822242479504,5.605700712589081,8800.0,800944.0
8900.0,29.079096418,6.021968985268491E-6,8900.0,54.82022471910112,9.597225932843429,9.273465703971102,5.654622243078365,8900.0,800944.0
9000.0,29.400643384,6.088595055422676E-6,9000.0,54.733333333333334,9.424156404072303,9.123354896274808,5.5194805194805285,9000.0,800944.0
9100.0,29.677015548,6.145860690413391E-6,9100.0,54.7032967032967,9.364314995286048,9.147013445007705,5.480394404952986,9100.0,800944.0
9200.0,29.905330217,6.193168582455587E-6,9200.0,54.65217391304348,9.260363116469081,9.26489778164419,5.375368564300295,9200.0,800944.0
9300.0,30.154511414,6.244800118958487E-6,9300.0,54.63440860215054,9.221342348908856,9.190701678863537,5.2761562640323305,9300.0,800944.0
9400.0,30.431186287,6.30212847670265E-6,9400.0,54.70212765957447,9.357674437311564,9.288453344695375,5.461811722912986,9400.0,800944.0
9500.0,30.744156487,6.3669773998965616E-6,9500.0,54.63157894736842,9.210041996869084,9.263157894736839,5.23306948109058,9500.0,800944.0
9600.0,31.060920149,6.43261234657091E-6,9600.0,54.541666666666664,9.032452309588276,9.026474880133406,5.109806479669481,9600.0,800944.0
9700.0,31.378150519,6.498343997376342E-6,9700.0,54.628865979381445,9.202077821576442,9.16408668730651,5.232558139534901,9700.0,800944.0
9800.0,31.657562882,6.55623957614907E-6,9800.0,54.765306122448976,9.480281622643153,9.38266557645134,5.640698169433788,9800.0,800944.0
9900.0,31.877335532,6.601777520975678E-6,9900.0,54.74747474747475,9.446236540918092,9.366781306898648,5.664350389555698,9900.0,800944.0
10000.0,32.124132059,6.652914942442473E-6,10000.0,54.779999999999994,9.513355944722376,9.36059330527159,5.7720358408001555,10000.0,800944.0
