learning evaluation instances,evaluation time (cpu seconds),model cost (RAM-Hours),classified instances,classifications correct (percent),Kappa Statistic (percent),Kappa Temporal Statistic (percent),Kappa M Statistic (percent),model training instances,model serialized size (bytes)
100.0,1.892197601,8.75680962409597E-6,100.0,53.0,6.000000000000005,52.52525252525253,6.000000000000005,100.0,1.7888824E7
200.0,4.354013902,2.0161463798841477E-5,200.0,60.5,20.999999999999996,60.30150753768844,20.999999999999996,200.0,1.7907248E7
300.0,6.531022648,3.0252557104427668E-5,300.0,67.0,34.00000000000001,66.88963210702342,34.00000000000001,300.0,1.7917624E7
400.0,8.733341965,4.0467855032324515E-5,400.0,69.25,38.5,69.17293233082708,38.5,400.0,1.7929704E7
500.0,10.938416787,5.070383838632425E-5,500.0,70.19999999999999,40.39999999999999,70.14028056112224,40.39999999999999,500.0,1.794356E7
600.0,13.332159796,6.182455889557715E-5,600.0,67.33333333333333,34.66666666666667,67.2787979966611,34.66666666666667,600.0,1.7957896E7
700.0,15.455020177,7.169057533089892E-5,700.0,65.14285714285715,30.285714285714292,65.09298998569385,30.285714285714292,700.0,1.7964816E7
800.0,17.572909097,8.154126701896556E-5,800.0,63.625,27.249999999999996,63.579474342928656,27.249999999999996,800.0,1.7979016E7
900.0,19.68240825,9.135664731129286E-5,900.0,62.11111111111111,24.22222222222221,62.06896551724138,24.22222222222221,900.0,1.7985816E7
1000.0,21.796593326,1.0119968539691731E-4,1000.0,61.199999999999996,22.4,61.16116116116116,22.4,1000.0,1.799652E7
1100.0,24.012316509,1.1151867028316929E-4,1100.0,60.18181818181818,20.36363636363636,60.14558689717926,20.36363636363636,1100.0,1.8002128E7
1200.0,26.149142397,1.2147320268700057E-4,1200.0,59.416666666666664,18.833333333333325,59.382819015846536,18.833333333333325,1200.0,1.8007528E7
1300.0,28.272859316,1.3137034060191948E-4,1300.0,58.92307692307692,17.846153846153847,58.89145496535797,17.846153846153847,1300.0,1.8014216E7
1400.0,30.40808422,1.4132320371164987E-4,1400.0,58.5,16.999999999999993,58.47033595425304,16.999999999999993,1400.0,1.8018008E7
1500.0,32.554300344,1.513296940241375E-4,1500.0,58.06666666666666,16.133333333333333,58.0386924616411,16.133333333333333,1500.0,1.802232E7
1600.0,34.717731623,1.614182614199074E-4,1600.0,57.75,15.500000000000004,57.72357723577236,15.500000000000004,1600.0,1.802556E7
1700.0,36.877661895,1.7149265299953512E-4,1700.0,57.529411764705884,15.058823529411768,57.50441436138905,15.058823529411768,1700.0,1.8029408E7
1800.0,39.011931404,1.814492078794649E-4,1800.0,57.22222222222222,14.444444444444438,57.19844357976653,14.444444444444438,1800.0,1.803276E7
1900.0,41.142743295,1.9139165242021083E-4,1900.0,56.94736842105264,13.89473684210527,56.924697209057406,13.89473684210527,1900.0,1.8036424E7
2000.0,43.283680654,2.0138334552209997E-4,2000.0,56.75,13.5,56.72836418209105,13.5,2000.0,1.804004E7
2100.0,45.47233525,2.1159960887314245E-4,2100.0,56.42857142857143,12.857142857142856,56.40781324440209,12.857142857142856,2100.0,1.8043352E7
2200.0,47.632742455,2.216860168820973E-4,2200.0,56.13636363636364,12.27272727272728,56.116416552978635,12.27272727272728,2200.0,1.8046928E7
2300.0,49.798347404,2.3179845328060055E-4,2300.0,55.913043478260875,11.826086956521742,55.89386689865159,11.826086956521742,2300.0,1.8050072E7
2400.0,51.933841863,2.4177226673757323E-4,2400.0,55.708333333333336,11.416666666666675,55.68987077949146,11.416666666666675,2400.0,1.8053656E7
2500.0,54.076307567,2.5178013806256583E-4,2500.0,55.48,10.959999999999992,55.46218487394958,10.959999999999992,2500.0,1.805636E7
2600.0,56.246661289,2.6191969911023503E-4,2600.0,55.3076923076923,10.615384615384604,55.29049634474797,10.615384615384604,2600.0,1.8058888E7
2700.0,58.441023556,2.721729140130403E-4,2700.0,55.148148148148145,10.296296296296292,55.13153019636903,10.296296296296292,2700.0,1.8061512E7
2800.0,60.687972617,2.826735580420209E-4,2800.0,55.00000000000001,10.000000000000009,54.983922829582,10.000000000000009,2800.0,1.8064464E7
2900.0,62.82860223,2.9267905942440784E-4,2900.0,54.79310344827586,9.586206896551719,54.777509486029665,9.586206896551719,2900.0,1.8067568E7
3000.0,64.970868521,3.02693496549096E-4,3000.0,54.63333333333333,9.266666666666667,54.61820606868957,9.266666666666667,3000.0,1.8069888E7
3100.0,67.156141647,3.129155397927148E-4,3100.0,54.58064516129032,9.16129032258064,54.09194652755135,8.213820078226858,3100.0,1.8081496E7
3200.0,69.299928227,3.229471198273724E-4,3200.0,54.46875,8.937499999999998,53.49505266517715,7.019783024888331,3200.0,1.8087984E7
3300.0,71.447223671,3.3299670123395074E-4,3300.0,54.36363636363636,8.727272727272716,52.93749999999999,5.874999999999992,3300.0,1.8090832E7
3400.0,73.591169536,3.4303213704572167E-4,3400.0,54.294117647058826,8.588235294117652,52.43342516069789,4.895960832313348,3400.0,1.8093592E7
3500.0,75.739841404,3.530914420844964E-4,3500.0,54.285714285714285,8.571428571428562,51.995199519951996,4.0191961607678435,3500.0,1.8096736E7
3600.0,77.914781123,3.632750695860572E-4,3600.0,54.19444444444444,8.38888888888889,51.5,2.9999999999999987,3600.0,1.8099128E7
3700.0,80.056526931,3.733053579612194E-4,3700.0,54.13513513513514,8.270270270270274,51.052783386212866,2.1337946943483295,3700.0,1.8102888E7
3800.0,82.202714691,3.833584611379652E-4,3800.0,54.02631578947369,8.052631578947377,50.55193886215681,1.1318619128466363,3800.0,1.8106512E7
3900.0,84.343248459,3.933869584143889E-4,3900.0,53.8974358974359,7.794871794871794,50.05555555555555,0.11111111111111552,3900.0,1.8109904E7
4000.0,86.496723385,4.0347724437934924E-4,4000.0,53.825,7.650000000000001,49.63185164985002,-0.7088331515812377,4000.0,1.8111984E7
4100.0,88.676393214,4.136913243294706E-4,4100.0,53.73170731707317,7.463414634146348,49.18296276453255,-1.6068559185859685,4100.0,1.8113856E7
4200.0,90.828163508,4.2377594327703985E-4,4200.0,53.666666666666664,7.333333333333325,48.78947368421052,-2.4210526315789687,4200.0,1.8116152E7
4300.0,92.979651436,4.338602318299288E-4,4300.0,53.46511627906977,6.930232558139537,48.25446082234291,-3.464322647362972,4300.0,1.8117936E7
4400.0,95.138083601,4.4397806950697915E-4,4400.0,53.11363636363636,6.227272727272726,47.54640223747775,-4.880528723945101,4400.0,1.8119728E7
4500.0,97.286043983,4.540478955887664E-4,4500.0,52.800000000000004,5.600000000000005,46.900000000000006,-6.2,4500.0,1.8121664E7
4600.0,99.470984981,4.64294083573582E-4,4600.0,52.630434782608695,5.260869565217385,46.39606396063961,-6.292682926829279,4600.0,1.812696E7
4700.0,101.633099675,4.7443507663694575E-4,4700.0,52.48936170212766,4.955523774748462,45.95837366892546,-6.38399237732254,4700.0,1.8130264E7
4800.0,103.785411962,4.8453185730792817E-4,4800.0,52.4375,4.85355901381944,45.616960457360655,-6.235458352722178,4800.0,1.8133432E7
4900.0,105.956281342,4.947171025014161E-4,4900.0,52.38775510204081,4.775510204081623,45.29894490035169,-6.045454545454543,4900.0,1.8135944E7
5000.0,108.105592103,5.048024359679527E-4,5000.0,52.32,4.621672100510845,44.96768236380424,-6.002667852378841,5000.0,1.8138168E7
5100.0,110.299667215,5.150994590059698E-4,5100.0,52.294117647058826,4.571299543202285,44.67939972714871,-5.828621139625918,5100.0,1.8141056E7
5200.0,112.471432857,5.252929499991323E-4,5200.0,52.32692307692308,4.653846153846164,44.47928331466965,-5.489361702127661,5200.0,1.8143136E7
5300.0,114.633124141,5.354411016840197E-4,5300.0,52.283018867924525,4.551630434782608,44.19682259488084,-5.418924551896622,5300.0,1.8146616E7
5400.0,116.800331092,5.456165059372225E-4,5400.0,52.25925925925926,4.50527501139047,43.93214441061332,-5.267456104532453,5400.0,1.814904E7
5500.0,118.97064374,5.558074621700108E-4,5500.0,52.236363636363635,4.472727272727273,43.68703108252947,-5.079999999999991,5500.0,1.8150768E7
5600.0,121.14295851,5.660088491464551E-4,5600.0,52.19642857142858,4.380514423545493,43.42772612003382,-5.021577089054518,5600.0,1.81526E7
5700.0,123.308004124,5.761771569743482E-4,5700.0,52.12280701754386,4.233116294647253,43.12213422259275,-5.001923816852626,5700.0,1.8154488E7
5800.0,125.474366335,5.863532758202738E-4,5800.0,52.12068965517241,4.241379310344828,42.91880781089414,-4.792452830188686,5800.0,1.8157392E7
5900.0,127.642828037,5.965407376629259E-4,5900.0,52.118644067796616,4.224565768230745,42.721005677210066,-4.668395702111893,5900.0,1.8160032E7
5995.0,129.700652709,6.062100947541352E-4,5995.0,52.1768140116764,4.3472644860259955,42.60260260260261,-4.368401892974143,5995.0,1.8163168E7
