learning evaluation instances,evaluation time (cpu seconds),model cost (RAM-Hours),classified instances,classifications correct (percent),Kappa Statistic (percent),Kappa Temporal Statistic (percent),Kappa M Statistic (percent),model training instances,model serialized size (bytes)
100.0,0.566160414,1.1644875478443999E-7,100.0,33.0,0.0,-42.55319148936171,-179.16666666666669,100.0,795056.0
200.0,1.042015655,2.1432340108936444E-7,200.0,41.5,0.0,-17.000000000000004,-58.10810810810811,200.0,795056.0
300.0,1.376124848,2.830434997130102E-7,300.0,38.666666666666664,0.0,-26.027397260273965,-71.96261682242991,300.0,795056.0
400.0,1.677437906,3.4501803826559743E-7,400.0,38.0,0.0,-31.914893617021285,-73.4265734265734,400.0,795056.0
500.0,1.999531837,4.11266819107727E-7,500.0,37.4,0.0,-28.80658436213992,-75.84269662921349,500.0,795056.0
600.0,2.714233234,5.583830880836355E-7,600.0,42.66666666666667,3.007518796992482,-19.444444444444443,-64.59330143540667,600.0,795680.0
700.0,3.046077179,6.266908362922857E-7,700.0,46.14285714285714,3.931561703676726,-12.537313432835834,-55.78512396694214,700.0,795680.0
800.0,3.354883353,6.902564209494614E-7,800.0,47.375,1.2316715542522043,-10.789473684210531,-47.202797202797186,800.0,795680.0
900.0,3.674033776,7.55951296698869E-7,900.0,49.666666666666664,2.3005032350826715,-7.60095011876486,-42.45283018867923,900.0,795680.0
1000.0,3.989534233,8.208948525515157E-7,1000.0,50.1,0.20000000000000018,-5.274261603375533,-37.08791208791209,1000.0,795680.0
1100.0,4.313873472,8.876578096752241E-7,1100.0,51.272727272727266,0.23688663282571654,-2.485659655831744,-33.66583541147135,1100.0,795680.0
1200.0,4.631571542,9.530537287477694E-7,1200.0,52.666666666666664,0.987797791981375,0.17574692442880316,-31.177829099307168,1200.0,795680.0
1300.0,4.948548864,1.0183012869005278E-6,1300.0,52.92307692307693,0.025131942699169837,1.1308562197092185,-28.301886792452823,1300.0,795680.0
1400.0,5.221266854,1.0744383720382096E-6,1400.0,53.85714285714286,0.3964757709251148,2.8571428571428563,-26.418786692759294,1400.0,795680.0
1500.0,5.493534164,1.1304826878593903E-6,1500.0,54.46666666666666,0.38891589693728496,4.475524475524471,-24.63503649635039,1500.0,795680.0
1600.0,5.867250533,1.207409580815364E-6,1600.0,54.50000000000001,-0.3100241129865529,4.960835509138391,-22.765598650927483,1600.0,795680.0
1700.0,6.184012245,1.2726127571621163E-6,1700.0,55.294117647058826,0.13912505796878621,5.824039653035947,-21.599999999999984,1700.0,795680.0
1800.0,6.505620268,1.3388135126315758E-6,1800.0,55.55555555555556,-0.05558643690938335,7.621247113163985,-20.300751879699234,1800.0,795680.0
1900.0,6.825568552,1.404672622470876E-6,1900.0,55.78947368421052,-0.21348737912847618,8.695652173913025,-19.148936170212764,1900.0,795680.0
2000.0,7.142100901,1.469828586053049E-6,2000.0,56.2,-0.1142857142857017,8.844953173777334,-18.218623481781346,2000.0,795680.0
2100.0,7.467228906,1.5367539051247013E-6,2100.0,55.333333333333336,-0.030469226081649602,6.944444444444444,-20.41078305519898,2100.0,795680.0
2200.0,7.743379463,1.5935975601000377E-6,2200.0,55.22727272727273,2.004055503600575,7.685098406747884,-18.105515587529965,2200.0,795680.0
2300.0,8.036961052,1.654029270734708E-6,2300.0,54.565217391304344,1.8425102180170276,6.0251798561151055,-20.25316455696203,2300.0,795680.0
2400.0,8.348623205,1.718182738634476E-6,2400.0,54.37499999999999,2.6815167463335063,5.358686257562647,-19.93428258488502,2400.0,795680.0
2500.0,8.662488016,1.782789608232002E-6,2500.0,54.24,3.535784513783259,5.766062602965408,-19.166666666666664,2500.0,795680.0
2600.0,9.000548713,1.8523770312296307E-6,2600.0,54.46153846153846,3.347849156836831,5.431309904153363,-18.40000000000001,2600.0,795680.0
2700.0,9.33909476,1.922064360120052E-6,2700.0,54.629629629629626,3.1195079086116,6.130268199233703,-17.675312199807884,2700.0,795680.0
2800.0,9.663614447,1.9888644611987265E-6,2800.0,54.46428571428571,2.4323585679147155,5.625462620281271,-16.86526122823098,2800.0,795680.0
2900.0,9.954212854,2.0486821047455777E-6,2900.0,54.65517241379311,2.3256409599672234,6.071428571428573,-16.26878868258177,2900.0,795680.0
3000.0,10.212897881,2.101930602890282E-6,3000.0,54.46666666666666,1.7117694040106761,6.116838487972498,-15.566835871404402,3000.0,795680.0
3100.0,10.508108884,2.16269771696659E-6,3100.0,54.48387096774193,1.4313979114930981,6.058588548601854,-14.995925020374923,3100.0,795680.0
3200.0,10.819227817,2.226739366840021E-6,3200.0,54.65624999999999,1.3872724338008389,6.387096774193539,-14.522494080505128,3200.0,795680.0
3300.0,11.142747488,2.29333362164016E-6,3300.0,54.54545454545454,0.9950497524876105,6.308557151780121,-13.981762917933136,3300.0,795680.0
3400.0,11.452774663,2.3571505407879213E-6,3400.0,54.67647058823529,0.9381700201549554,6.775559588626742,-13.559322033898294,3400.0,795680.0
3500.0,11.747700023,2.4178588572564514E-6,3500.0,54.628571428571426,0.6774590727870876,7.08016383850205,-13.105413105413113,3500.0,795680.0
3600.0,12.051631,2.480420916810454E-6,3600.0,54.47222222222222,0.3122212310437144,6.769055745164951,-12.646048109965635,3600.0,795680.0
3700.0,12.363898139,2.5446989168343735E-6,3700.0,54.54054054054054,0.23229008526921835,6.762749445676273,-12.283044058745006,3700.0,795680.0
3800.0,12.673814454,2.6084930162288126E-6,3800.0,54.57894736842105,0.13049363748346915,7.453083109919569,-11.932555123216623,3800.0,795680.0
3900.0,12.983194061,2.672176638046433E-6,3900.0,54.46153846153846,-0.12909344023175712,7.451797811360075,-11.557788944723614,3900.0,795680.0
4000.0,13.289160579,2.735157699436061E-6,4000.0,54.6,-0.09825172560621977,7.299642674834112,-11.27450980392155,4000.0,795680.0
4100.0,13.608847984,2.8009631091632655E-6,4100.0,54.707317073170735,-0.09544543833907435,7.56595321055252,-10.998206814106377,4100.0,795680.0
4200.0,13.907085999,2.8623533124254273E-6,4200.0,54.785714285714285,-0.11699018889147109,7.636186770427998,-10.728862973760943,4200.0,795680.0
4300.0,14.228876843,2.928591700315256E-6,4300.0,54.74418604651162,-0.25195374977387114,7.553444180522555,-10.442678774120335,4300.0,795680.0
4400.0,14.485738755,2.9814649230262763E-6,4400.0,54.68181818181819,-0.3967304921769488,7.428040854224702,-10.165745856353576,4400.0,795680.0
4500.0,14.785535963,3.043176075229823E-6,4500.0,54.800000000000004,-0.36041152922161757,7.50341064120056,-9.94594594594594,4500.0,795680.0
4600.0,15.104477114,3.1088278738060636E-6,4600.0,54.869565217391305,-0.3671173041209197,7.486631016042779,-9.725158562367874,4600.0,795680.0
4700.0,15.416725481,3.173102009745468E-6,4700.0,54.851063829787236,-0.4503111689457259,7.578397212543562,-9.494324045407636,4700.0,795680.0
4800.0,15.728004603,3.2371766334008303E-6,4800.0,55.02083333333333,-0.35947813691158864,7.853179684165598,-9.31645569620253,4800.0,795680.0
4900.0,16.017222245,3.2967100561584326E-6,4900.0,54.87755102040816,-0.542716664408439,7.91336942940442,-9.077454366058216,4900.0,795680.0
5000.0,16.262853251,3.347271475653628E-6,5000.0,54.86,-0.5935599441347025,8.065173116089607,-8.87602508441873,5000.0,795680.0
5100.0,16.511432192,3.398439706888948E-6,5100.0,54.94117647058824,-0.6191963754492465,8.006405124099276,-9.220532319391618,5100.0,795680.0
5200.0,16.804459137,3.45875724794702E-6,5200.0,55.03846153846153,-0.5847810004171348,8.133595284872301,-9.048507462686585,5200.0,795680.0
5300.0,17.108771192,3.521397749734078E-6,5300.0,55.339622641509436,-0.37853086369178757,8.645310690852947,-8.927749654855031,5300.0,795680.0
5400.0,17.402494323,3.581858595796538E-6,5400.0,55.648148148148145,-0.16993182589191133,8.831366577845454,-8.81417537482962,5400.0,795680.0
5500.0,17.723700175,3.6479765671868583E-6,5500.0,55.89090909090909,-0.019144787213264007,9.308411214953265,-8.691756272401422,5500.0,795680.0
5600.0,18.040632123,3.713214785420013E-6,5600.0,56.14285714285714,0.136693419155044,9.639440765268564,-8.576480990274108,5600.0,795680.0
5700.0,18.351140033,3.777130660495191E-6,5700.0,56.45614035087719,0.33941546038760667,10.039869517941288,-8.479020979020966,5700.0,795680.0
5800.0,18.664195485,3.8415709292201825E-6,5800.0,56.63793103448276,0.43397599275933685,10.274705672493763,-8.3584661783714,5800.0,795680.0
5900.0,18.972797373,3.905094463037315E-6,5900.0,56.847457627118644,0.5492848888857629,10.352112676056336,-8.248299319727872,5900.0,795680.0
6000.0,19.282127061,3.968767809378965E-6,6000.0,56.95,0.579841866907592,10.653753026634384,-8.12055253244035,6000.0,795680.0
6100.0,19.58947484,4.032033193655963E-6,6100.0,57.08196721311476,0.6334031003015621,10.861423220973803,-8.003300330032982,6100.0,795680.0
6200.0,19.878683324,4.091564731303508E-6,6200.0,57.35483870967742,0.7937204376144181,11.185757473967083,-7.9183673469387665,6200.0,795680.0
6300.0,20.16955176,4.151437958425768E-6,6300.0,57.507936507936506,0.861480119626217,11.4455838570956,-7.813129279097872,6300.0,795680.0
6400.0,20.461573083,4.211548499249531E-6,6400.0,57.640625,0.9134937062387392,11.492001305909248,-7.707588398887555,6400.0,795680.0
6500.0,20.753228543,4.271583729741255E-6,6500.0,57.78461538461539,0.9735747795529474,11.796849887496002,-7.607843137254876,6500.0,795680.0
6600.0,21.050357234,4.332745586439873E-6,6600.0,57.92424242424242,1.0300366889011652,11.701112877583471,-7.510646535036784,6600.0,795680.0
6700.0,21.340798242,4.392530830506721E-6,6700.0,58.149253731343286,1.1476715969354134,11.934673366834177,-7.432950191570882,6700.0,795680.0
6800.0,21.639353039,4.453986241121372E-6,6800.0,58.36764705882352,1.2590917362885254,12.32579746051408,-7.356844899507023,6800.0,795680.0
6900.0,21.950163991,4.517964495266424E-6,6900.0,58.565217391304344,1.3543592281286334,12.648945921173224,-7.279549718574102,6900.0,795680.0
7000.0,22.261399619,4.5820301659869945E-6,7000.0,58.74285714285714,1.4344947479348837,12.828252339269545,-7.201187824795836,7000.0,795680.0
7100.0,22.581264324,4.647872071675448E-6,7100.0,58.943661971830984,1.5300160623615433,13.011041480155166,-7.129731716280793,7100.0,795680.0
7200.0,22.902288357,4.71395261690007E-6,7200.0,59.08333333333333,1.5820498041820779,13.276420370915517,-7.04941860465116,7200.0,795680.0
7300.0,23.21761902,4.778861221848913E-6,7300.0,59.24657534246576,1.6499530836198428,13.34110107777455,-6.975907946781737,7300.0,795680.0
7400.0,23.508972912,4.838834376683323E-6,7400.0,59.36486486486486,1.6865772430038777,13.442717328727685,-6.896551724137949,7400.0,795680.0
7500.0,23.812300026,4.9012721352748455E-6,7500.0,59.54666666666667,1.7660695039486667,13.462635482030816,-6.8309859154929375,7500.0,795680.0
7600.0,24.111603528,4.9628816615616165E-6,7600.0,59.73684210526316,1.8504333293239477,13.729912602199033,-6.769016050244256,7600.0,795680.0
7700.0,24.397819791,5.021797271506601E-6,7700.0,59.753246753246756,1.8181396256710514,13.772954924874792,-6.678141135972436,7700.0,795680.0
7800.0,24.709314138,5.08591619771842E-6,7800.0,59.92307692307692,1.8881584236565232,13.813068651778323,-6.616643929058676,7800.0,795680.0
7900.0,25.007050826,5.1472032063344175E-6,7900.0,59.9746835443038,1.8801685663493888,13.959183673469393,-6.536388140161718,7900.0,795680.0
8000.0,25.281788989,5.203756129912731E-6,8000.0,60.0625,1.92610077975655,14.11290322580644,-6.464511829390202,8000.0,795680.0
8100.0,25.50426416,5.249551083210265E-6,8100.0,59.82716049382716,1.8750636143872477,13.549415515409125,-7.039473684210525,8100.0,795680.0
8200.0,25.747620184,5.299644213619651E-6,8200.0,59.74390243902439,2.6102196773107855,13.676778242677814,-6.724862592951833,8200.0,795680.0
8300.0,26.013557662,5.354385577927104E-6,8300.0,59.433734939759034,2.377391598631001,12.974928922202118,-7.675087943716022,8300.0,795680.0
8400.0,26.329657282,5.419452467280201E-6,8400.0,59.26190476190476,2.6750677622572305,12.570260602963726,-7.881462799495588,8400.0,795680.0
8500.0,26.626223733,5.480498590818905E-6,8500.0,59.10588235294117,2.999465587660197,12.465373961218834,-8.017402113113734,8500.0,795680.0
8600.0,26.944802988,5.546075895642229E-6,8600.0,58.906976744186046,3.126920614525249,11.848341232227485,-8.404907975460116,8600.0,795680.0
8700.0,27.255057548,5.609939620397145E-6,8700.0,58.689655172413794,3.1601137036624642,11.521418020679459,-8.909090909090922,8700.0,795680.0
8800.0,27.564523498,5.6736410153156235E-6,8800.0,58.57954545454545,3.5656420461016047,11.249086924762599,-8.83845924156463,8800.0,795680.0
8900.0,27.874592728,5.737466591190121E-6,8900.0,58.38202247191011,3.6233397949689086,10.940129838903578,-9.262536873156346,8900.0,795680.0
9000.0,28.169639102,5.798199817541644E-6,9000.0,58.28888888888889,4.030846473157757,10.852529090477328,-9.127906976744178,9000.0,795680.0
9100.0,28.453581474,5.8566473629755164E-6,9100.0,58.15384615384615,4.261893980479855,10.589340220709083,-9.23694779116465,9100.0,795680.0
9200.0,28.743924698,5.916412478891914E-6,9200.0,57.95652173913044,4.2562150350050425,10.234393130656768,-9.699376063528051,9200.0,795680.0
9300.0,29.033455931,5.97601045215704E-6,9300.0,57.86021505376344,4.575531862195528,10.09405827024548,-9.622377622377622,9300.0,795680.0
9400.0,29.32667838,6.036368236342061E-6,9400.0,57.69148936170213,4.630214587246942,9.818594104308403,-9.952999723527771,9400.0,795680.0
9500.0,29.618705513,6.096479973113566E-6,9500.0,57.578947368421055,4.852613629241161,9.803043867502243,-9.989082969432332,9500.0,795680.0
9600.0,29.916681182,6.157816174291972E-6,9600.0,57.489583333333336,5.129417890946685,9.612403100775209,-9.911123081066524,9600.0,795680.0
9700.0,30.211210869,6.21844304424908E-6,9700.0,57.36082474226804,5.260700500102197,9.318131988599006,-10.058541777541226,9700.0,795680.0
9800.0,30.520703372,6.28214990491634E-6,9800.0,57.214285714285715,5.32062013917788,9.301319489508993,-10.313075506445651,9800.0,795680.0
9900.0,30.756742317,6.33073686594254E-6,9900.0,57.14141414141414,5.580258701958677,9.240641711229935,-10.207792207792233,9900.0,795680.0
10000.0,31.022958871,6.385535676086888E-6,10000.0,56.98,5.566774958293077,8.778625954198471,-10.562837316885126,10000.0,795680.0
