learning evaluation instances,evaluation time (cpu seconds),model cost (RAM-Hours),classified instances,classifications correct (percent),Kappa Statistic (percent),Kappa Temporal Statistic (percent),Kappa M Statistic (percent),model training instances,model serialized size (bytes)
100.0,2.346874621,1.4442330144686674E-5,100.0,100.0,?,?,?,100.0,2.3787552E7
200.0,5.656768495,3.6195671471470164E-5,200.0,98.0,59.01639344262287,0.0,33.33333333333333,200.0,2.5404712E7
300.0,8.852997588,5.7213565923188976E-5,300.0,98.66666666666667,59.3495934959351,0.0,33.33333333333352,300.0,2.5418576E7
400.0,12.005763252,7.795106750957256E-5,400.0,99.0,59.51417004048588,0.0,33.33333333333333,400.0,2.542536E7
500.0,15.168009194,9.875524561960222E-5,500.0,98.8,49.46091644204845,0.0,25.0,500.0,2.543064E7
600.0,18.733823719,1.2222096532129914E-4,600.0,98.66666666666667,42.3076923076929,0.0,20.0000000000004,600.0,2.543768E7
700.0,21.808402326,1.4246556081448934E-4,700.0,97.14285714285714,22.32578783843776,-66.66666666666688,9.090909090909188,700.0,2.5452232E7
800.0,24.909549724,1.6292172077179008E-4,800.0,85.625,10.334879731784282,-784.6153846153857,5.737704918032739,800.0,2.549788E7
900.0,28.006489639,1.8336409300541727E-4,900.0,78.66666666666666,7.285194604513413,-585.7142857142863,4.477611940298511,900.0,2.5515312E7
1000.0,31.115927534,2.038966717755749E-4,1000.0,75.3,6.023619650575297,-285.9375000000003,3.891050583657591,1000.0,2.5524896E7
1100.0,34.268236999,2.2472033670950888E-4,1100.0,71.54545454545455,5.360087960417763,-226.04166666666666,3.6923076923076787,1100.0,2.5534696E7
1200.0,37.461412938,2.458199532142729E-4,1200.0,71.0,4.6640641051982445,-197.43589743589737,3.0640668523676844,1200.0,2.5541952E7
1300.0,40.647807233,2.6687873503753086E-4,1300.0,68.53846153846153,3.693587300667303,-227.20000000000002,2.386634844868727,1300.0,2.5546776E7
1400.0,43.833661756,2.8794200673573254E-4,1400.0,66.92857142857143,4.469112367432811,-219.31034482758633,3.13807531380752,1400.0,2.5556552E7
1500.0,46.938154929,3.0847157928385395E-4,1500.0,65.2,3.617720552936421,-191.62011173184365,2.429906542056087,1500.0,2.5561808E7
1600.0,50.057753762,3.2910460731616815E-4,1600.0,63.74999999999999,3.3623246359425285,-160.08968609865468,2.356902356902337,1600.0,2.5566224E7
1700.0,53.181953773,3.497708672601069E-4,1700.0,62.588235294117645,3.527853967653438,-164.99999999999991,2.603369065849926,1700.0,2.5569688E7
1800.0,56.300718734,3.7041015327823575E-4,1800.0,62.05555555555555,3.2577903682719267,-140.49295774647888,2.428571428571409,1800.0,2.5580816E7
1900.0,59.398293089,3.909119291973801E-4,1900.0,60.473684210526315,2.8677465643949485,-148.67549668874176,2.213541666666657,1900.0,2.5584216E7
2000.0,62.574269743,4.11935442708299E-4,2000.0,60.5,2.873947596191683,-136.5269461077844,2.2277227722772297,2000.0,2.5587648E7
2100.0,65.833037094,4.335117003502872E-4,2100.0,58.857142857142854,2.535872213699119,-132.8840970350405,2.04081632653061,2100.0,2.5593232E7
2200.0,68.945875314,4.541236635440282E-4,2200.0,57.40909090909091,2.262554999241404,-135.42713567839195,1.884816753926701,2200.0,2.5595592E7
2300.0,72.048730926,4.7467176066837374E-4,2300.0,56.65217391304348,2.090467366335632,-144.96314496314494,1.77339901477833,2300.0,2.5598376E7
2400.0,75.106078165,4.949226630191343E-4,2400.0,56.25,1.9681069574634773,-143.61948955916475,1.6853932584269555,2400.0,2.5603656E7
2500.0,78.177303461,5.152676122149356E-4,2500.0,56.00000000000001,1.869545730932732,-139.65141612200435,1.6100178890876777,2500.0,2.5606328E7
2600.0,81.249710401,5.356234348675425E-4,2600.0,53.84615384615385,1.6204871551672027,-161.43790849673206,1.4778325123152702,2600.0,2.561016E7
2700.0,84.302604334,5.558535149337859E-4,2700.0,51.85185185185185,1.4153497704746794,-183.22440087145964,1.3657056145675128,2700.0,2.561464E7
2800.0,87.339254805,5.759786408355864E-4,2800.0,51.142857142857146,3.473580227002411,-198.0392156862745,1.0130246020260503,2800.0,2.5618056E7
2900.0,90.427097312,5.964481178585459E-4,2900.0,52.82758620689655,9.433755513144797,-198.0392156862746,1.0130246020260372,2900.0,2.5624416E7
3000.0,93.570041281,6.172859291820554E-4,3000.0,54.400000000000006,14.368698671295988,-198.03921568627442,1.0130246020260583,3000.0,2.5628184E7
3100.0,96.714315855,6.381352304935524E-4,3100.0,55.87096774193549,18.521991069850372,-198.0392156862745,1.0130246020260494,3100.0,2.5631464E7
3200.0,99.9878032,6.598425318537458E-4,3200.0,57.06250000000001,21.532794608948926,-196.7602591792657,1.0086455331412145,3200.0,2.5632888E7
3300.0,103.159237595,6.808751231089741E-4,3300.0,57.36363636363636,21.888826456625083,-197.46300211416496,0.9852216748768535,3300.0,2.563536E7
3400.0,106.317156684,7.018188862806514E-4,3400.0,58.411764705882355,24.27051537193863,-196.4360587002097,0.9110021023125353,3400.0,2.5636344E7
3500.0,109.433476735,7.224875391825282E-4,3500.0,58.31428571428572,23.5095407486763,-200.2057613168723,0.8831521739130593,3500.0,2.5637312E7
3600.0,112.588100018,7.43411507214804E-4,3600.0,58.27777777777777,22.93450886997121,-204.6653144016228,0.8580858085808339,3600.0,2.5638872E7
3700.0,115.783442894,7.646076761324592E-4,3700.0,58.16216216216217,22.179326679164866,-211.46881287726362,0.8327994875080255,3700.0,2.5641432E7
3800.0,118.898654076,7.852733006923285E-4,3800.0,58.631578947368425,22.919599526699297,-203.47490347490353,0.82018927444796,3800.0,2.564268E7
3900.0,122.032927197,8.060661044667923E-4,3900.0,58.35897435897436,21.80900984004526,-203.55140186915895,0.7941356139279089,3900.0,2.5643576E7
4000.0,125.165180785,8.268467812120785E-4,4000.0,59.4,23.916305124663182,-203.55140186915884,0.7941356139279109,4000.0,2.5645144E7
4100.0,128.344982474,8.479451428286262E-4,4100.0,60.14634146341463,25.246146316882513,-204.28305400372443,0.7893139040680031,4100.0,2.5647856E7
4200.0,131.457570422,8.68598138828057E-4,4200.0,60.59523809523809,25.846698209823426,-202.5594149908592,0.7793764988009453,4200.0,2.5648608E7
4300.0,134.580750915,8.893226801131769E-4,4300.0,61.46511627906976,27.386479909012714,-202.3722627737226,0.7784431137724485,4300.0,2.5650168E7
4400.0,137.765658747,9.104575713789722E-4,4400.0,61.47727272727273,26.97073267410498,-203.76344086021504,0.7611241217798537,4400.0,2.5651072E7
4500.0,140.911018348,9.313311812531664E-4,4500.0,61.6,26.813001760591543,-208.02139037433145,0.7466973004020526,4500.0,2.5652496E7
4600.0,144.090426836,9.524317308433462E-4,4600.0,62.30434782608696,27.93112527157743,-208.54092526690394,0.7441327990841488,4600.0,2.5653688E7
4700.0,147.224251142,9.73230494579784E-4,4700.0,62.21276595744681,27.312638380898434,-214.33628318584073,0.7266629401900528,4700.0,2.56546E7
4800.0,150.355008587,9.940289578255434E-4,4800.0,62.5,27.524743505537565,-211.95840554592715,0.8264462809917472,4800.0,2.567936E7
4900.0,153.513469029,0.0010150129172260796,4900.0,62.93877551020408,28.051492698662507,-211.4922813036021,0.8192244675041059,4900.0,2.5681144E7
5000.0,156.74394092,0.0010364761303132527,5000.0,63.519999999999996,28.868067892933336,-208.62944162436557,0.8156606851549761,5000.0,2.5682136E7
5100.0,159.961539536,0.0010578553584545552,5100.0,63.98039215686274,29.422947640380432,-209.78077571669465,0.8099352051835824,5100.0,2.5683992E7
5200.0,163.176394656,0.0010792174087771926,5200.0,64.59615384615385,30.289444587492248,-208.3752093802346,0.8081896551724109,5200.0,2.5685256E7
5300.0,166.424863206,0.001100803593294754,5300.0,65.15094339622641,31.021716557324737,-206.301824212272,0.8055853920515416,5300.0,2.5686184E7
5400.0,169.543174127,0.0011215266571340764,5400.0,65.38888888888889,31.109360051374118,-206.89655172413802,0.7961783439490416,5400.0,2.5688392E7
5500.0,172.649087279,0.0011421697922229938,5500.0,65.76363636363637,31.473230591371504,-206.17886178861787,0.7903055848261539,5500.0,2.5691456E7
5600.0,175.874831642,0.0011636112625513242,5600.0,66.33928571428571,32.235161195064634,-205.5105348460291,0.7894736842105234,5600.0,2.569372E7
5700.0,179.186994943,0.001185628090417925,5700.0,66.52631578947368,32.22498791334401,-204.30622009569376,0.7800312012480525,5700.0,2.5694808E7
5800.0,182.29275327,0.001206273628867504,5800.0,66.82758620689656,32.44319039684964,-201.09546165884186,0.7735946364105306,5800.0,2.5695728E7
5900.0,185.372571939,0.0012267479316711938,5900.0,66.94915254237289,32.33137101171217,-201.39103554868626,0.8642602948652801,5900.0,2.5697232E7
6000.0,188.49339533,0.0012474974711298237,6000.0,67.16666666666666,32.392896792780796,-199.84779299847784,0.8555611474584864,6000.0,2.5700504E7
6100.0,191.637976469,0.001268406388401951,6100.0,67.04918032786885,31.81124266377175,-199.5529061102832,0.83867784903799,6100.0,2.5702248E7
6200.0,194.740709048,0.0012890384593652418,6200.0,66.96774193548387,31.309186022293563,-197.2423802612483,0.8232445520580962,6200.0,2.5704008E7
6300.0,197.797718267,0.001309367384610922,6300.0,66.98412698412697,31.002781687304225,-197.56795422031487,0.8106819265617387,6300.0,2.5705144E7
6400.0,200.870290195,0.0013298004495435182,6400.0,67.15625,30.99815400776249,-197.31258840169735,0.8022652194431082,6400.0,2.570596E7
6500.0,203.984509602,0.0013505116494959687,6500.0,67.10769230769232,30.581121481788603,-199.4397759103642,0.7888631090487451,6500.0,2.5707416E7
6600.0,207.147705027,0.001371551256412979,6600.0,67.07575757575758,30.203086446790184,-200.96952908587264,0.7762557077625538,6600.0,2.5710704E7
6700.0,210.249063407,0.0013921805245878033,6700.0,67.07462686567163,29.889622713557447,-201.7783857729138,0.7647323436797082,6700.0,2.5711904E7
6800.0,213.394489501,0.0014131046295202208,6800.0,67.25,29.91229919833917,-201.3531799729365,0.7133303611234861,6800.0,2.5714008E7
6900.0,216.596633203,0.0014344068946869986,6900.0,67.69565217391305,30.433103133837164,-200.80971659919032,0.7126948775055888,6900.0,2.5715048E7
7000.0,219.784925237,0.0014556182917247274,7000.0,67.67142857142858,30.088762248478858,-202.13618157543394,0.7020623080298527,7000.0,2.57166E7
7100.0,222.977268902,0.0014768573838417121,7100.0,67.94366197183098,30.29287723961242,-202.6595744680851,0.6980802792320834,7100.0,2.5717496E7
7200.0,226.207427422,0.0014983486248321615,7200.0,68.20833333333334,30.484635234986808,-203.9840637450198,0.6941431670282041,7200.0,2.5718168E7
7300.0,229.374470847,0.0015194223602494517,7300.0,68.20547945205479,30.19145076926069,-206.60501981505934,0.6846384253316328,7300.0,2.572112E7
7400.0,232.569787599,0.001540684479719951,7400.0,68.63513513513514,30.686768959178828,-206.6050198150594,0.6846384253316498,7400.0,2.5721424E7
7500.0,235.68508134,0.0015614146491457345,7500.0,69.02666666666667,31.113797278729088,-206.06060606060615,0.6840530141085894,7500.0,2.5722088E7
7600.0,238.875315746,0.0015826439204911379,7600.0,69.43421052631578,31.571104919602988,-206.060606060606,0.6840530141085883,7600.0,2.57226E7
7700.0,242.08279408,0.0016039887904713028,7700.0,69.83116883116884,32.010734695031815,-206.06060606060618,0.6840530141086082,7700.0,2.5723624E7
7800.0,245.251204523,0.0016250739499879153,7800.0,70.21794871794872,32.43369221230006,-206.060606060606,0.6840530141085837,7800.0,2.572396E7
7900.0,248.44747589,0.0016463449882389103,7900.0,70.59493670886076,32.84090822592289,-206.060606060606,0.6840530141085747,7900.0,2.5724528E7
8000.0,251.588090819,0.001667246480445343,8000.0,70.96249999999999,33.233245475029065,-206.06060606060598,0.6840530141085939,8000.0,2.5725568E7
8100.0,254.751621625,0.0016883010721733109,8100.0,71.32098765432099,33.611504784722094,-206.06060606060598,0.6840530141086149,8100.0,2.5726288E7
8200.0,257.98653241,0.00170983120220766,8200.0,71.67073170731707,33.97643052222554,-206.06060606060618,0.684053014108594,8200.0,2.5726856E7
8300.0,261.18114088,0.0017310936004058088,8300.0,72.01204819277109,34.32871548603747,-206.06060606060598,0.6840530141085986,8300.0,2.5727464E7
8400.0,264.365829923,0.0017522982824652216,8400.0,72.3452380952381,34.66900529566351,-206.06060606060623,0.6840530141086149,8400.0,2.5737544E7
8500.0,267.511086545,0.0017732410226937133,8500.0,72.67058823529412,34.99790234045081,-206.06060606060592,0.6840530141085847,8500.0,2.5738296E7
8600.0,270.647308798,0.0017941239644263343,8600.0,72.98837209302326,35.315969338335776,-206.0606060606061,0.6840530141086157,8600.0,2.5738736E7
8700.0,273.72796185,0.0018146373186172333,8700.0,73.29885057471265,35.6237325487346,-206.06060606060606,0.6840530141086304,8700.0,2.5739272E7
8800.0,276.83644914,0.0018353367222112402,8800.0,73.5340909090909,35.79612343313682,-205.2424639580604,0.6823027718550151,8800.0,2.5740152E7
8900.0,279.918515177,0.0018558609841270001,8900.0,73.76404494382022,35.961570841112085,-205.22875816993462,0.680561463207141,8900.0,2.5741152E7
9000.0,283.010016942,0.001876449232630414,9000.0,74.05555555555556,36.24342820375938,-205.2287581699348,0.6805614632071417,9000.0,2.5742592E7
9100.0,286.104137267,0.0018970563477714373,9100.0,74.32967032967032,36.497857561458694,-205.3594771241829,0.638026371756697,9100.0,2.5744376E7
9200.0,289.181356406,0.0019175515300126394,9200.0,74.60869565217392,36.76307273229417,-205.35947712418277,0.6380263717567065,9200.0,2.5745168E7
9300.0,292.365673085,0.001938761779484898,9300.0,74.53763440860214,36.38367245633483,-204.37017994858624,0.5877413937867195,9300.0,2.5747312E7
9324.0,293.798364111,0.0019483047552267217,9324.0,74.54954954954955,36.34641269964018,-203.45268542199483,0.5865102639296272,9324.0,2.5747416E7
