learning evaluation instances,evaluation time (cpu seconds),model cost (RAM-Hours),classified instances,classifications correct (percent),Kappa Statistic (percent),Kappa Temporal Statistic (percent),Kappa M Statistic (percent),model training instances,model serialized size (bytes)
100.0,0.081003984,6.372571487824122E-9,100.0,100.0,?,?,?,100.0,304096.0
200.0,0.184263534,1.5072779067394634E-8,200.0,96.0,53.703703703703674,-100.0,-33.33333333333333,200.0,325688.0
300.0,0.255768725,2.110120000200553E-8,300.0,91.66666666666666,26.122931442080354,-525.0000000000014,-316.66666666666646,300.0,325888.0
400.0,0.291943847,2.4151406945942178E-8,400.0,91.5,20.671955202986478,-749.999999999999,-466.6666666666659,400.0,325928.0
500.0,0.321320991,2.662866649138431E-8,500.0,89.60000000000001,13.7244491637909,-766.6666666666657,-549.9999999999993,500.0,325960.0
600.0,0.59973008,5.053162464290857E-8,600.0,84.66666666666667,10.505836575875495,-1050.000000000002,-819.999999999997,600.0,331872.0
700.0,0.674128781,5.69342537289982E-8,700.0,84.0,13.066619355983262,-833.3333333333345,-409.09090909090844,700.0,332656.0
800.0,0.718548164,6.076610538152357E-8,800.0,84.375,52.23447142666081,-861.5384615384623,-2.459016393442644,800.0,333456.0
900.0,0.760110095,6.43529203495818E-8,900.0,84.77777777777777,61.02492129120357,-389.28571428571473,31.8407960199005,900.0,333592.0
1000.0,0.79056196,6.698149839947829E-8,1000.0,85.2,64.24930793423805,-131.25000000000023,42.412451361867696,1000.0,333664.0
1100.0,0.828444565,7.025266738398208E-8,1100.0,82.45454545454545,58.920278637770906,-101.0416666666666,40.61538461538462,1100.0,333784.0
1200.0,0.853086677,7.238077268318999E-8,1200.0,80.83333333333333,56.11398914298253,-96.58119658119651,35.93314763231199,1200.0,333824.0
1300.0,0.875614411,7.432627922518387E-8,1300.0,80.84615384615384,57.61358041503859,-99.20000000000002,40.57279236276849,1300.0,333824.0
1400.0,0.897967605,7.625717502717344E-8,1400.0,80.64285714285714,58.19873340179016,-86.89655172413804,43.30543933054392,1400.0,333904.0
1500.0,0.920194327,7.817719202613252E-8,1500.0,80.73333333333333,59.15617698047788,-61.452513966480495,45.98130841121496,1500.0,333912.0
1600.0,0.955046305,8.118356430208104E-8,1600.0,79.875,57.65080325378611,-44.39461883408072,45.79124579124578,1600.0,333440.0
1700.0,0.978999704,8.324996116293594E-8,1700.0,79.94117647058823,58.21909712312142,-42.083333333333265,47.77947932618684,1700.0,333464.0
1800.0,1.001253453,8.516987184884855E-8,1800.0,80.16666666666666,58.81825173032554,-25.70422535211268,48.999999999999986,1800.0,333488.0
1900.0,1.023117279,8.705623297902652E-8,1900.0,80.78947368421052,60.56907888003674,-20.86092715231792,52.47395833333333,1900.0,333504.0
2000.0,1.045289146,8.896926295941695E-8,2000.0,80.85,60.77363004719454,-14.670658682634707,52.599009900990104,2000.0,333520.0
2100.0,1.075549739,9.157913861709336E-8,2100.0,81.42857142857143,62.32903175952399,-5.121293800539104,55.782312925170075,2100.0,333384.0
2200.0,1.097638916,9.3484256780191E-8,2200.0,81.72727272727272,63.20320203705475,-1.005025125628147,57.90575916230366,2200.0,333384.0
2300.0,1.120274079,9.54365112685557E-8,2300.0,82.0,63.83386824163928,-1.7199017199017348,59.21182266009851,2300.0,333392.0
2400.0,1.142628179,9.736452442482734E-8,2400.0,81.95833333333333,63.84043024042355,-0.46403712296984834,59.456928838951306,2400.0,333392.0
2500.0,1.16491039,9.928638336018555E-8,2500.0,82.04,64.0587457799044,2.178649237472769,59.838998211091244,2500.0,333400.0
2600.0,1.194198565,1.0181245180951637E-7,2600.0,82.42307692307692,64.90575177066165,0.4357298474945393,62.47947454844006,2600.0,333392.0
2700.0,1.216690961,1.0375248592353943E-7,2700.0,82.77777777777777,65.60206119134403,-1.3071895424836684,64.71927162367221,2700.0,333408.0
2800.0,1.238761024,1.0565609259659631E-7,2800.0,83.21428571428572,66.39091553597807,-2.3965141612200216,65.99131693198264,2800.0,333408.0
2900.0,1.261070815,1.0758051501941142E-7,2900.0,83.6551724137931,67.13175417823167,-3.267973856209193,65.70188133140375,2900.0,333432.0
3000.0,1.282735148,1.0944930565471242E-7,3000.0,83.89999999999999,67.44314796224214,-5.228758169934644,65.0506512301013,3000.0,333440.0
3100.0,1.309367322,1.1174646269519502E-7,3100.0,84.38709677419355,68.20049204037376,-5.446623093681912,64.97829232995659,3100.0,333416.0
3200.0,1.332355965,1.1372944227843234E-7,3200.0,84.71875,68.64555531510736,-5.61555075593956,64.76945244956772,3200.0,333432.0
3300.0,1.354229481,1.1561623201376447E-7,3300.0,84.66666666666667,68.44414795608866,-6.976744186046519,64.39127375087968,3300.0,333432.0
3400.0,1.37664933,1.175501479402619E-7,3400.0,84.94117647058823,68.74567981916732,-7.337526205450788,64.12053258584442,3400.0,333432.0
3500.0,1.400722618,1.196266880216139E-7,3500.0,84.71428571428572,68.24977499306499,-10.082304526748898,63.654891304347835,3500.0,333432.0
3600.0,1.426457144,1.2184652499251688E-7,3600.0,84.52777777777779,67.82733425108542,-12.981744421906699,63.23432343234323,3600.0,333432.0
3700.0,1.448256268,1.2372689774111535E-7,3700.0,84.2972972972973,67.31967520649248,-16.90140845070422,62.78026905829598,3700.0,333432.0
3800.0,1.469596695,1.2556774786703082E-7,3800.0,84.44736842105263,67.4935372091744,-14.092664092664165,62.71293375394321,3800.0,333440.0
3900.0,1.490951973,1.2740987905752948E-7,3900.0,84.38461538461539,67.40070329163544,-13.831775700934648,62.79780085522295,3900.0,333440.0
4000.0,1.512415835,1.2926137683052777E-7,4000.0,84.7,67.77089105850241,-14.392523364485971,62.61453879047036,4000.0,333440.0
4100.0,1.538311996,1.3149520988539482E-7,4100.0,84.8780487804878,67.89337873561549,-15.456238361266308,62.355798421372185,4100.0,333440.0
4200.0,1.562390768,1.335722728451983E-7,4200.0,85.04761904761905,68.08831898904724,-14.80804387568552,62.35011990407674,4200.0,333440.0
4300.0,1.584304809,1.3546260358385535E-7,4300.0,85.39534883720931,68.53634096893715,-14.598540145985355,62.395209580838326,4300.0,333440.0
4400.0,1.605948402,1.3732964995626774E-7,4400.0,85.18181818181819,68.0302687204797,-16.845878136200714,61.82669789227167,4400.0,333448.0
4500.0,1.627272217,1.39169243639244E-7,4500.0,85.17777777777778,67.97265805063766,-18.89483065953653,61.6886846639862,4500.0,333472.0
4600.0,1.651872177,1.4129106123500402E-7,4600.0,85.41304347826087,68.22163029440448,-19.39501779359428,61.591299370349184,4600.0,333408.0
4700.0,1.674596858,1.432511306011263E-7,4700.0,85.46808510638297,68.35129793100836,-20.88495575221245,61.82224706539965,4700.0,333408.0
4800.0,1.696113115,1.451070589676044E-7,4800.0,85.4375,68.20089392336826,-21.143847487001707,61.48760330578513,4800.0,333424.0
4900.0,1.717851392,1.4698218310893618E-7,4900.0,85.53061224489797,68.21621427766337,-21.612349914236688,61.277990169306406,4900.0,333432.0
5000.0,1.739109722,1.4881590745550685E-7,5000.0,85.61999999999999,68.15497639836414,-21.658206429780098,60.9026644915715,5000.0,333432.0
5100.0,1.763599392,1.5092735059290505E-7,5100.0,85.80392156862744,68.35347566669911,-22.091062394603657,60.90712742980562,5100.0,333272.0
5200.0,1.784998393,1.5277232334299222E-7,5200.0,86.0,68.52166231167546,-21.943048576214448,60.775862068965516,5200.0,333272.0
5300.0,1.80696782,1.546664769135271E-7,5300.0,86.22641509433963,68.77370825329697,-21.061359867330005,60.79484425349088,5300.0,333272.0
5400.0,1.828531965,1.565256880002469E-7,5400.0,86.09259259259258,68.32399784046429,-23.31691297208546,60.138004246284495,5400.0,333272.0
5500.0,1.850606424,1.584288971887467E-7,5500.0,86.14545454545454,68.24874919315003,-23.90243902439023,59.85247629083247,5500.0,333272.0
5600.0,1.875119253,1.6054274289709829E-7,5600.0,86.35714285714286,68.43906757155503,-23.824959481361415,59.78947368421053,5600.0,333336.0
5700.0,1.897699471,1.6248993132291986E-7,5700.0,86.3859649122807,68.37176815630833,-23.763955342902747,59.646385855434204,5700.0,333336.0
5800.0,1.919462807,1.6436667653266344E-7,5800.0,86.43103448275862,68.28913616344538,-23.161189358372432,59.412068076328005,5800.0,333336.0
5900.0,1.940633488,1.6619231457610306E-7,5900.0,86.37288135593221,68.0759780416353,-24.265842349304457,59.12557193695985,5900.0,333336.0
6000.0,1.962439412,1.6807273233057934E-7,6000.0,86.43333333333332,68.10240252129478,-23.89649923896499,59.033719174635124,6000.0,333336.0
6100.0,1.986182784,1.7012007706445334E-7,6100.0,86.29508196721312,67.82391461235692,-24.59016393442623,58.75678342377899,6100.0,333312.0
6200.0,2.007030192,1.7191770846170066E-7,6200.0,86.11290322580645,67.38544704946496,-24.96371552975335,58.30508474576269,6200.0,333312.0
6300.0,2.027868814,1.737145822592763E-7,6300.0,86.04761904761905,67.1850500783975,-25.751072961373406,58.082975679542216,6300.0,333312.0
6400.0,2.048652324,1.755067038564074E-7,6400.0,86.140625,67.28775824104396,-25.459688826025417,58.140632373761214,6400.0,333312.0
6500.0,2.070471827,1.773881571126171E-7,6500.0,86.2,67.43774328845005,-25.630252100840384,58.37587006960556,6500.0,333312.0
6600.0,2.094107254,1.794259982952745E-7,6600.0,86.0909090909091,67.19255610859142,-27.146814404432106,58.08219178082192,6600.0,333280.0
6700.0,2.115705635,1.812882058314669E-7,6700.0,86.11940298507463,67.23400410986868,-27.2229822161423,58.16464237516868,6700.0,333280.0
6800.0,2.137179693,1.8313973870948582E-7,6800.0,86.1470588235294,67.15618930168344,-27.469553450608984,58.00267498885421,6800.0,333288.0
6900.0,2.159380302,1.850539161544542E-7,6900.0,86.34782608695653,67.37456010769739,-27.12550607287449,58.0400890868597,6900.0,333288.0
7000.0,2.18127037,1.8694131818177806E-7,7000.0,86.28571428571429,67.20779978097544,-28.17089452603471,57.87626151820976,7000.0,333288.0
7100.0,2.205289844,1.8901252036432018E-7,7100.0,86.38028169014085,67.2524533114816,-28.590425531914853,57.809773123909245,7100.0,333320.0
7200.0,2.226576521,1.9084807312711044E-7,7200.0,86.44444444444444,67.21885028066342,-29.61487383798136,57.657266811279825,7200.0,333320.0
7300.0,2.249102283,1.9279056557998273E-7,7300.0,86.39726027397259,67.10091575902851,-31.175693527080593,57.50962772785621,7300.0,333336.0
7400.0,2.270375339,1.9462503185595288E-7,7400.0,86.58108108108108,67.27857218048983,-31.175693527080583,57.50962772785623,7400.0,333336.0
7500.0,2.291092807,1.9641158741099352E-7,7500.0,86.73333333333333,67.41075109386333,-31.093544137022498,57.46045318512183,7500.0,333336.0
7600.0,2.314403366,1.9842165976632808E-7,7600.0,86.90789473684211,67.5761745511474,-31.093544137022356,57.46045318512185,7600.0,333320.0
7700.0,2.335352975,2.0022819047165834E-7,7700.0,87.05194805194805,67.67906837711192,-31.3570487483532,57.37494655835826,7700.0,333328.0
7800.0,2.356701564,2.0206912609694738E-7,7800.0,87.21794871794873,67.8333884844474,-31.357048748353026,57.37494655835829,7800.0,333328.0
7900.0,2.377519997,2.0386434520826164E-7,7900.0,87.37974683544304,67.98239017231776,-31.35704874835305,57.374946558358275,7900.0,333328.0
8000.0,2.399887561,2.0579314928138014E-7,8000.0,87.4625,67.96004684924755,-32.147562582345145,57.11842667806756,8000.0,333328.0
8100.0,2.423433878,2.0782359980949933E-7,8100.0,87.61728395061729,68.10025917778667,-32.147562582345124,57.11842667806757,8100.0,333328.0
8200.0,2.444327605,2.0962535492925395E-7,8200.0,87.76829268292683,68.23587406690031,-32.14756258234523,57.11842667806756,8200.0,333336.0
8300.0,2.46531293,2.1143500893490188E-7,8300.0,87.91566265060241,68.36711398827963,-32.147562582345124,57.11842667806756,8300.0,333336.0
8400.0,2.48622338,2.1323820615021311E-7,8400.0,88.03571428571428,68.44014933394583,-32.41106719367599,57.03292005130398,8400.0,333336.0
8500.0,2.506832576,2.1501542494928263E-7,8500.0,88.12941176470588,68.45618350016204,-32.93807641633728,56.861906797776804,8500.0,333336.0
8600.0,2.530038154,2.170164447801395E-7,8600.0,88.26744186046511,68.57638501609168,-32.938076416337346,56.86190679777682,8600.0,333320.0
8700.0,2.551779421,2.1889119689426286E-7,8700.0,88.40229885057471,68.69294182278885,-32.93807641633732,56.861906797776825,8700.0,333320.0
8800.0,2.573448273,2.20759704654074E-7,8800.0,88.51136363636364,68.8129224038812,-32.50327653997382,56.88699360341152,8800.0,333320.0
8900.0,2.595091886,2.226260360518264E-7,8900.0,88.64044943820225,68.98264994666529,-32.15686274509799,56.997022543598476,8900.0,333320.0
9000.0,2.615860861,2.244169473077999E-7,9000.0,88.72222222222223,68.98568418565267,-32.67973856209153,56.8268821777967,9000.0,333320.0
9100.0,2.639263639,2.2643492328426702E-7,9100.0,88.82417582417582,69.03854386311669,-32.94117647058821,56.741811994895784,9100.0,333312.0
9200.0,2.660352757,2.282533968641506E-7,9200.0,88.8804347826087,68.98602941166779,-33.72549019607834,56.486601446193106,9200.0,333312.0
9300.0,2.68152165,2.300787492869443E-7,9300.0,88.74193548387098,68.6657197935106,-34.57583547557842,56.045340050377845,9300.0,333312.0
9324.0,2.69255132,2.3102981625379584E-7,9324.0,88.74946374946376,68.67100868523296,-34.14322250639381,56.05362379555929,9324.0,333312.0
