learning evaluation instances,evaluation time (cpu seconds),model cost (RAM-Hours),classified instances,classifications correct (percent),Kappa Statistic (percent),Kappa Temporal Statistic (percent),Kappa M Statistic (percent),model training instances,model serialized size (bytes)
100.0,0.422447078,8.688957224661277E-8,100.0,56.00000000000001,3.0409872190392555,12.00000000000001,-4.76190476190474,100.0,795056.0
200.0,0.824957316,1.696785042242706E-7,200.0,53.5,6.155398587285586,3.1250000000000027,0.0,200.0,795056.0
300.0,1.113765661,2.2908105395217323E-7,300.0,56.99999999999999,14.403255772803671,13.99999999999999,6.5217391304347645,300.0,795056.0
400.0,1.425087892,2.931142947796815E-7,400.0,57.25,14.61100569259963,18.181818181818187,8.064516129032254,400.0,795056.0
500.0,1.752745529,3.6050742732791025E-7,500.0,55.800000000000004,11.404380872967524,12.648221343873528,5.555555555555561,500.0,795056.0
600.0,2.053328516,4.2233180374137234E-7,600.0,55.666666666666664,11.333333333333329,11.333333333333329,5.338078291814951,600.0,795056.0
700.0,2.341010547,4.815026914534346E-7,700.0,56.14285714285714,12.512823853181123,14.48467966573815,4.953560371517015,700.0,795056.0
800.0,2.730240955,5.6156020733592E-7,800.0,56.375,12.997955825896193,13.613861386138609,5.9299191374663005,800.0,795056.0
900.0,3.047728349,6.268615084810349E-7,900.0,56.44444444444444,13.081183357313202,12.69487750556793,6.888361045130627,900.0,795056.0
1000.0,3.357289814,6.905325922182617E-7,1000.0,57.599999999999994,15.362503992334704,14.170040485829949,9.594882729211072,1000.0,795056.0
1100.0,4.814348773,1.010993768498049E-6,1100.0,57.99999999999999,16.236752319889234,13.80597014925373,9.41176470588234,1100.0,850160.0
1200.0,5.148983593,1.0845923469076512E-6,1200.0,58.166666666666664,16.5315708525585,13.148788927335644,10.357142857142858,1200.0,850160.0
1300.0,5.468407225,1.1548454222619491E-6,1300.0,56.92307692307692,14.00186644300853,10.685805422647526,8.794788273615632,1300.0,850160.0
1400.0,5.747734352,1.2162797925956711E-6,1400.0,56.92857142857143,13.918629550321196,10.534124629080118,10.267857142857139,1400.0,850160.0
1500.0,6.075195729,1.2883006654721124E-6,1500.0,57.13333333333333,14.296529564809424,10.94182825484764,11.310344827586203,1500.0,850160.0
1600.0,6.566365612,1.3963270960342717E-6,1600.0,57.49999999999999,14.987248087213064,11.45833333333332,11.917098445595853,1600.0,850160.0
1700.0,6.886372574,1.4667084672387853E-6,1700.0,57.470588235294116,14.912912247667048,11.72161172161173,11.72161172161173,1700.0,850160.0
1800.0,7.194990774,1.534585028295194E-6,1800.0,57.833333333333336,15.634795367138702,12.75862068965517,12.557603686635952,1800.0,850160.0
1900.0,7.452835078,1.5912945309865556E-6,1900.0,57.684210526315795,15.383328588093633,12.41830065359478,12.322791712104696,1900.0,850160.0
2000.0,7.716118223,1.6492002360509872E-6,2000.0,57.49999999999999,14.981636033383202,12.099276111685624,11.825726141078826,2000.0,850160.0
2100.0,9.49345867,2.040257654506386E-6,2100.0,57.23809523809524,14.410979794128872,12.390243902439043,10.557768924302806,2100.0,850496.0
2200.0,9.826416117,2.113516258337237E-6,2200.0,57.31818181818183,14.599521446442187,12.732342007434964,11.331444759206803,2200.0,850496.0
2300.0,10.109912422,2.175892227646928E-6,2300.0,57.52173913043478,15.001059129697996,13.539823008849558,11.663652802893305,2300.0,850496.0
2400.0,10.391019532,2.2377425168988314E-6,2400.0,57.666666666666664,15.3060430583188,14.261603375527429,12.413793103448265,2400.0,850496.0
2500.0,10.71344814,2.3086845242635283E-6,2500.0,57.720000000000006,15.434263060406023,14.274128142741285,13.075657894736862,2500.0,850496.0
2600.0,11.036382531,2.3797378159882993E-6,2600.0,57.49999999999999,15.010661384489051,13.265306122448969,12.440570522979394,2600.0,850496.0
2700.0,11.368163102,2.452737478944216E-6,2700.0,57.666666666666664,15.338257418224236,14.25356339084772,13.013698630136988,2700.0,850496.0
2800.0,11.708835592,2.5276935768055126E-6,2800.0,57.964285714285715,15.931144964950041,14.956647398843934,13.58296622613803,2800.0,850496.0
2900.0,12.040788611,2.6007311824469803E-6,2900.0,57.68965517241379,15.37931034482758,13.834269662921345,12.66903914590747,2900.0,850496.0
3000.0,12.352632829,2.6693443707965517E-6,3000.0,57.8,15.590095904586132,14.343707713125841,12.508638562543176,3000.0,850496.0
3100.0,15.068907422,3.2668660883324425E-6,3100.0,57.90322580645161,15.806451612903217,14.92829204693611,12.825651302605202,3100.0,850320.0
3200.0,15.366581746,3.3323480075026133E-6,3200.0,57.75,15.49577478873943,14.5385587863464,12.207792207792203,3200.0,850320.0
3300.0,15.645100088,3.393616024552865E-6,3300.0,57.99999999999999,15.992347512280272,15.07352941176469,12.389380530973439,3300.0,850320.0
3400.0,15.911742595,3.452271614514684E-6,3400.0,58.029411764705884,16.046622692571237,15.311572700296743,12.400245549416827,3400.0,850320.0
3500.0,16.263476606,3.5296454967098512E-6,3500.0,58.199999999999996,16.39863507975639,15.725806451612895,13.175074183976253,3500.0,850320.0
3600.0,16.564176288,3.5957929292684625E-6,3600.0,58.333333333333336,16.66062198955789,16.154276131917275,13.34488734835356,3600.0,850320.0
3700.0,16.929230849,3.6760970446348395E-6,3700.0,58.56756756756757,17.121816508131328,16.457765667574943,13.633802816901408,3700.0,850320.0
3800.0,17.27938721,3.753123877919672E-6,3800.0,58.578947368421055,17.15066550128336,16.36556854410202,13.942044833242218,3800.0,850320.0
3900.0,17.619255425,3.827887541389486E-6,3900.0,58.53846153846154,17.06710853355427,16.174183514774487,13.805970149253739,3900.0,850320.0
4000.0,17.936428865,3.89765884474518E-6,4000.0,58.425000000000004,16.84563439580579,16.010101010101017,13.878819264629739,4000.0,850320.0
4100.0,21.126011823,4.599337782467525E-6,4100.0,58.41463414634146,16.820757388620365,16.25736738703339,13.714574898785415,4100.0,850368.0
4200.0,21.44191714,4.668834048961372E-6,4200.0,58.285714285714285,16.56386066763425,16.0919540229885,13.609467455621305,4200.0,850368.0
4300.0,21.753487375,4.73737663725567E-6,4300.0,58.53488372093023,17.064241381578256,16.643291257597006,14.237614237614244,4300.0,850368.0
4400.0,22.080347907,4.809282950368445E-6,4400.0,58.63636363636363,17.268539419867317,17.122040072859743,14.594087282965743,4400.0,850368.0
4500.0,22.448965941,4.8903755301596926E-6,4500.0,58.599999999999994,17.19924763760816,17.310252996005318,14.697802197802181,4500.0,850368.0
4600.0,22.782205907,4.963685260123929E-6,4600.0,58.652173913043484,17.300846009358427,17.19634305616021,14.631956912028723,4600.0,850368.0
4700.0,23.111503843,5.036127779716373E-6,4700.0,58.63829787234043,17.277329725820458,17.241379310344833,14.661984196663738,4700.0,850368.0
4800.0,23.448597355,5.1102852543855915E-6,4800.0,58.791666666666664,17.583977208511385,17.342248223986623,14.851485148514854,4800.0,850368.0
4900.0,23.793773765,5.186220892331025E-6,4900.0,58.91836734693877,17.837857108824167,17.73600326930935,14.883720930232553,4900.0,850368.0
5000.0,24.153119019,5.265273545741361E-6,5000.0,58.98,17.958162262834687,17.927170868347343,14.931563666528403,5000.0,850368.0
5100.0,28.070659658,6.12714512976394E-6,5100.0,59.05882352941176,18.11507812009787,18.213866039952997,15.087433916226109,5100.0,850416.0
5200.0,28.369328995,6.192853347827217E-6,5200.0,59.03846153846154,18.074681037868647,18.484500574052817,15.139442231075693,5200.0,850416.0
5300.0,28.659552293,6.256703410051809E-6,5300.0,59.264150943396224,18.52871953949399,18.895567242674666,15.598123534010927,5300.0,850416.0
5400.0,28.969517583,6.324896774231564E-6,5400.0,59.314814814814824,18.629116178236536,19.108983799705456,15.66218809980807,5400.0,850416.0
5500.0,29.260611688,6.388938416806593E-6,5500.0,59.32727272727273,18.6540936822393,19.095840867992774,15.680361854504332,5500.0,850416.0
5600.0,29.550188777,6.452646310965614E-6,5600.0,59.339285714285715,18.681268223247702,19.111900532859682,15.478841870824061,5600.0,850416.0
5700.0,29.856207613,6.519971442528612E-6,5700.0,59.29824561403508,18.601501908161993,18.966119455116996,15.297553851770711,5700.0,850416.0
5800.0,30.144714231,6.583443829612803E-6,5800.0,59.27586206896551,18.553322081076875,18.998628257887503,15.52217453505007,5800.0,850416.0
5900.0,30.427095051,6.645568521366637E-6,5900.0,59.35593220338983,18.71298528489121,19.259259259259256,15.77098700386371,5900.0,850416.0
6000.0,30.707839154,6.707333130098143E-6,6000.0,59.416666666666664,18.831547627381127,19.237147595356543,15.918508287292813,6000.0,850416.0
6100.0,35.268544024,7.710665165240781E-6,6100.0,59.44262295081967,18.88308336518941,19.22951354880835,15.706984667802379,6100.0,850384.0
6200.0,36.391260935,7.957657214783922E-6,6200.0,59.54838709677419,19.09513252350074,19.460500963391134,16.008037508372393,6200.0,850384.0
6300.0,36.670150797,8.019011575742847E-6,6300.0,59.58730158730159,19.174073702674807,19.455868396077197,16.194865042791314,6300.0,850384.0
6400.0,36.935035676,8.077284911181362E-6,6400.0,59.62499999999999,19.24999999999999,19.65174129353233,16.07664826242285,6400.0,850384.0
6500.0,37.200696956,8.135729050918252E-6,6500.0,59.73846153846154,19.47402604780102,19.723926380368102,16.202369516490563,6500.0,850384.0
6600.0,37.455535339,8.191792207981922E-6,6600.0,59.72727272727273,19.44907183775574,19.8431845597105,16.098484848484848,6600.0,850384.0
6700.0,37.71739864,8.249400811522518E-6,6700.0,59.76119402985075,19.5195553775339,19.90493166963756,16.35122556624264,6700.0,850384.0
6800.0,38.1245542,8.338972978167548E-6,6800.0,59.94117647058823,19.87780621460871,20.280948200175587,16.697247706422004,6800.0,850384.0
6900.0,38.480741493,8.417332383514827E-6,6900.0,60.0,19.996188854365087,20.415224913494807,16.89250225835592,6900.0,850384.0
7000.0,38.790128432,8.4853959473721E-6,7000.0,60.014285714285705,20.028571428571418,20.32450896669512,17.066666666666645,7000.0,850384.0
7100.0,44.728544579,9.791448799192664E-6,7100.0,60.04225352112677,20.0832768225117,20.241776778183873,17.046783625731006,7100.0,850144.0
7200.0,45.075979399,9.867861133096209E-6,7200.0,60.16666666666667,20.330351868877816,20.465890183028293,17.27718488606865,7200.0,850144.0
7300.0,45.441642095,9.94828237591471E-6,7300.0,60.26027397260274,20.517743917405983,20.629274965800278,17.514927495024175,7300.0,850144.0
7400.0,45.81411565,1.0030201550437575E-5,7400.0,60.40540540540541,20.80599785173212,20.76798269334777,17.78900112233446,7400.0,850144.0
7500.0,46.192156748,1.0113345210620048E-5,7500.0,60.45333333333333,20.902690005463747,20.864461045891154,17.952973720608583,7500.0,850144.0
7600.0,46.552955824,1.0192696783578113E-5,7600.0,60.473684210526315,20.948507112916936,21.030494216614088,18.102508178844047,7600.0,850144.0
7700.0,46.962482929,1.0282765251355211E-5,7700.0,60.54545454545455,21.092394347915462,21.111399636458067,18.26741996233523,7700.0,850144.0
7800.0,47.337309001,1.0365201821671962E-5,7800.0,60.58974358974359,21.17496290220998,21.09856262833676,18.201170835550833,7800.0,850144.0
7900.0,47.692714675,1.0443367208298733E-5,7900.0,60.65822784810126,21.315018412449778,21.256650620724596,18.510749868904032,7900.0,850144.0
8000.0,48.045742588,1.0521009647146478E-5,8000.0,60.8125,21.624519950184695,21.467935871743492,18.803418803418804,8000.0,850144.0
8100.0,54.876270294,1.2023606422270435E-5,8100.0,60.90123456790123,21.802917270280524,21.64769915883225,18.815688285055096,8100.0,850336.0
8200.0,55.217822413,1.20987419219911E-5,8200.0,60.90243902439024,21.801230943787022,21.747620209909687,18.629441624365477,8200.0,850336.0
8300.0,55.518427314,1.2164869749044972E-5,8300.0,60.903614457831324,21.799973079226632,21.656204732013514,18.487817131374033,8300.0,850336.0
8400.0,55.843071105,1.2236285711971544E-5,8400.0,61.035714285714285,22.061142763058523,22.034302048594558,18.66302186878727,8400.0,850336.0
8500.0,56.180366124,1.231048472405806E-5,8500.0,61.129411764705885,22.247523861599266,22.00188857412654,18.880432113920957,8500.0,850336.0
8600.0,56.507108566,1.2382362353544001E-5,8600.0,61.16279069767442,22.312543852005017,22.108208955223887,18.912357368293282,8600.0,850336.0
8700.0,56.941496638,1.247792014120456E-5,8700.0,61.287356321839084,22.560831092036686,22.43205895900507,19.155064810369666,8700.0,850336.0
8800.0,57.32028326,1.2561246581148189E-5,8800.0,61.19318181818182,22.369754934139333,22.174111212397452,18.883610451306414,8800.0,850336.0
8900.0,57.710852454,1.2647164981106021E-5,8900.0,61.168539325842694,22.320979942011483,22.021660649819488,18.911309244486166,8900.0,850336.0
9000.0,58.097621055,1.2732247316995137E-5,9000.0,61.18888888888889,22.36162899660908,22.08342627704662,18.99350649350651,9000.0,850336.0
9100.0,65.596912754,1.4381929447011336E-5,9100.0,61.30769230769231,22.59961478928542,22.393652193079124,19.26163723916533,9100.0,850320.0
9200.0,65.884079243,1.44450998695335E-5,9200.0,61.25000000000001,22.48199794602585,22.466289691170083,19.14266273531414,9200.0,850320.0
9300.0,66.163396045,1.4506543530530728E-5,9300.0,61.22580645161291,22.43330325262118,22.38484718037021,19.039066008082624,9300.0,850320.0
9400.0,66.459809047,1.4571747986115388E-5,9400.0,61.26595744680851,22.51354825435309,22.43289305496378,19.160746003552394,9400.0,850320.0
9500.0,66.758763167,1.4637511432751886E-5,9500.0,61.26315789473684,22.506051443923276,22.526315789473685,19.08531222515391,9500.0,850320.0
9600.0,67.058596014,1.470346818034096E-5,9600.0,61.291666666666664,22.563406182085664,22.53491765686887,19.19982604914111,9600.0,850320.0
9700.0,67.359526185,1.4769666315499192E-5,9700.0,61.27835051546392,22.534293690478055,22.476780185758518,19.121447028423784,9700.0,850320.0
9800.0,67.683181141,1.4840863412323093E-5,9800.0,61.3265306122449,22.632760782712673,22.52657399836468,19.327373350361857,9800.0,850320.0
9900.0,67.992654445,1.490894085214237E-5,9900.0,61.282828282828284,22.54614018445051,22.455998381549673,19.288271214992637,9900.0,850320.0
10000.0,68.297834162,1.4976073795596941E-5,10000.0,61.39,22.760925038047404,22.609741431148528,19.545738695561575,10000.0,850320.0
