learning evaluation instances,evaluation time (cpu seconds),model cost (RAM-Hours),classified instances,classifications correct (percent),Kappa Statistic (percent),Kappa Temporal Statistic (percent),Kappa M Statistic (percent),model training instances,model serialized size (bytes)
100.0,2.063448762,9.549590808608892E-6,100.0,53.0,6.000000000000005,52.52525252525253,6.000000000000005,100.0,1.7889304E7
200.0,4.628390407,2.1432303799309616E-5,200.0,60.5,20.999999999999996,60.30150753768844,20.999999999999996,200.0,1.7907728E7
300.0,7.040354071,3.2612783648629175E-5,300.0,67.0,34.00000000000001,66.88963210702342,34.00000000000001,300.0,1.7918104E7
400.0,9.441105503,4.3748792622075615E-5,400.0,69.25,38.5,69.17293233082708,38.5,400.0,1.7930184E7
500.0,11.799822314,5.469827679954138E-5,500.0,70.19999999999999,40.39999999999999,70.14028056112224,40.39999999999999,500.0,1.794404E7
600.0,14.110807376,6.543128220208362E-5,600.0,72.33333333333334,44.66666666666668,72.28714524207011,44.66666666666668,600.0,1.7952568E7
700.0,16.43425187,7.622631292133733E-5,700.0,73.14285714285714,46.285714285714285,73.10443490701002,46.285714285714285,700.0,1.7959392E7
800.0,18.79301632,8.719405129112869E-5,800.0,73.625,47.24999999999999,73.59198998748435,47.24999999999999,800.0,1.7973592E7
900.0,21.142509372,9.812281283530982E-5,900.0,74.55555555555556,49.11111111111111,74.52725250278085,49.11111111111111,900.0,1.7980392E7
1000.0,23.502468593,1.0910679322573317E-4,1000.0,75.1,50.2,75.07507507507508,50.2,1000.0,1.7991096E7
1100.0,26.262066915,1.2195902475135533E-4,1100.0,75.54545454545455,51.0909090909091,75.52320291173795,51.0909090909091,1100.0,1.8002592E7
1200.0,28.532595393,1.3253669129032882E-4,1200.0,76.25,52.49999999999999,76.2301918265221,52.49999999999999,1200.0,1.8007992E7
1300.0,30.780513113,1.4301291085959178E-4,1300.0,76.92307692307693,53.846153846153854,76.905311778291,53.846153846153854,1300.0,1.801468E7
1400.0,33.039917531,1.5354487961813916E-4,1400.0,77.21428571428571,54.42857142857142,77.19799857040744,54.42857142857142,1400.0,1.8018472E7
1500.0,35.298032561,1.6407335700110008E-4,1500.0,78.26666666666667,56.533333333333324,78.25216811207471,56.533333333333324,1500.0,1.8022784E7
1600.0,37.559824742,1.746208749390492E-4,1600.0,78.375,56.749999999999986,78.36147592245153,56.749999999999986,1600.0,1.8026024E7
1700.0,39.831262065,1.8521563267584235E-4,1700.0,78.64705882352942,57.294117647058826,78.63449087698646,57.294117647058826,1700.0,1.8029872E7
1800.0,42.084139893,1.9572577621958015E-4,1800.0,78.83333333333333,57.666666666666664,78.82156753752085,57.666666666666664,1800.0,1.8033224E7
1900.0,44.364517253,2.0636637232127595E-4,1900.0,79.26315789473685,58.52631578947369,79.25223802001054,58.52631578947369,1900.0,1.8036888E7
2000.0,46.633736716,2.169570267049816E-4,2000.0,79.60000000000001,59.20000000000001,79.58979489744873,59.20000000000001,2000.0,1.8040504E7
2100.0,49.092501323,2.2843442246680542E-4,2100.0,79.9047619047619,59.8095238095238,79.89518818484991,59.8095238095238,2100.0,1.8043832E7
2200.0,51.355264372,2.3899898562959246E-4,2200.0,80.18181818181817,60.36363636363635,80.17280582082765,60.36363636363635,2200.0,1.8047408E7
2300.0,53.631777764,2.496295990711178E-4,2300.0,80.6086956521739,61.21739130434782,80.6002609830361,61.21739130434782,2300.0,1.8050552E7
2400.0,55.908782012,2.602646158588037E-4,2400.0,80.95833333333333,61.916666666666664,80.95039599833264,61.916666666666664,2400.0,1.8054136E7
2500.0,58.20054473,2.7097016696986316E-4,2500.0,81.16,62.32,81.15246098439376,62.32,2500.0,1.805684E7
2600.0,60.502898629,2.81726698578122E-4,2600.0,81.26923076923077,62.53846153846154,81.26202385532896,62.53846153846154,2600.0,1.8059368E7
2700.0,62.779205884,2.923630862372946E-4,2700.0,81.51851851851852,63.037037037037045,81.51167098925528,63.037037037037045,2700.0,1.8061992E7
2800.0,65.04284055,3.029419880230694E-4,2800.0,81.71428571428572,63.42857142857143,81.70775276884602,63.42857142857143,2800.0,1.8064944E7
2900.0,67.314927331,3.135622145424777E-4,2900.0,81.89655172413794,63.793103448275865,81.89030700241463,63.793103448275865,2900.0,1.8068048E7
3000.0,69.592918888,3.242114084837525E-4,3000.0,81.96666666666667,63.93333333333333,81.96065355118373,63.93333333333333,3000.0,1.8070368E7
3100.0,71.954553811,3.352587118495153E-4,3100.0,81.35483870967742,62.70967741935485,81.15422236713401,62.3207301173403,3100.0,1.8081976E7
3200.0,74.239380784,3.4595055640955036E-4,3200.0,81.15625,62.31249999999999,80.75327162464092,61.51882578174857,3200.0,1.8088464E7
3300.0,76.529241577,3.5666764384589627E-4,3300.0,80.75757575757576,61.51515151515152,80.15625,60.312500000000014,3300.0,1.8091312E7
3400.0,78.802582998,3.6730903993094404E-4,3400.0,80.67647058823529,61.35294117647059,79.88980716253444,59.79192166462668,3400.0,1.8094072E7
3500.0,81.113646582,3.7812889126623273E-4,3500.0,80.51428571428572,61.02857142857143,79.53795379537954,59.088182363527295,3500.0,1.8097216E7
3600.0,83.398355793,3.8882677148618266E-4,3600.0,80.13888888888889,60.277777777777786,78.97058823529413,57.94117647058824,3600.0,1.8099608E7
3700.0,85.688633185,3.995529518404857E-4,3700.0,80.05405405405406,60.10810810810811,78.71358523218922,57.43944636678201,3700.0,1.8103368E7
3800.0,87.969191395,4.102357519173887E-4,3800.0,79.84210526315789,59.68421052631578,78.31870931219926,56.64968873797396,3800.0,1.8106992E7
3900.0,90.23581357,4.2085526053012545E-4,3900.0,79.53846153846153,59.07692307692307,77.83333333333333,55.666666666666664,3900.0,1.8110384E7
4000.0,92.521527022,4.315654449442891E-4,4000.0,79.325,58.650000000000006,77.44750477229343,54.907306434023994,4000.0,1.8112464E7
4100.0,94.865717683,4.4255077171162326E-4,4100.0,79.29268292682927,58.585365853658544,77.25689793731584,54.52597750401714,4100.0,1.8114336E7
4200.0,97.164805549,4.533261037413219E-4,4200.0,79.19047619047619,58.38095238095238,77.0,53.99999999999999,4200.0,1.8116632E7
4300.0,99.47348887,4.641474731201855E-4,4300.0,79.11627906976744,58.23255813953487,76.77786397724333,53.56773526370217,4300.0,1.8118416E7
4400.0,101.7671048,4.74899281214386E-4,4400.0,79.0,58.00000000000001,76.5064836003051,53.02491103202848,4400.0,1.8120208E7
4500.0,104.054904486,4.85624970271038E-4,4500.0,78.95555555555556,57.91111111111111,76.325,52.65,4500.0,1.8122144E7
4600.0,106.350551377,4.963905939028705E-4,4600.0,78.80434782608695,57.6086956521739,76.01476014760148,52.439024390243894,4600.0,1.812744E7
4700.0,108.651653996,5.071837694777848E-4,4700.0,78.59574468085107,57.18631838376857,75.65343659244917,52.07241543592187,4700.0,1.8130744E7
4800.0,110.947925321,5.179561661162759E-4,4800.0,78.33333333333333,56.6614524976703,75.22629823725585,51.60539785946953,4800.0,1.8133912E7
4900.0,113.239151083,5.287063816943124E-4,4900.0,78.02040816326532,56.04081632653062,74.74794841735053,51.04545454545456,4900.0,1.8136424E7
5000.0,115.529468011,5.394536508435181E-4,5000.0,77.86,55.714685762291474,74.44598337950139,50.778123610493545,5000.0,1.8138648E7
5100.0,117.893921976,5.5055057319477E-4,5100.0,77.66666666666666,55.328015976065416,74.10186448385629,50.45672031317964,5100.0,1.8141536E7
5200.0,120.191901826,5.613367538829774E-4,5200.0,77.48076923076923,54.96153846153846,73.77379619260918,50.170212765957444,5200.0,1.8143616E7
5300.0,122.496743301,5.721572164354992E-4,5300.0,77.28301886792453,54.5606348351851,73.4333627537511,49.81242184243435,5300.0,1.8147096E7
5400.0,124.809413846,5.830158841161535E-4,5400.0,77.12962962962962,54.253850043722586,73.14049586776859,49.57125357288689,5400.0,1.814952E7
5500.0,127.103051912,5.937862140522006E-4,5500.0,77.0,54.0,72.88317256162915,49.40000000000001,5500.0,1.8151248E7
5600.0,129.403218179,6.045882888684215E-4,5600.0,76.82142857142857,53.63743437848534,72.56973795435334,49.0780698313064,5600.0,1.815308E7
5700.0,131.693068836,6.153430377892834E-4,5700.0,76.70175438596492,53.39809841881304,72.32180075031263,48.9034243939977,5700.0,1.8154968E7
5800.0,134.007118864,6.262131824426297E-4,5800.0,76.58620689655173,53.172413793103445,72.0863309352518,48.75471698113207,5800.0,1.8157872E7
5900.0,136.346449889,6.372036811210483E-4,5900.0,76.38983050847457,52.77431030967714,71.7558799675588,48.388291959985175,5900.0,1.8160512E7
5995.0,138.546418074,6.475412188249646E-4,5995.0,76.29691409507925,52.59117546117046,71.55155155155157,48.27084091736442,5995.0,1.8163648E7
