learning evaluation instances,evaluation time (cpu seconds),model cost (RAM-Hours),classified instances,classifications correct (percent),Kappa Statistic (percent),Kappa Temporal Statistic (percent),Kappa M Statistic (percent),model training instances,model serialized size (bytes)
100.0,0.429709637,8.838334668082908E-8,100.0,35.0,0.0,-35.41666666666667,-91.17647058823532,100.0,795056.0
200.0,0.747448245,1.537363179123029E-7,200.0,27.500000000000004,0.0,-93.33333333333333,-168.51851851851848,200.0,795056.0
300.0,1.008796509,2.0749083545770497E-7,300.0,30.0,0.0,-74.99999999999999,-135.9550561797753,300.0,795056.0
400.0,1.24616709,2.563135858591646E-7,400.0,29.75,0.0,-86.0927152317881,-138.13559322033896,400.0,795056.0
500.0,1.45278363,2.988107972605775E-7,500.0,28.999999999999996,0.0,-87.83068783068784,-146.52777777777774,500.0,795056.0
600.0,1.662799474,3.4200718279735084E-7,600.0,29.833333333333336,0.0,-80.68669527896996,-136.5168539325843,600.0,795056.0
700.0,1.885945238,3.879041507072664E-7,700.0,29.714285714285715,0.0,-76.97841726618705,-137.68115942028987,700.0,795056.0
800.0,2.141402153,4.40446926424582E-7,800.0,29.625,0.0,-77.602523659306,-138.55932203389827,800.0,795056.0
900.0,2.390488637,4.916794219826949E-7,900.0,29.555555555555557,0.0,-78.59154929577463,-139.24528301886795,900.0,795056.0
1000.0,2.622086775,5.393148873271421E-7,1000.0,29.9,0.0,-75.6892230576441,-135.23489932885903,1000.0,795056.0
1100.0,3.766949732,7.908519758701532E-7,1100.0,29.454545454545457,0.0,-77.57437070938217,-140.2476780185759,1100.0,849280.0
1200.0,4.009677592,8.441815546108824E-7,1200.0,29.166666666666668,0.0,-78.94736842105262,-143.5530085959885,1200.0,849280.0
1300.0,4.21105825,8.88426766749575E-7,1300.0,30.0,0.0,-75.33718689788053,-133.93316195372756,1300.0,849280.0
1400.0,4.430725212,9.366896507329619E-7,1400.0,30.428571428571427,0.0,-71.1775043936731,-129.17647058823528,1400.0,849280.0
1500.0,4.637462866,9.821118449453058E-7,1500.0,30.06666666666667,0.0,-73.96351575456052,-133.11111111111106,1500.0,849280.0
1600.0,5.007655233,1.0634465668233111E-6,1600.0,30.1875,0.0,-72.11093990755008,-131.7427385892116,1600.0,849280.0
1700.0,5.264675842,1.1199163960619313E-6,1700.0,29.764705882352942,0.0,-73.79912663755455,-136.43564356435638,1700.0,849280.0
1800.0,5.512976209,1.1744703066566132E-6,1800.0,29.61111111111111,0.0,-74.27785419532327,-138.1578947368421,1800.0,849280.0
1900.0,5.746140561,1.2256986933342491E-6,1900.0,29.63157894736842,0.0,-74.54308093994776,-137.90035587188615,1900.0,849280.0
2000.0,5.943899766,1.2691482384122286E-6,2000.0,29.5,0.0,-74.5049504950495,-139.38879456706283,2000.0,849280.0
2100.0,6.988876804,1.498739457278802E-6,2100.0,29.04761904761905,0.0,-76.74970344009488,-144.66338259441704,2100.0,849280.0
2200.0,7.219997581,1.5495188514350393E-6,2200.0,29.363636363636363,0.0,-76.1904761904762,-140.9302325581395,2200.0,849280.0
2300.0,7.473397984,1.6051932875904976E-6,2300.0,29.347826086956523,0.0,-76.63043478260867,-141.09792284866472,2300.0,849280.0
2400.0,7.712515026,1.6577295358793806E-6,2400.0,29.375,0.0,-76.37877211238295,-140.76704545454547,2400.0,849280.0
2500.0,7.944521614,1.708703550988787E-6,2500.0,29.32,0.0,-75.82089552238804,-141.39344262295086,2500.0,849280.0
2600.0,8.210157025,1.7670661327181793E-6,2600.0,29.423076923076923,0.0,-73.60454115421004,-140.18324607329842,2600.0,849280.0
2700.0,8.492917411,1.8291912314602271E-6,2700.0,29.444444444444446,0.0,-71.77637511271415,-139.92443324937028,2700.0,849280.0
2800.0,8.804439267,1.89763549389063E-6,2800.0,29.428571428571427,0.0,-72.27550130775936,-140.09720534629406,2800.0,849280.0
2900.0,9.051573577,1.951933210867498E-6,2900.0,29.310344827586203,0.0,-72.12426532325776,-141.4605418138987,2900.0,849280.0
3000.0,9.310581999,2.008839781195111E-6,3000.0,29.233333333333334,0.0,-71.34786117836964,-142.35159817351595,3000.0,849280.0
3100.0,10.999995089,2.3800196218972607E-6,3100.0,29.419354838709676,0.0,-70.40498442367603,-140.17563117453352,3100.0,849280.0
3200.0,11.240970027,2.432964067296373E-6,3200.0,29.593750000000004,0.0,-69.90950226244341,-138.16067653276954,3200.0,849280.0
3300.0,11.476396764,2.484689521096833E-6,3300.0,29.666666666666668,0.0,-70.16129032258064,-137.321063394683,3300.0,849280.0
3400.0,11.70379716,2.5346515127864353E-6,3400.0,29.64705882352941,0.0,-70.85714285714288,-137.53723932472695,3400.0,849280.0
3500.0,11.962973715,2.591595023505079E-6,3500.0,29.714285714285715,0.0,-70.47817047817048,-136.76612127045237,3500.0,849280.0
3600.0,12.193068163,2.642148923590634E-6,3600.0,29.86111111111111,0.0,-69.91924629878868,-135.1024208566108,3600.0,849280.0
3700.0,12.42288719,2.6926423111091263E-6,3700.0,30.08108108108108,0.0,-69.19555264879006,-132.6438848920863,3700.0,849280.0
3800.0,12.664816237,2.745796383170142E-6,3800.0,29.947368421052634,0.0,-70.42253521126761,-134.1248900615655,3800.0,849280.0
3900.0,12.886775982,2.7945630130009727E-6,3900.0,29.97435897435897,0.0,-69.73275326289621,-133.81849315068493,3900.0,849280.0
4000.0,13.114499133,2.844595916979698E-6,4000.0,30.0,0.0,-69.38898971566849,-133.52793994995832,4000.0,849280.0
4100.0,14.808962496,3.2168853498465694E-6,4100.0,30.21951219512195,0.0,-68.19517930629041,-131.0985460420032,4100.0,849280.0
4200.0,15.080319514,3.2765050220930124E-6,4200.0,30.214285714285715,0.0,-68.06192660550461,-131.15141955835963,4200.0,849280.0
4300.0,15.422449181,3.351674106580537E-6,4300.0,30.162790697674417,0.0,-69.18309859154932,-131.71296296296296,4300.0,849280.0
4400.0,15.650592753,3.4017993809811154E-6,4400.0,30.25,0.0,-68.53377265238882,-130.75187969924815,4400.0,849280.0
4500.0,15.875838421,3.4512879587966743E-6,4500.0,30.288888888888888,0.0,-67.93361884368309,-130.32305433186494,4500.0,849280.0
4600.0,16.147743831,3.511028117889352E-6,4600.0,30.26086956521739,0.0,-67.51958224543083,-130.6254493170381,4600.0,849280.0
4700.0,16.449597919,3.577348281360521E-6,4700.0,30.404255319148938,0.0,-66.71763506625891,-129.06162464985997,4700.0,849280.0
4800.0,16.761971026,3.645979571589186E-6,4800.0,30.541666666666668,0.0,-65.70576540755467,-127.57679180887374,4800.0,849280.0
4900.0,17.116868927,3.7239539563849774E-6,4900.0,30.551020408163264,0.0,-65.19417475728153,-127.47326203208556,4900.0,849280.0
5000.0,17.478439453,3.803394379238143E-6,5000.0,30.56,0.0,-65.64885496183206,-127.37393582187295,5000.0,849280.0
5100.0,20.206073759,4.402681121591251E-6,5100.0,30.686274509803923,0.0,-65.03267973856207,-126.02301790281332,5100.0,849280.0
5200.0,20.492691617,4.465653742973527E-6,5200.0,30.76923076923077,0.0,-64.15868673050615,-125.14071294559099,5200.0,849280.0
5300.0,20.790973073,4.531188965813836E-6,5300.0,30.943396226415093,0.0,-62.88384512683578,-123.30689444783407,5300.0,849280.0
5400.0,21.151454973,4.610390207363354E-6,5400.0,31.037037037037035,0.0,-62.691131498470966,-122.3283582089552,5400.0,849280.0
5500.0,21.498343121,4.686604774586876E-6,5500.0,31.09090909090909,0.0,-62.45177882554649,-121.76711527208892,5500.0,849280.0
5600.0,21.795453552,4.751882712293353E-6,5600.0,30.982142857142858,0.0,-62.942664418212466,-122.89504036908883,5600.0,849280.0
5700.0,22.081443207,4.814717311606989E-6,5700.0,31.17543859649123,0.0,-61.83993399339936,-120.88963963963964,5700.0,849280.0
5800.0,22.409035965,4.886692501363343E-6,5800.0,31.344827586206897,0.0,-60.62928600242032,-119.15244909190974,5800.0,849280.0
5900.0,22.711172391,4.953074697131104E-6,5900.0,31.52542372881356,0.0,-59.36883629191318,-117.32114039806349,5900.0,849280.0
6000.0,23.015454779,5.019928380800804E-6,6000.0,31.55,0.0,-59.124370399070116,-117.07188160676532,6000.0,849280.0
6100.0,25.799895116,5.6316959389249685E-6,6100.0,31.655737704918035,0.0,-58.276385725132855,-116.01036269430054,6100.0,849280.0
6200.0,26.19538548,5.7185888671126835E-6,6200.0,31.85483870967742,0.0,-57.649253731343286,-114.03242147923001,6200.0,849280.0
6300.0,26.499402168,5.785384174009847E-6,6300.0,32.12698412698413,0.0,-56.57268399853535,-111.36925358378645,6300.0,849280.0
6400.0,26.847339547,5.861829267087433E-6,6400.0,32.265625,0.0,-55.543595263724455,-110.02906976744187,6400.0,849280.0
6500.0,27.129442529,5.923809928028306E-6,6500.0,32.38461538461539,0.0,-55.24549629106323,-108.88783269961975,6500.0,849280.0
6600.0,27.443654762,5.992845291422824E-6,6600.0,32.68181818181819,0.0,-53.31262939958592,-106.07606679035251,6600.0,849280.0
6700.0,27.760429233,6.062443602445907E-6,6700.0,32.626865671641795,0.0,-53.5896563456958,-106.59038901601834,6700.0,849280.0
6800.0,28.058871388,6.128014132357988E-6,6800.0,32.76470588235294,0.0,-52.756431673905766,-105.29860799281545,6800.0,849280.0
6900.0,28.346353768,6.1911766973012225E-6,6900.0,32.91304347826087,0.0,-52.21966458401841,-103.92070484581501,6900.0,849280.0
7000.0,28.640032558,6.255700671416872E-6,7000.0,33.04285714285714,0.0,-51.682847896440144,-102.7249134948097,7000.0,849280.0
7100.0,31.995870565,6.993009636425826E-6,7100.0,33.056338028169016,0.0,-51.65922144224635,-102.60017050298377,7100.0,849280.0
7200.0,32.268814673,7.052978007174055E-6,7200.0,33.30555555555556,0.0,-50.816582914572884,-100.33375052148521,7200.0,849280.0
7300.0,32.563676905,7.117761994554453E-6,7300.0,33.41095890410959,0.0,-50.16991041087429,-99.3847415914684,7300.0,849280.0
7400.0,32.862198368,7.1833499491751395E-6,7400.0,33.56756756756757,0.0,-49.46792338096687,-97.98630688683046,7400.0,849280.0
7500.0,33.187206812,7.254757340999464E-6,7500.0,33.61333333333334,0.0,-49.384938493849376,-97.5793650793651,7500.0,849280.0
7600.0,33.496257057,7.322658567399966E-6,7600.0,33.776315789473685,0.0,-48.466076696165196,-96.14185502727983,7600.0,849280.0
7700.0,33.787772964,7.3867073359118775E-6,7700.0,33.909090909090914,0.0,-47.76422764227642,-94.98084291187742,7700.0,849280.0
7800.0,34.282186739,7.495334661775351E-6,7800.0,33.96153846153846,0.0,-47.550845030077326,-94.52416918429006,7800.0,849280.0
7900.0,34.557112353,7.555738387905744E-6,7900.0,33.974683544303794,0.0,-47.012401352874875,-94.40924338427136,7900.0,849280.0
8000.0,34.837926361,7.617435849215442E-6,8000.0,34.112500000000004,0.0,-46.53878231859881,-93.2184750733138,8000.0,849280.0
8100.0,38.402352614,8.400573600789926E-6,8100.0,34.27160493827161,0.0,-45.942982456140335,-91.85585585585588,8100.0,849280.0
8200.0,38.688914509,8.463533926578218E-6,8200.0,34.40243902439024,0.0,-45.29983792544572,-90.74468085106385,8200.0,849280.0
8300.0,38.965874735,8.524384675975164E-6,8300.0,34.6144578313253,0.0,-44.79722518676626,-88.96239554317546,8300.0,849280.0
8400.0,39.262268135,8.589505075271447E-6,8400.0,34.67857142857143,0.0,-44.584980237154156,-88.42719780219778,8400.0,849280.0
8500.0,39.522611736,8.646704996900446E-6,8500.0,34.88235294117647,0.0,-43.69158878504673,-86.7408906882591,8500.0,849280.0
8600.0,39.869840018,8.72299429474177E-6,8600.0,35.0,0.0,-43.443674621503725,-85.77600531738119,8600.0,849280.0
8700.0,40.173135518,8.789631149897E-6,8700.0,34.98850574712644,0.0,-43.626206196038595,-85.86920801840289,8700.0,849280.0
8800.0,40.464716184,8.853694146566278E-6,8800.0,35.04545454545455,0.0,-43.437892095357576,-85.4038274408044,8800.0,849280.0
8900.0,40.750458363,8.916474373090453E-6,8900.0,35.13483146067416,0.0,-42.96681525507676,-84.6769033909149,8900.0,849280.0
9000.0,41.064653251,8.985505925626411E-6,9000.0,35.333333333333336,0.0,-42.542248346803824,-83.07643913180246,9000.0,849280.0
9100.0,45.227655211,9.900156352749322E-6,9100.0,35.43956043956044,0.0,-42.25181598062952,-82.22704714640197,9100.0,849280.0
9200.0,45.509372288,9.962052226756037E-6,9200.0,35.55434782608696,0.0,-42.04599904168663,-81.31498470948011,9200.0,849280.0
9300.0,45.817414319,1.002973193912061E-5,9300.0,35.623655913978496,0.0,-41.872037914691944,-80.76690821256041,9300.0,849280.0
9400.0,46.12310293,1.0096894583122287E-5,9400.0,35.648936170212764,0.0,-41.56330446992746,-80.56716417910447,9400.0,849280.0
9500.0,46.476385887,1.0174514149632243E-5,9500.0,35.73684210526316,0.0,-41.221374045801525,-79.87625220978197,9500.0,849280.0
9600.0,46.777003561,1.0240562661395325E-5,9600.0,35.67708333333333,0.0,-41.30434782608696,-80.3446261682243,9600.0,849280.0
9700.0,47.082140508,1.0307604099661795E-5,9700.0,35.649484536082475,0.0,-41.60617059891106,-80.56118021405842,9700.0,849280.0
9800.0,47.363086916,1.0369330650488557E-5,9800.0,35.775510204081634,0.0,-41.18438761776581,-79.57203994293864,9800.0,849280.0
9900.0,47.665817707,1.0435843433800196E-5,9900.0,35.75757575757576,0.0,-41.364747721715936,-79.71178298954504,9900.0,849280.0
10000.0,48.000308164,1.0509334112474675E-5,10000.0,35.88,0.0,-40.95405583644758,-78.75662113186506,10000.0,849280.0
