learning evaluation instances,evaluation time (cpu seconds),model cost (RAM-Hours),classified instances,classifications correct (percent),Kappa Statistic (percent),Kappa Temporal Statistic (percent),Kappa M Statistic (percent),model training instances,model serialized size (bytes)
100.0,0.504081308,1.036802276796268E-7,100.0,35.0,0.0,-35.41666666666667,-91.17647058823532,100.0,795056.0
200.0,1.004794332,2.066676614657541E-7,200.0,27.500000000000004,0.0,-93.33333333333333,-168.51851851851848,200.0,795056.0
300.0,1.355176875,2.787348880354936E-7,300.0,30.0,0.0,-74.99999999999999,-135.9550561797753,300.0,795056.0
400.0,1.650077736,3.3939055593301857E-7,400.0,29.75,0.0,-86.0927152317881,-138.13559322033896,400.0,795056.0
500.0,1.92689849,3.9632747929373553E-7,500.0,28.999999999999996,0.0,-87.83068783068784,-146.52777777777774,500.0,795056.0
600.0,2.23919771,4.6056166873876425E-7,600.0,29.833333333333336,0.0,-80.68669527896996,-136.5168539325843,600.0,795056.0
700.0,2.542772588,5.230014219478933E-7,700.0,29.714285714285715,0.0,-76.97841726618705,-137.68115942028987,700.0,795056.0
800.0,2.861359766,5.885289283771731E-7,800.0,29.625,0.0,-77.602523659306,-138.55932203389827,800.0,795056.0
900.0,3.181662791,6.544093528869294E-7,900.0,29.555555555555557,0.0,-78.59154929577463,-139.24528301886795,900.0,795056.0
1000.0,3.518907115,7.237742901322951E-7,1000.0,29.9,0.0,-75.6892230576441,-135.23489932885903,1000.0,795056.0
1100.0,4.76122893,9.794872364558488E-7,1100.0,34.0,1.21227115289461,-66.13272311212816,-124.76780185758518,1100.0,795648.0
1200.0,5.038853708,1.0366320511871287E-6,1200.0,37.333333333333336,1.9130434782608647,-58.31578947368419,-115.47277936962746,1200.0,795648.0
1300.0,5.293979134,1.0891457184002507E-6,1300.0,39.07692307692307,-0.2531645569620354,-52.60115606936415,-103.59897172236508,1300.0,795648.0
1400.0,5.586115307,1.1492774818640658E-6,1400.0,40.85714285714286,-1.2932541069556065,-45.51845342706501,-94.82352941176468,1400.0,795648.0
1500.0,5.878089967,1.20937600034691E-6,1500.0,43.13333333333333,-0.3923107100823878,-41.45936981757876,-89.55555555555551,1500.0,795648.0
1600.0,6.21392012,1.2785015013652753E-6,1600.0,44.6875,-0.6539664486778415,-36.36363636363635,-83.60995850622405,1600.0,795648.0
1700.0,6.492429228,1.3358283419026644E-6,1700.0,46.588235294117645,0.2971192352409253,-32.16885007278019,-79.80198019801978,1700.0,795648.0
1800.0,6.785879984,1.3962306921726177E-6,1800.0,48.05555555555556,0.6141490492500277,-28.61072902338378,-75.75187969924811,1800.0,795648.0
1900.0,7.07022964,1.4547597201941122E-6,1900.0,49.21052631578947,0.5532353419753829,-25.979112271540462,-71.70818505338082,1900.0,795648.0
2000.0,7.408681961,1.5244249543934772E-6,2000.0,50.4,0.8000000000000007,-22.772277227722764,-68.42105263157896,2000.0,795648.0
2100.0,8.421157684,1.732831788652556E-6,2100.0,51.8095238095238,1.6566404442387705,-20.047449584816132,-66.17405582922824,2100.0,795664.0
2200.0,8.801011856,1.8110205330029461E-6,2200.0,52.36363636363637,1.0132234243517289,-18.820861678004533,-62.480620155038736,2200.0,795664.0
2300.0,9.182286301,1.8895016247084281E-6,2300.0,53.17391304347826,1.0149850149850181,-17.065217391304344,-59.79228486646887,2300.0,795664.0
2400.0,9.486462874,1.9521129794250344E-6,2400.0,53.87499999999999,0.9395973154362216,-15.192507804370466,-57.2443181818182,2400.0,795664.0
2500.0,9.763942663,2.0092290989355535E-6,2500.0,54.6,1.0116867259724593,-12.93532338308456,-55.05464480874318,2500.0,795664.0
2600.0,10.029015239,2.0637913320421136E-6,2600.0,55.11538461538461,0.8107224583196861,-10.406811731315061,-52.74869109947644,2600.0,795664.0
2700.0,10.367882325,2.1335433419160915E-6,2700.0,55.666666666666664,0.7554122524182187,-7.9350766456266975,-50.75566750629725,2700.0,795664.0
2800.0,10.633787569,2.188276970442736E-6,2800.0,56.214285714285715,0.7631822386678967,-6.887532693984287,-48.967193195625754,2800.0,795664.0
2900.0,10.97241759,2.257980183130726E-6,2900.0,56.827586206896555,0.9331514324693106,-5.121746431570094,-47.46760895170788,2900.0,795664.0
3000.0,11.336593866,2.3329418074633426E-6,3000.0,57.36666666666667,1.0317255610007803,-3.2284100080710183,-46.004566210045645,3000.0,795664.0
3100.0,13.649607731,2.809040337783669E-6,3100.0,57.612903225806456,0.7262624293234695,-2.3364485981308336,-44.23710208562021,3100.0,795648.0
3200.0,13.991591046,2.8794323730971165E-6,3200.0,57.84375000000001,0.4519878240014843,-1.7345399698340636,-42.60042283298095,3200.0,795648.0
3300.0,14.321661365,2.947372300373887E-6,3300.0,58.151515151515156,0.3367813326918473,-1.2463343108504343,-41.20654396728015,3300.0,795648.0
3400.0,14.692194695,3.02364091964898E-6,3400.0,58.529411764705884,0.3574991686065875,-0.7142857142857117,-40.01986097318769,3400.0,795648.0
3500.0,15.036331554,3.0944762290598702E-6,3500.0,58.8,0.2569169960474124,0.06930006930005397,-38.787295476419665,3500.0,795648.0
3600.0,15.408193255,3.1710182731900364E-6,3600.0,58.97222222222223,0.05263157894738866,0.6056527590848053,-37.52327746741153,3600.0,795648.0
3700.0,15.805047482,3.2527046465772143E-6,3700.0,59.05405405405405,-0.23962375493999408,0.9156311314584602,-36.2410071942446,3700.0,795648.0
3800.0,16.201228935,3.3342525397254777E-6,3800.0,59.473684210526315,-0.061555297175291374,1.408450704225335,-35.444151275285854,3800.0,795648.0
3900.0,16.5142062,3.3986741232468436E-6,3900.0,59.71794871794872,-0.09475421084445913,2.3617153511497953,-34.503424657534225,3900.0,795648.0
4000.0,16.838871668,3.4655015446036806E-6,4000.0,59.95,-0.12499999999995844,3.0852994555353996,-33.61134278565472,4000.0,795648.0
4100.0,19.04819863,3.9202760014070985E-6,4100.0,59.97560975609756,-0.3909339142630945,3.5273368606701965,-32.5525040387722,4100.0,795680.0
4200.0,19.411630059,3.995085811612441E-6,4200.0,60.21428571428571,-0.37758517120056306,4.185779816513737,-31.782334384858064,4200.0,795680.0
4300.0,19.786026538,4.072152700440975E-6,4300.0,60.48837209302326,-0.3103074240364669,4.281690140845063,-31.095679012345673,4300.0,795680.0
4400.0,20.131506379,4.143267302186059E-6,4400.0,60.61363636363636,-0.40556199304750773,4.832509610104316,-30.300751879699277,4400.0,795680.0
4500.0,20.462025091,4.211302260478106E-6,4500.0,60.77777777777777,-0.44261776794182706,5.513918629550312,-29.58883994126287,4500.0,795680.0
4600.0,20.806861852,4.2822844887163655E-6,4600.0,61.0,-0.4039322561806523,6.318537859007827,-28.971962616822417,4600.0,795680.0
4700.0,21.156506798,4.3542564481076845E-6,4700.0,61.042553191489354,-0.5538483109963753,6.676860346585109,-28.22128851540619,4700.0,795680.0
4800.0,21.559392695,4.437187683779597E-6,4800.0,61.083333333333336,-0.6917617464738051,7.157057654075552,-27.508532423208205,4800.0,795680.0
4900.0,22.002111368,4.528318216966068E-6,4900.0,61.244897959183675,-0.69037905922325,7.815533980582538,-26.938502673796787,4900.0,795680.0
5000.0,22.410259197,4.612332584427976E-6,5000.0,61.4,-0.6886477462437331,7.919847328244277,-26.39161755075311,5000.0,795680.0
5100.0,25.589496897,5.2667432032336126E-6,5100.0,61.4313725490196,-0.8059086569864112,8.169934640522872,-25.76726342711,5100.0,795664.0
5200.0,25.955236288,5.342026577353738E-6,5200.0,61.5,-0.875968992248048,8.70953032375741,-25.20325203252033,5200.0,795664.0
5300.0,26.359309425,5.4252005255070655E-6,5300.0,61.47169811320755,-1.0324869305451774,9.123275478415676,-24.588163514338014,5300.0,795664.0
5400.0,26.815079593,5.519015730854571E-6,5400.0,61.51851851851852,-1.1064657968715963,9.217999126255998,-24.0597014925373,5400.0,795664.0
5500.0,27.166642045,5.591380940213452E-6,5500.0,61.6,-1.1406181976491117,9.472781825975146,-23.581041544763018,5500.0,795664.0
5600.0,27.575938559,5.675630062259824E-6,5600.0,61.83928571428572,-1.0231301705216538,9.907251264755496,-23.241061130334487,5600.0,795664.0
5700.0,27.986374269,5.760113675096018E-6,5700.0,61.7719298245614,-1.1845310348760436,10.107260726072589,-22.691441441441444,5700.0,795664.0
5800.0,28.381954178,5.8415393870004055E-6,5800.0,61.724137931034484,-1.3188127537691468,10.447761194029857,-22.17941662080352,5800.0,795664.0
5900.0,28.778205705,5.923103343978755E-6,5900.0,61.66101694915255,-1.4581116010338895,10.769230769230791,-21.678321678321673,5900.0,795664.0
6000.0,29.14715562,5.999047568653568E-6,6000.0,61.75000000000001,-1.4588859416445488,11.080976365749727,-21.300211416490463,6000.0,795664.0
6100.0,33.154527563,6.823903796875621E-6,6100.0,61.75409836065574,-1.5281334940893556,11.427486712224768,-20.88082901554405,6100.0,795648.0
6200.0,33.689028424,6.933922624790018E-6,6200.0,61.66129032258064,-1.6723007933770406,11.305970149253723,-20.415400202634267,6200.0,795648.0
6300.0,34.088421446,7.0161315703012E-6,6300.0,61.49206349206349,-1.8702676762290733,11.168070303917965,-19.920909540286715,6300.0,795648.0
6400.0,34.498106535,7.1004589804038855E-6,6400.0,61.453125,-1.9553144775926772,11.481880157875837,-19.525193798449617,6400.0,795648.0
6500.0,34.902293226,7.183654629367337E-6,6500.0,61.430769230769236,-2.0222257004226063,11.444719180501597,-19.153992395437243,6500.0,795648.0
6600.0,35.288299897,7.263108199247664E-6,6600.0,61.227272727272734,-2.2224643207320853,11.69772256728779,-18.692022263450827,6600.0,795648.0
6700.0,35.703304655,7.348530581858303E-6,6700.0,61.37313432835821,-2.1526787713117597,11.942837699897945,-18.443935926773456,6700.0,795648.0
6800.0,36.1069669,7.4316182816332036E-6,6800.0,61.32352941176471,-2.2269983537589235,12.12829936518545,-18.09609339919172,6800.0,795648.0
6900.0,36.511623391,7.514910631741827E-6,6900.0,61.26086956521739,-2.306425041186159,12.101282472870768,-17.753303964757727,6900.0,795648.0
7000.0,36.910911589,7.5970980008357225E-6,7000.0,61.21428571428571,-2.370051171559415,12.13592233009707,-17.430795847750876,7000.0,795648.0
7100.0,41.581698718,8.558527432613753E-6,7100.0,61.28169014084507,-2.350325385297087,12.284620293554548,-17.178175618073315,7100.0,795664.0
7200.0,41.966902073,8.637817246619028E-6,7200.0,61.111111111111114,-2.493187456786083,12.060301507537693,-16.812682519816434,7200.0,795664.0
7300.0,42.380474131,8.722946441707682E-6,7300.0,61.082191780821915,-2.534274004162822,12.233549582947159,-16.529942575881865,7300.0,795664.0
7400.0,42.783244489,8.805852227335271E-6,7400.0,61.0,-2.607910212553347,12.25296442687746,-16.230366492146615,7400.0,795664.0
7500.0,43.190495292,8.88968026259049E-6,7500.0,61.026666666666664,-2.6070066228265283,12.301230123012296,-15.992063492063515,7500.0,795664.0
7600.0,43.586777366,8.971250507328064E-6,7600.0,60.93421052631579,-2.681204266627834,12.4188790560472,-15.705378020265009,7600.0,795664.0
7700.0,43.966039758,9.049317440366266E-6,7700.0,60.87012987012987,-2.7339512104398493,12.51451800232289,-15.44061302681993,7700.0,795664.0
7800.0,44.660796686,9.192325404562206E-6,7800.0,60.88461538461538,-2.7352552645893518,12.603838441707252,-15.219033232628426,7800.0,795664.0
7900.0,45.051595078,9.272766894525968E-6,7900.0,60.936708860759495,-2.7123814017762298,13.021420518602019,-15.020499440924361,7900.0,795664.0
8000.0,45.45581853,9.355971783345408E-6,8000.0,60.8625,-2.7652416509395232,12.955240478176261,-14.77272727272729,8000.0,795664.0
8100.0,49.614403716,1.0211987371604856E-5,8100.0,60.76543209876544,-2.828997826920605,12.883771929824583,-14.522522522522518,8100.0,795680.0
8200.0,50.013017395,1.0294039201170876E-5,8200.0,60.69512195121951,-2.874247767631262,12.938951917882214,-14.290780141843987,8200.0,795680.0
8300.0,50.424319645,1.037870288406752E-5,8300.0,60.54216867469879,-2.964405168201387,12.620064034151552,-14.032033426183835,8300.0,795680.0
8400.0,50.825094686,1.0461199614839388E-5,8400.0,60.535714285714285,-2.968583599574044,12.648221343873498,-13.839285714285724,8400.0,795680.0
8500.0,51.21776933,1.0542028935712708E-5,8500.0,60.38823529411764,-3.0497794580970576,12.590861889927298,-13.596491228070182,8500.0,795680.0
8600.0,51.589913893,1.0618632283429726E-5,8600.0,60.325581395348834,-3.081570996978841,12.445470875032077,-13.393153871718175,8600.0,795680.0
8700.0,51.957786826,1.0694356346076527E-5,8700.0,60.390804597701155,-3.0431554779548087,12.493651599796861,-13.243509694380531,8700.0,795680.0
8800.0,52.316015233,1.0768095150702122E-5,8800.0,60.38636363636364,-3.0418659644219628,12.521957340025105,-13.071683425235156,8800.0,795680.0
8900.0,52.674409537,1.0841868104061409E-5,8900.0,60.34831460674157,-3.05745776226116,12.605250123823671,-12.891874600127966,8900.0,795680.0
9000.0,53.076778665,1.0924692966459782E-5,9000.0,60.199999999999996,-3.128598848368506,12.270389419544447,-12.67694243472791,9000.0,795680.0
9100.0,58.303413898,1.2000515896276823E-5,9100.0,60.14285714285714,-3.1508711618095173,12.179176755447951,-12.499999999999991,9100.0,795648.0
9200.0,58.701994861,1.2082557691861979E-5,9200.0,60.076086956521735,-3.176677495786431,12.002874940105407,-12.32415902140674,9200.0,795648.0
9300.0,59.098558148,1.2164184179699611E-5,9300.0,60.05376344086022,-3.1793435249918818,11.966824644549767,-12.167874396135266,9300.0,795648.0
9400.0,59.499158481,1.2246641631716282E-5,9400.0,60.07446808510638,-3.1604741880961953,12.16943599344722,-12.02985074626865,9400.0,795648.0
9500.0,59.885425101,1.2326148708122761E-5,9500.0,60.03157894736842,-3.1719699678226703,12.167476289613703,-11.873895109015901,9500.0,795648.0
9600.0,60.283453925,1.2408076854338835E-5,9600.0,60.135416666666664,-3.1131069323603726,12.42562929061784,-11.769859813084114,9600.0,795648.0
9700.0,60.598802092,1.2472986451777807E-5,9700.0,60.20618556701031,-3.070477281110845,12.431941923774948,-11.65750650853342,9700.0,795648.0
9800.0,60.968907179,1.2549166923780631E-5,9800.0,60.12244897959184,-3.1001324474786465,12.3373710183939,-11.49786019971469,9800.0,795648.0
9900.0,61.313968694,1.262019255948801E-5,9900.0,60.18181818181818,-3.062906037078136,12.38052900644587,-11.387397569935006,9900.0,795648.0
10000.0,61.682964489,1.2696144700697452E-5,10000.0,60.099999999999994,-3.0901198842497113,12.288415036271697,-11.235015333147476,10000.0,795648.0
