learning evaluation instances,evaluation time (cpu seconds),model cost (RAM-Hours),classified instances,classifications correct (percent),Kappa Statistic (percent),Kappa Temporal Statistic (percent),Kappa M Statistic (percent),model training instances,model serialized size (bytes)
100.0,0.528865589,1.0877789715511519E-7,100.0,33.0,0.0,-42.55319148936171,-179.16666666666669,100.0,795056.0
200.0,0.990749355,2.037788687452053E-7,200.0,41.5,0.0,-17.000000000000004,-58.10810810810811,200.0,795056.0
300.0,1.326463082,2.7282899041830667E-7,300.0,38.666666666666664,0.0,-26.027397260273965,-71.96261682242991,300.0,795056.0
400.0,1.630616927,3.3538782646075304E-7,400.0,38.0,0.0,-31.914893617021285,-73.4265734265734,400.0,795056.0
500.0,1.886590209,3.880368093459929E-7,500.0,37.4,0.0,-28.80658436213992,-75.84269662921349,500.0,795056.0
600.0,2.135908156,4.393169125740561E-7,600.0,36.333333333333336,0.0,-32.63888888888889,-82.77511961722486,600.0,795056.0
700.0,2.403315691,4.943177104057578E-7,700.0,35.85714285714286,0.0,-34.029850746268664,-85.5371900826446,700.0,795056.0
800.0,2.670219193,5.492148379458445E-7,800.0,36.875,0.0,-32.89473684210527,-76.57342657342654,800.0,795056.0
900.0,2.921181791,6.008332155503373E-7,900.0,36.333333333333336,0.0,-36.10451306413302,-80.18867924528298,900.0,795056.0
1000.0,3.183046878,6.546940340544531E-7,1000.0,37.3,0.0,-32.27848101265823,-72.25274725274727,1000.0,795056.0
1100.0,4.383559313,9.033416031020714E-7,1100.0,39.0,-0.16556291390728814,-28.298279158699803,-67.33167082294266,1100.0,800608.0
1200.0,4.721040001,9.73239881724831E-7,1200.0,40.75,0.570102040340662,-24.956063268892812,-64.20323325635104,1200.0,800608.0
1300.0,4.99597191,1.030183190959667E-6,1300.0,41.76923076923077,-0.6401865335842287,-22.294022617124394,-58.700209643605874,1300.0,800608.0
1400.0,5.246716701,1.0821169160222509E-6,1400.0,43.214285714285715,0.11487238396094866,-19.54887218045113,-55.57729941291585,1400.0,800608.0
1500.0,5.58675536,1.1525449961300275E-6,1500.0,44.333333333333336,0.2364058661789755,-16.783216783216776,-52.372262773722646,1500.0,800608.0
1600.0,5.984523954,1.2349299769583095E-6,1600.0,45.0,-0.5438508294867704,-14.88250652741514,-48.39797639123103,1600.0,800608.0
1700.0,6.317315821,1.303857116999444E-6,1700.0,46.294117647058826,0.6383828658346167,-13.135068153655508,-46.079999999999984,1700.0,800608.0
1800.0,6.663659646,1.3755911096097778E-6,1800.0,46.61111111111111,0.0020811221410512977,-10.969976905311773,-44.51127819548872,1800.0,800608.0
1900.0,6.948509727,1.434588649425904E-6,1900.0,47.1578947368421,-0.23245354081807296,-9.13043478260871,-42.411347517730476,1900.0,800608.0
2000.0,7.184893818,1.4835480170052002E-6,2000.0,48.15,0.5037179179659474,-7.908428720083241,-39.9460188933873,2000.0,800608.0
2100.0,7.8965596,1.6309526038240145E-6,2100.0,48.38095238095238,-0.052039015196797704,-7.539682539682547,-39.15275994865213,2100.0,800640.0
2200.0,8.265982832,1.7074698121141145E-6,2200.0,48.5,0.5486858988681476,-6.185567010309284,-35.85131894484411,2200.0,800640.0
2300.0,8.614977946,1.7797558231632659E-6,2300.0,47.91304347826087,0.2964258110459141,-7.733812949640281,-37.85960874568469,2300.0,800640.0
2400.0,8.9470661,1.848539960838432E-6,2400.0,47.75,0.6407378257171947,-8.383751080380303,-37.34939759036146,2400.0,800640.0
2500.0,9.277305886,1.9169412531833596E-6,2500.0,47.72,1.096220135144779,-7.660626029654026,-36.14583333333333,2500.0,800640.0
2600.0,9.555247185,1.9745101617570465E-6,2600.0,47.42307692307692,1.112243807760119,-9.185303514376987,-36.70000000000001,2600.0,800640.0
2700.0,9.838348565,2.0331478579934184E-6,2700.0,47.18518518518518,1.1704912983212505,-9.272030651341007,-36.98366954851105,2700.0,800640.0
2800.0,10.124471712,2.092411441166276E-6,2800.0,47.285714285714285,1.6187392877547224,-9.25240562546261,-35.28872593950503,2800.0,800640.0
2900.0,10.458667086,2.1616320391874256E-6,2900.0,47.03448275862069,1.585449917811121,-9.714285714285726,-35.80901856763926,2900.0,800640.0
3000.0,10.773073023,2.2267537274982277E-6,3000.0,47.16666666666667,1.97945835765809,-8.934707903780069,-34.09475465313028,3000.0,800640.0
3100.0,11.581521827,2.3942046081389728E-6,3100.0,47.096774193548384,2.10094001583638,-9.187749667110527,-33.65933170334151,3100.0,800640.0
3200.0,11.860419084,2.45197152060377E-6,3200.0,46.875,2.0325367233917517,-9.67741935483871,-34.17521704814521,3200.0,800640.0
3300.0,12.20389611,2.523114591382021E-6,3300.0,46.939393939393945,2.2565421114062003,-9.36914428482199,-33.0547112462006,3300.0,800640.0
3400.0,12.505954833,2.5856788489099086E-6,3400.0,46.76470588235294,2.2091763832459566,-9.497882637628548,-33.382461311717,3400.0,800640.0
3500.0,12.794159823,2.64537363618868E-6,3500.0,46.77142857142857,2.334096027579211,-9.011117612638966,-32.6923076923077,3500.0,800640.0
3600.0,13.186971411,2.72673518439191E-6,3600.0,46.88888888888889,2.5497444818962705,-8.759954493742896,-31.408934707903775,3600.0,800640.0
3700.0,13.526789509,2.7971203955348075E-6,3700.0,46.78378378378378,2.53450684892654,-9.14634146341463,-31.4419225634179,3700.0,800640.0
3800.0,13.845376118,2.863108010302061E-6,3800.0,46.71052631578947,2.5414455326366463,-8.579088471849857,-31.32295719844359,3800.0,800640.0
3900.0,14.150385489,2.9262834241624417E-6,3900.0,46.794871794871796,2.6824879226472147,-8.129233976029191,-30.339195979899493,3900.0,800640.0
4000.0,14.474794406,2.9934769911150875E-6,4000.0,46.625,2.5872995739392017,-8.98417559979581,-30.82107843137254,4000.0,800640.0
4100.0,15.413005178,3.1878826364388805E-6,4100.0,46.487804878048784,2.518983841086246,-9.208561473369834,-31.141661685594723,4100.0,800960.0
4200.0,15.76375458,3.260561042909729E-6,4200.0,46.38095238095238,2.4739914146096758,-9.533073929961107,-31.311953352769688,4200.0,800960.0
4300.0,16.086919246,3.3275236458924822E-6,4300.0,46.395348837209305,2.524959078480022,-9.501187648456051,-30.817253121452893,4300.0,800960.0
4400.0,16.455204177,3.403835570473629E-6,4400.0,46.43181818181818,2.586984896793369,-9.424326833797599,-30.220994475138124,4400.0,800960.0
4500.0,16.789938385,3.4731954858149004E-6,4500.0,46.28888888888889,2.5025466856513283,-9.913597089586167,-30.648648648648653,4500.0,800960.0
4600.0,17.072019894,3.531645292007335E-6,4600.0,46.19565217391305,2.456067960832309,-10.294117647058822,-30.813953488372096,4600.0,800960.0
4700.0,17.348566431,3.588948202602722E-6,4700.0,46.191489361702125,2.4746494640425536,-10.148083623693385,-30.495356037151716,4700.0,800960.0
4800.0,17.615362089,3.644230644044437E-6,4800.0,46.0,2.3527757127644664,-10.627400768245828,-31.24050632911391,4800.0,800960.0
4900.0,17.944053487,3.7123384352226966E-6,4900.0,46.12244897959184,2.457445024485165,-9.954185755935033,-30.241736556487435,4900.0,800960.0
5000.0,18.300968173,3.7862943435624155E-6,5000.0,46.12,2.4679730020922723,-9.73523421588595,-29.956584659913176,5000.0,800960.0
5100.0,19.610493064,4.057639588255923E-6,5100.0,45.82352941176471,2.2735903936519914,-10.608486789431554,-31.321292775665384,5100.0,800960.0
5200.0,19.99901234,4.138144249709024E-6,5200.0,45.71153846153846,2.2089651508021415,-10.923379174852649,-31.669776119403004,5200.0,800960.0
5300.0,20.320134035,4.204683530867422E-6,5300.0,45.943396226415096,2.5680281711830544,-10.575067541489776,-31.84537505752415,5300.0,800960.0
5400.0,20.625731777,4.268006110415681E-6,5400.0,46.425925925925924,3.2267656150305655,-10.125618576322793,-31.440254429804625,5400.0,800960.0
5500.0,20.915725399,4.328095377035927E-6,5500.0,46.836363636363636,3.687968661758635,-9.308411214953278,-31.00358422939067,5500.0,800960.0
5600.0,21.211784074,4.389441376767298E-6,5600.0,47.25,4.167084257585139,-8.682855040470947,-30.592396109637498,5600.0,800960.0
5700.0,21.523480331,4.454027623051727E-6,5700.0,47.719298245614034,4.803910964251314,-8.010148604566872,-30.244755244755233,5700.0,800960.0
5800.0,21.877079347,4.527296494975677E-6,5800.0,48.05172413793103,5.078135608871118,-7.491972886193356,-29.81473502800518,5800.0,800960.0
5900.0,22.24061635,4.602624606500805E-6,5900.0,48.40677966101695,5.423075282486381,-7.18309859154931,-29.421768707482986,5900.0,800960.0
6000.0,22.601911418,4.677488169085059E-6,6000.0,48.65,5.486835337677746,-6.572120373573161,-28.966094600251154,6000.0,800960.0
6100.0,23.855933531,4.937332742824479E-6,6100.0,48.91803278688525,5.628873564953251,-6.094654409261139,-28.54785478547854,6100.0,800960.0
6200.0,24.2184394,5.012447194182118E-6,6200.0,49.32258064516129,6.1275569234564955,-5.542492442055773,-28.244897959183678,6200.0,800960.0
6300.0,24.601431294,5.0918065327539115E-6,6300.0,49.60317460317461,6.319461291824302,-5.02811776381078,-27.869512686266617,6300.0,800960.0
6400.0,24.981244331,5.170507183784568E-6,6400.0,49.859375,6.460448732605021,-4.76656872347371,-27.49304727850615,6400.0,800960.0
6500.0,25.326637398,5.2420757098390726E-6,6500.0,50.12307692307692,6.629347353626794,-4.210864673738332,-27.137254901960763,6500.0,800960.0
6600.0,25.685521132,5.3164396224977974E-6,6600.0,50.378787878787875,6.787379489859815,-4.133545310015889,-26.790553619821917,6600.0,800960.0
6700.0,26.028277788,5.3874618606636E-6,6700.0,50.71641791044777,7.148274259975934,-3.7060301507537625,-26.513409961685824,6700.0,800960.0
6800.0,26.414095672,5.467406769584855E-6,6800.0,51.044117647058826,7.48870233587228,-3.096934035305037,-26.241941600303353,6800.0,800960.0
6900.0,26.718397679,5.530460861276909E-6,6900.0,51.34782608695653,7.776340914556373,-2.566452795600366,-25.966228893058137,6900.0,800960.0
7000.0,27.007763489,5.5904200396476425E-6,7000.0,51.628571428571426,8.014947668026396,-2.2034409900392444,-25.686711210096508,7000.0,800960.0
7100.0,28.42573076,5.884235513306234E-6,7100.0,51.929577464788736,8.30407011064527,-1.850193971948679,-25.43182653436238,7100.0,800960.0
7200.0,28.730091645,5.947301805045363E-6,7200.0,52.166666666666664,8.452308388659759,-1.3835737415366545,-25.14534883720931,7200.0,800960.0
7300.0,29.030978256,6.009648196204411E-6,7300.0,52.42465753424658,8.652682097253058,-1.165161666181178,-24.883135562747224,7300.0,800960.0
7400.0,29.36200772,6.078240455524697E-6,7400.0,52.63513513513514,8.752280577326445,-0.8923431203223977,-24.6000710984714,7400.0,800960.0
7500.0,29.651918369,6.138312529398822E-6,7500.0,52.906666666666666,8.991245775513795,-0.7415858528237204,-24.366197183098574,7500.0,800960.0
7600.0,29.968987545,6.204012092452403E-6,7600.0,53.18421052631579,9.246117315388936,-0.3101212292077834,-24.14515003489184,7600.0,800960.0
7700.0,30.300915437,6.2727905140726005E-6,7700.0,53.28571428571428,9.125061847809095,-0.08347245409017288,-23.820998278829602,7700.0,800960.0
7800.0,30.687319211,6.35285682463082E-6,7800.0,53.53846153846153,9.334936192992322,0.08271298593877778,-23.601637107776288,7800.0,800960.0
7900.0,31.013617929,6.420468831158833E-6,7900.0,53.67088607594936,9.293310373797272,0.40816326530612457,-23.315363881401616,7900.0,800960.0
8000.0,31.35391778,6.490981997402085E-6,8000.0,53.837500000000006,9.330010649365802,0.7258064516129069,-23.058980339886677,8000.0,800960.0
8100.0,32.871296168,6.8053963417297336E-6,8100.0,53.925925925925924,9.209325347066518,0.8501594048883956,-22.763157894736846,8100.0,800960.0
8200.0,33.17967794,6.869295797140969E-6,8200.0,53.84146341463415,8.739453595230941,1.0198744769874486,-22.373100549628184,8200.0,800960.0
8300.0,33.521426288,6.9401091048902E-6,8300.0,53.98795180722892,8.754871317761609,1.2923235978289123,-22.129836904381175,8300.0,800960.0
8400.0,33.878297374,7.0140559789207965E-6,8400.0,54.0,8.502123127586968,1.2774655084312916,-21.815889029003767,8400.0,800960.0
8500.0,34.287811464,7.0989109532097035E-6,8500.0,54.0,8.233879769953804,1.5361369932007147,-21.50403977625853,8500.0,800960.0
8600.0,34.701717519,7.1846759818441226E-6,8600.0,54.04651162790698,8.06739250450843,1.4218009478673022,-21.22699386503066,8600.0,800960.0
8700.0,35.051071787,7.257065304098847E-6,8700.0,54.11494252873563,7.951367713485823,1.7232890201870954,-20.969696969696976,8700.0,800960.0
8800.0,35.373971673,7.323973042302485E-6,8800.0,54.07954545454545,7.637116576686723,1.6070124178232184,-20.662884443117342,8800.0,800960.0
8900.0,35.696161282,7.390733604772626E-6,8900.0,54.13483146067416,7.508785186252576,1.8514065881221489,-20.412979351032444,8900.0,800960.0
9000.0,36.016941188,7.457202064199817E-6,9000.0,54.08888888888889,7.190305544747831,1.8760389456186168,-20.116279069767444,9000.0,800960.0
9100.0,37.642484068,7.794029056618848E-6,9100.0,54.087912087912095,6.966876657054182,1.901854895515382,-19.85083189902465,9100.0,800960.0
9200.0,38.028313132,7.873976282135882E-6,9200.0,54.15217391304348,6.874792268363472,2.1118588999767822,-19.62563811684627,9200.0,800960.0
9300.0,38.396497251,7.9502673175709E-6,9300.0,54.11827956989247,6.601936446264754,2.110575820142233,-19.356643356643367,9300.0,800960.0
9400.0,38.711075051,8.01545064528219E-6,9400.0,54.159574468085104,6.477617440382205,2.2902494331065775,-19.131877246336742,9400.0,800960.0
9500.0,39.02865899,8.08125687182354E-6,9500.0,54.14736842105263,6.258770826004258,2.5067144136078876,-18.88646288209608,9500.0,800960.0
9600.0,39.406693418,8.159588979195625E-6,9600.0,54.114583333333336,6.008327847077713,2.4363233665559276,-18.637220576353368,9600.0,800960.0
9700.0,39.77116539,8.235110824641986E-6,9700.0,54.123711340206185,5.841410016432199,2.433676825257615,-18.414050026609903,9700.0,800960.0
9800.0,40.154310212,8.314501851260235E-6,9800.0,54.1530612244898,5.716567703972715,2.8120268224097007,-18.205735332807144,9800.0,800960.0
9900.0,40.522153866,8.390722339308664E-6,9900.0,54.121212121212125,5.485962503197541,2.844919786096263,-17.974025974025977,9900.0,800960.0
10000.0,40.911589391,8.471416855731925E-6,10000.0,54.169999999999995,5.405684327849891,2.8201865988125485,-17.784631200205613,10000.0,800960.0
