learning evaluation instances,evaluation time (cpu seconds),model cost (RAM-Hours),classified instances,classifications correct (percent),Kappa Statistic (percent),Kappa Temporal Statistic (percent),Kappa M Statistic (percent),model training instances,model serialized size (bytes)
100.0,0.612514084,1.2598284974712462E-7,100.0,33.0,0.0,-42.55319148936171,-179.16666666666669,100.0,795056.0
200.0,1.00423204,2.0655200837237965E-7,200.0,41.5,0.0,-17.000000000000004,-58.10810810810811,200.0,795056.0
300.0,1.348437551,2.773487333901268E-7,300.0,38.666666666666664,0.0,-26.027397260273965,-71.96261682242991,300.0,795056.0
400.0,1.596328401,3.283353090869511E-7,400.0,38.0,0.0,-31.914893617021285,-73.4265734265734,400.0,795056.0
500.0,1.894640305,3.896925656156201E-7,500.0,37.4,0.0,-28.80658436213992,-75.84269662921349,500.0,795056.0
600.0,2.152109171,4.42649162544811E-7,600.0,36.333333333333336,0.0,-32.63888888888889,-82.77511961722486,600.0,795056.0
700.0,2.37776715,4.890628467444331E-7,700.0,35.85714285714286,0.0,-34.029850746268664,-85.5371900826446,700.0,795056.0
800.0,2.703139574,5.559859531274853E-7,800.0,36.875,0.0,-32.89473684210527,-76.57342657342654,800.0,795056.0
900.0,2.949133261,6.065823173868615E-7,900.0,36.333333333333336,0.0,-36.10451306413302,-80.18867924528298,900.0,795056.0
1000.0,3.260266018,6.70576586907266E-7,1000.0,37.3,0.0,-32.27848101265823,-72.25274725274727,1000.0,795056.0
1100.0,4.437413268,9.128743457646751E-7,1100.0,39.72727272727273,0.34707039790117417,-26.768642447418735,-65.33665835411473,1100.0,795648.0
1200.0,4.810786094,9.89727431865889E-7,1200.0,41.75,1.156241014739364,-22.84710017574694,-61.43187066974596,1200.0,795648.0
1300.0,5.073552477,1.0438138732214355E-6,1300.0,42.769230769230774,-0.4962469763846267,-20.19386106623586,-55.9748427672956,1300.0,795648.0
1400.0,5.382380522,1.1073814032613816E-6,1400.0,44.642857142857146,0.637385984834615,-16.541353383458645,-51.66340508806262,1400.0,795648.0
1500.0,5.653653523,1.1632188018373233E-6,1500.0,45.800000000000004,0.5408879305001485,-13.706293706293698,-48.357664233576656,1500.0,795648.0
1600.0,5.958999546,1.22606961090044E-6,1600.0,46.375,-0.5902938573095015,-12.010443864229764,-44.688026981450264,1600.0,795648.0
1700.0,6.258897717,1.2877990629454037E-6,1700.0,47.588235294117645,0.10420239005987739,-10.408921933085495,-42.55999999999999,1700.0,795648.0
1800.0,6.563962302,1.3505919423003575E-6,1800.0,48.27777777777777,-0.22847163243580698,-7.5057736720554225,-40.0,1800.0,795648.0
1900.0,6.790479579,1.3972170595569988E-6,1900.0,48.89473684210526,-0.5022661901856482,-5.543478260869576,-37.73049645390069,1900.0,795648.0
2000.0,7.09213012,1.4593072101668099E-6,2000.0,49.65,-0.32378580323785555,-4.78668054110301,-35.897435897435884,2000.0,795648.0
2100.0,7.875864952,1.6206335274711826E-6,2100.0,50.23809523809524,-0.3585376784685297,-3.6706349206349262,-34.14634146341465,2100.0,795680.0
2200.0,8.202142331,1.6877954371179303E-6,2200.0,50.0,-1.0083302655183546,-3.092783505154642,-31.894484412470003,2200.0,795680.0
2300.0,8.574100525,1.7643604220836686E-6,2300.0,49.56521739130435,-1.7062868818712713,-4.316546762589916,-33.48676639815879,2300.0,795680.0
2400.0,8.96754842,1.8453489112510195E-6,2400.0,49.291666666666664,-1.2407608446990068,-5.185825410544517,-33.29682365826945,2400.0,795680.0
2500.0,9.295616991,1.91287952520584E-6,2500.0,49.2,-0.5332855417620096,-4.612850082372318,-32.29166666666667,2500.0,795680.0
2600.0,9.60946563,1.977483065910612E-6,2600.0,48.84615384615385,-0.42289130804737857,-6.230031948881782,-33.00000000000002,2600.0,795680.0
2700.0,9.958704697,2.0493714779570032E-6,2700.0,48.55555555555556,-0.26467757459094493,-6.43678160919541,-33.429394812680115,2700.0,795680.0
2800.0,10.205942054,2.100263553537072E-6,2800.0,48.60714285714286,0.40045483759332334,-6.51369356032567,-31.897341888175966,2800.0,795680.0
2900.0,10.503337706,2.161480362284821E-6,2900.0,48.310344827586206,0.4233114500249739,-7.071428571428584,-32.53757736516357,2900.0,795680.0
3000.0,10.767035263,2.215760654567364E-6,3000.0,48.4,1.001116615312595,-6.391752577319594,-30.96446700507614,3000.0,795680.0
3100.0,11.557239892,2.3784187341988663E-6,3100.0,48.29032258064516,1.215636288747013,-6.724367509986687,-30.64384678076611,3100.0,795680.0
3200.0,11.834605478,2.4355124943704816E-6,3200.0,48.03125,1.1779317188830118,-7.2903225806451655,-31.254932912391464,3200.0,795680.0
3300.0,12.154296936,2.5013187383793044E-6,3300.0,48.06060606060606,1.5174070881976573,-7.058088694565908,-30.243161094224924,3300.0,795680.0
3400.0,12.480152818,2.5683938858253836E-6,3400.0,47.85294117647059,1.5001931368762018,-7.2595281306715025,-30.65585851142224,3400.0,795680.0
3500.0,12.806341069,2.63553744909856E-6,3500.0,47.82857142857143,1.703629444677025,-6.8461088355763575,-30.056980056980066,3500.0,795680.0
3600.0,13.168881087,2.710163768602758E-6,3600.0,47.91666666666667,2.021236570377493,-6.655290102389085,-28.865979381443292,3600.0,795680.0
3700.0,13.398715049,2.7574734774060707E-6,3700.0,47.78378378378378,2.0374467903162308,-7.09534368070953,-28.971962616822438,3700.0,795680.0
3800.0,13.728623571,2.825382832367072E-6,3800.0,47.68421052631579,2.0801614334477097,-6.595174262734578,-28.923476005188082,3800.0,795680.0
3900.0,13.984157035,2.877982603376292E-6,3900.0,47.743589743589745,2.293632453826055,-6.201146430432527,-28.01507537688442,3900.0,795680.0
4000.0,14.229177853,2.9284184199521275E-6,4000.0,47.55,2.2009676883278093,-7.09545686574783,-28.553921568627448,4000.0,795680.0
4100.0,15.21548694,3.13144322659942E-6,4100.0,47.512195121951216,2.1850280744667434,-7.117969138875068,-28.631201434548707,4100.0,795680.0
4200.0,15.477209452,3.1853169697235604E-6,4200.0,47.64285714285714,2.385002900187871,-6.95525291828795,-28.221574344023324,4200.0,795680.0
4300.0,15.850717816,3.2622010463094292E-6,4300.0,47.651162790697676,2.288275279487859,-6.935866983372916,-27.75255391600454,4300.0,795680.0
4400.0,16.08063731,3.309528361274939E-6,4400.0,47.77272727272727,2.39157628259721,-6.6852367688022385,-26.961325966850826,4400.0,795680.0
4500.0,16.347763023,3.3645143154217297E-6,4500.0,47.68888888888888,2.3256508718770363,-7.048658481127785,-27.243243243243253,4500.0,795680.0
4600.0,16.675677993,3.432013311688204E-6,4600.0,47.65217391304348,2.215148918679697,-7.308377896613191,-27.27272727272728,4600.0,795680.0
4700.0,16.934081675,3.4852038969382803E-6,4700.0,47.638297872340424,2.052554778150513,-7.186411149825789,-26.986584107327154,4700.0,795680.0
4800.0,17.266083581,3.5535441603106917E-6,4800.0,47.708333333333336,2.210840181604732,-7.1276141698676785,-27.088607594936693,4800.0,795680.0
4900.0,17.597772235,3.621819942956351E-6,4900.0,47.816326530612244,2.22145292211087,-6.497292794668887,-26.147015293537258,4900.0,795680.0
5000.0,17.863230887,3.676462744290646E-6,5000.0,47.88,2.208717068428977,-6.150712830957231,-25.711529184756397,5000.0,795680.0
5100.0,19.052856966,3.921338927482043E-6,5100.0,47.647058823529406,1.9926646724041641,-6.885508406725398,-26.90114068441064,5100.0,795680.0
5200.0,19.359780113,3.984516904240614E-6,5200.0,47.88461538461539,2.0334251497688753,-6.48330058939095,-26.399253731343293,5200.0,795680.0
5300.0,19.711075969,4.0568286918743776E-6,5300.0,48.320754716981135,2.5941347802421477,-5.712080277884988,-26.04693971468015,5300.0,795680.0
5400.0,20.007446556,4.117834498182659E-6,5400.0,48.75925925925926,3.1618324707090055,-5.329272934906734,-25.715583825533844,5400.0,795680.0
5500.0,20.304847912,4.179052481058794E-6,5500.0,49.127272727272725,3.5577894334833124,-4.598130841121507,-25.35842293906809,5500.0,795680.0
5600.0,20.654666723,4.251060229340708E-6,5600.0,49.5,3.9698423780610135,-4.04709345106697,-25.022104332449164,5600.0,795680.0
5700.0,20.95250132,4.312367391837529E-6,5700.0,49.92982456140351,4.520494832668753,-3.4432765494744464,-24.737762237762226,5700.0,795680.0
5800.0,21.247445055,4.373079490670909E-6,5800.0,50.224137931034484,4.754049684932859,-2.996789154477333,-24.386040499784578,5800.0,795680.0
5900.0,21.596974675,4.4450277110141345E-6,5900.0,50.54237288135594,5.049827855175759,-2.7464788732394396,-24.064625850340114,5900.0,795680.0
6000.0,21.894334404,4.506237125264331E-6,6000.0,50.74999999999999,5.099207457949778,-2.213766862677284,-23.69192130598578,6000.0,795680.0
6100.0,23.333184985,4.802414423894319E-6,6100.0,50.98360655737705,5.2173733192440395,-1.8045624787197734,-23.349834983498344,6100.0,795680.0
6200.0,23.590420193,4.855364486968285E-6,6200.0,51.354838709677416,5.648676951165408,-1.3100436681222818,-23.102040816326536,6200.0,795680.0
6300.0,23.950935757,4.929574086818033E-6,6300.0,51.60317460317461,5.810950519599802,-0.8600727753886791,-22.79500604107934,6300.0,795680.0
6400.0,24.241302856,4.9893441172356984E-6,6400.0,51.828125,5.928642847893625,-0.6529546196539201,-22.487087802939993,6400.0,795680.0
6500.0,24.540169854,5.050863792236124E-6,6500.0,52.06153846153846,6.070993337041526,-0.1607200257151989,-22.19607843137254,6500.0,795680.0
6600.0,24.826603304,5.109824108601502E-6,6600.0,52.28787878787878,6.2039332663960955,-0.1271860095389515,-21.912504839334122,6600.0,795680.0
6700.0,25.13452437,5.1732074999858685E-6,6700.0,52.59701492537313,6.515409238469967,0.25125628140702844,-21.68582375478929,6700.0,795680.0
6800.0,25.489557801,5.2462886412144694E-6,6800.0,52.897058823529406,6.809204035147251,0.805202849179305,-21.463784603716345,6800.0,795680.0
6900.0,25.758322227,5.301611912936816E-6,6900.0,53.17391304347826,7.056794748264279,1.2832263978001714,-21.238273921200744,6900.0,795680.0
7000.0,26.073989001,5.366589703977207E-6,7000.0,53.42857142857142,7.261399878196246,1.599758527014788,-21.00965107646622,7000.0,795680.0
7100.0,27.706021475,5.7025321401193895E-6,7100.0,53.70422535211268,7.510755807501967,1.9098776484631381,-20.801176038221254,7100.0,795680.0
7200.0,27.984632741,5.7598823147806185E-6,7200.0,53.91666666666667,7.636012212200553,2.3255813953488476,-20.566860465116267,7200.0,795680.0
7300.0,28.305295646,5.825888524339736E-6,7300.0,54.15068493150685,7.8074155241217635,2.5050975822895536,-20.352391226177637,7300.0,795680.0
7400.0,28.609448568,5.8884962697150546E-6,7400.0,54.33783783783783,7.889988717494262,2.734599884858936,-20.120867401350903,7400.0,795680.0
7500.0,28.917893776,5.95198755205329E-6,7500.0,54.58666666666666,8.095754833364587,2.8522532800912668,-19.929577464788732,7500.0,795680.0
7600.0,29.246678125,6.0196655038882615E-6,7600.0,54.84210526315789,8.31577263835748,3.2421764871722507,-19.74877878576414,7600.0,795680.0
7700.0,29.498656264,6.071533436186668E-6,7700.0,54.922077922077925,8.203694397130535,3.4223706176961604,-19.483648881239215,7700.0,795680.0
7800.0,29.850314527,6.143919822759113E-6,7800.0,55.15384615384615,8.384138694253364,3.5566583953680655,-19.30422919508869,7800.0,795680.0
7900.0,30.144853599,6.2045486245526355E-6,7900.0,55.265822784810126,8.342444284218065,3.8367346938775566,-19.070080862533686,7900.0,795680.0
8000.0,30.447130912,6.266770288972613E-6,8000.0,55.412499999999994,8.370062159109075,4.11290322580644,-18.860379873375535,8000.0,795680.0
8100.0,32.192761882,6.626096178628312E-6,8100.0,55.481481481481474,8.258782561762445,4.197662061636534,-18.618421052631586,8100.0,795680.0
8200.0,32.556398027,6.700948128186181E-6,8200.0,55.37804878048781,7.839788829950706,4.314853556485359,-18.299385709666975,8200.0,795680.0
8300.0,32.920759638,6.77594940983104E-6,8300.0,55.506024096385545,7.848965609381511,4.548979064357726,-18.10041573393027,8300.0,795680.0
8400.0,33.21168865,6.835835106097963E-6,8400.0,55.50000000000001,7.622095074820081,4.4966785896781,-17.843631778057993,8400.0,795680.0
8500.0,33.58135875,6.911929102964672E-6,8500.0,55.48235294117647,7.3819766662706385,4.709141274238231,-17.588564325668106,8500.0,795680.0
8600.0,33.932328852,6.984173836422684E-6,8600.0,55.51162790697675,7.231628331958513,4.564729358942382,-17.361963190184035,8600.0,795680.0
8700.0,34.314195872,7.062778483710576E-6,8700.0,55.5632183908046,7.1258005775208995,4.825209256523887,-17.15151515151514,8700.0,795680.0
8800.0,34.703785697,7.142972816232606E-6,8800.0,55.51136363636363,6.8462742889984805,4.674945215485739,-16.900567333532397,8800.0,795680.0
8900.0,35.082363177,7.220900334787466E-6,8900.0,55.550561797752806,6.730081437531453,4.880981005049284,-16.69616519174042,8900.0,795680.0
9000.0,35.37581486,7.28130530518332E-6,9000.0,55.48888888888889,6.447610739857879,4.868202327238187,-16.45348837209302,9000.0,795680.0
9100.0,37.029508456,7.621706531337456E-6,9100.0,55.472527472527474,6.248704897705039,4.86029584409486,-16.23637406769935,9100.0,795680.0
9200.0,37.350080668,7.687694072378731E-6,9200.0,55.521739130434774,6.164825219324852,5.035971223021562,-16.05218377765173,9200.0,795680.0
9300.0,37.653010246,7.75005000097335E-6,9300.0,55.47311827956989,5.923249447357438,5.001147052076163,-15.832167832167846,9300.0,795680.0
9400.0,38.030854541,7.827826598539218E-6,9400.0,55.50000000000001,5.8115690974983325,5.147392290249451,-15.648327343101997,9400.0,795680.0
9500.0,38.342664225,7.892010434660412E-6,9500.0,55.47368421052632,5.617653249709746,5.326768128916756,-15.447598253275114,9500.0,795680.0
9600.0,38.742068463,7.974224995250848E-6,9600.0,55.427083333333336,5.396505872231682,5.2270210409745435,-15.243738217075142,9600.0,795680.0
9700.0,39.057470483,8.039148288537576E-6,9700.0,55.422680412371136,5.248318902475592,5.196228897171688,-15.061202767429464,9700.0,795680.0
9800.0,39.420662285,8.11390877320594E-6,9800.0,55.43877551020409,5.136890805216828,5.53752974259141,-14.89081820573531,9800.0,795680.0
9900.0,39.737643468,8.179157126118464E-6,9900.0,55.3939393939394,4.933741045950663,5.540106951871658,-14.701298701298713,9900.0,795680.0
10000.0,40.077076995,8.249027136541256E-6,10000.0,55.43,4.861315676003379,5.491942324003399,-14.546389103058335,10000.0,795680.0
