learning evaluation instances,evaluation time (cpu seconds),model cost (RAM-Hours),classified instances,classifications correct (percent),Kappa Statistic (percent),Kappa Temporal Statistic (percent),Kappa M Statistic (percent),model training instances,model serialized size (bytes)
100.0,0.179916485,1.9577743585593997E-8,100.0,52.0,2.399349328995533,4.0000000000000036,-6.666666666666673,100.0,420624.0
200.0,0.30735395,3.346446147294094E-8,200.0,51.5,2.1388216303470644,2.020202020202022,-3.1914893617021307,200.0,421216.0
300.0,0.359727561,3.917448183186145E-8,300.0,55.333333333333336,9.654800431499453,11.842105263157896,0.7407407407407333,300.0,421432.0
400.0,0.40783697,4.442417869738406E-8,400.0,58.5,13.799818252628851,19.024390243902438,4.046242774566465,400.0,421800.0
500.0,0.452752007,4.9327815636015594E-8,500.0,59.599999999999994,14.97600808148834,19.521912350597606,6.912442396313369,500.0,422016.0
600.0,0.493091619,5.3733095521562624E-8,600.0,60.333333333333336,16.039510818438394,20.401337792642146,9.160305343511459,600.0,422128.0
700.0,0.533933242,5.819514152504296E-8,700.0,61.0,18.03770865858051,21.999999999999996,12.218649517684884,700.0,422312.0
800.0,0.582043042,6.345334436344397E-8,800.0,61.375,18.86782544767107,23.325062034739457,13.687150837988831,800.0,422480.0
900.0,0.619544442,6.755806901775094E-8,900.0,61.22222222222222,19.67573649754501,22.787610619469028,15.29126213592232,900.0,423096.0
1000.0,0.654576234,7.13947297030915E-8,1000.0,62.3,21.60532335204824,24.448897795591183,17.505470459518595,1000.0,423344.0
1100.0,0.962700772,1.0521304024205233E-7,1100.0,61.272727272727266,21.010046524172328,22.545454545454536,17.760617760617755,1100.0,424256.0
1200.0,1.010703031,1.1048512049588686E-7,1200.0,60.916666666666664,20.406396904504643,21.308724832214764,17.429577464788736,1200.0,424544.0
1300.0,1.043719668,1.1411461224498642E-7,1300.0,59.692307692307686,17.62281601300234,19.508448540706596,14.657980456026054,1300.0,424928.0
1400.0,1.073551581,1.1739697343850923E-7,1400.0,58.64285714285714,14.94228751311647,18.335684062059237,11.87214611872146,1400.0,425312.0
1500.0,1.103868055,1.2073654023619784E-7,1500.0,57.333333333333336,12.59011867712429,15.900131406044684,9.732016925246835,1500.0,425808.0
1600.0,1.134351452,1.2409663975594566E-7,1600.0,56.56250000000001,10.359593458185012,13.878562577447347,7.333333333333343,1600.0,426080.0
1700.0,1.164222153,1.2739043992219493E-7,1700.0,55.470588235294116,8.1176870418022,11.254396248534583,5.137844611528809,1700.0,426240.0
1800.0,1.194498929,1.3073008264408964E-7,1800.0,54.333333333333336,6.5005971677188095,9.070796460176995,3.8596491228070136,1800.0,426376.0
1900.0,1.226524139,1.3426337959319558E-7,1900.0,53.94736842105263,5.4991803297325434,8.472803347280333,2.8856825749167725,1900.0,426472.0
2000.0,1.25975116,1.3793112738558192E-7,2000.0,53.05,4.085214005397385,6.380857427716843,1.6753926701570694,2000.0,426688.0
2100.0,1.301175237,1.4250473180829855E-7,2100.0,52.95238095238095,4.269131639633343,6.083650190114061,2.0812685827552047,2100.0,426784.0
2200.0,1.333872342,1.4611540616530923E-7,2200.0,53.13636363636364,4.304887783326222,7.117117117117114,2.089268755935424,2200.0,426856.0
2300.0,1.366233479,1.4968965001192563E-7,2300.0,52.95652173913044,4.222138748968573,6.563039723661486,2.169981916817366,2300.0,426936.0
2400.0,1.401810861,1.536208909198207E-7,2400.0,53.083333333333336,4.621737519191081,6.55601659751038,2.6793431287813356,2400.0,427128.0
2500.0,1.441594532,1.5802424764140403E-7,2500.0,52.559999999999995,3.7979842027529487,5.271565495207663,1.9834710743801534,2500.0,427840.0
2600.0,1.490036106,1.6338818869686166E-7,2600.0,52.0,3.065760417562876,3.852080123266572,1.4218009478672982,2600.0,428024.0
2700.0,1.544267294,1.6939602030524983E-7,2700.0,51.66666666666667,2.3135348776860765,3.3333333333333437,0.6849315068493308,2700.0,428224.0
2800.0,1.576010476,1.7291429698515474E-7,2800.0,51.535714285714285,1.585571547569212,2.8632784538296248,-0.14760147601477341,2800.0,428432.0
2900.0,1.623127792,1.781370635990405E-7,2900.0,51.48275862068965,1.4125956444967542,3.232462173314982,-0.2851033499643718,2900.0,428472.0
3000.0,1.677877592,1.842069937373139E-7,3000.0,51.26666666666667,0.8182830844292858,2.986065029860664,-0.8971704623878468,3000.0,428552.0
3100.0,1.727513122,1.8971012704427664E-7,3100.0,51.38709677419355,1.0061069931640854,3.2734274711168214,-0.6680026720106783,3100.0,428568.0
3200.0,1.77281795,1.947334868001586E-7,3200.0,51.53124999999999,1.0952221531397923,3.544776119402976,-0.5836575875486372,3200.0,428600.0
3300.0,1.805477472,1.9835501644148803E-7,3300.0,51.60606060606061,1.25514138046815,3.7371910789632445,-0.37712130735384486,3300.0,428632.0
3400.0,1.845807989,2.0282732974825223E-7,3400.0,51.44117647058823,1.2024527783839982,3.4502923976608155,-0.3037667071688932,3400.0,428648.0
3500.0,1.877735314,2.0636793227224097E-7,3500.0,51.628571428571426,1.3453855513237016,3.5876993166286932,-0.177514792899415,3500.0,428664.0
3600.0,1.909811086,2.0992512969614114E-7,3600.0,51.55555555555556,1.4231344127215335,3.27232390460344,0.0,3600.0,428680.0
3700.0,1.941427614,2.1343152790941508E-7,3700.0,51.486486486486484,1.3649551608932542,3.5464803868887658,0.0,3700.0,428696.0
3800.0,1.972817271,2.169129601226147E-7,3800.0,51.3421052631579,1.4101898494394338,3.041426324069224,0.1619870410367244,3800.0,428720.0
3900.0,2.003178412,2.2028063362873679E-7,3900.0,51.30769230769231,1.326675971624678,2.6652998462327075,0.10520778537612202,3900.0,428760.0
4000.0,2.03499247,2.2380959712714786E-7,4000.0,51.349999999999994,1.3159562869241064,2.407221664994987,0.10266940451744248,4000.0,428776.0
4100.0,2.074622502,2.2820562688579992E-7,4100.0,51.390243902439025,1.5123464825373139,2.685546875000002,0.3500000000000003,4100.0,428784.0
4200.0,2.105429898,2.316230542646183E-7,4200.0,51.45238095238095,1.5883668389638321,2.6265520534861415,0.43945312499999395,4200.0,428792.0
4300.0,2.137828992,2.3521711384120917E-7,4300.0,51.44186046511627,1.5938930869337027,2.6119402985074593,0.47664442326023504,4300.0,428800.0
4400.0,2.172739143,2.390899438978007E-7,4400.0,51.45454545454545,1.606289056651968,2.6879271070615065,0.512342803912425,4400.0,428824.0
4500.0,2.204894054,2.426572487825155E-7,4500.0,51.4,1.520003202113409,2.670226969292385,0.45516613563951136,4500.0,428840.0
4600.0,2.240473749,2.4660457700019495E-7,4600.0,51.17391304347826,1.4494136051242017,2.262837249782411,0.48737261852015895,4600.0,428848.0
4700.0,2.278772496,2.508537243035477E-7,4700.0,51.10638297872341,1.2241669818782088,2.0877716233489734,0.26041666666666935,4700.0,428864.0
4800.0,2.325942374,2.5608719835802914E-7,4800.0,51.1875,1.266441546474572,2.212020033388972,0.2978723404255331,4800.0,428872.0
4900.0,2.361695459,2.600540590109304E-7,4900.0,51.02040816326531,1.0875657649934987,1.9607843137254917,0.16638935108153277,4900.0,428880.0
5000.0,2.393491613,2.635822210133076E-7,5000.0,51.0,0.9973006610955863,1.9607843137254963,0.08156606851548857,5000.0,428920.0
5100.0,2.439510722,2.686885892790122E-7,5100.0,51.01960784313726,0.9549985003076359,2.3455824863174493,0.04001600640256994,5100.0,428920.0
5200.0,2.487721971,2.7403850092258103E-7,5200.0,51.019230769230774,0.9076952083389607,2.226487523992328,0.0,5200.0,428944.0
5300.0,2.525791283,2.7826337483080937E-7,5300.0,50.90566037735849,0.8249651895670987,2.033132530120477,-0.03844675124953525,5300.0,428984.0
5400.0,2.56748862,2.828910539880354E-7,5400.0,50.83333333333333,0.8210744943929393,1.7758046614872256,0.0,5400.0,429000.0
5500.0,2.602773695,2.868071566191565E-7,5500.0,50.92727272727273,0.8683808299636275,1.7831149927219934,0.03703703703705762,5500.0,429008.0
5600.0,2.633947391,2.9026702369960656E-7,5600.0,50.875,0.7498777863362597,1.6797712651894325,-0.07275372862858744,5600.0,429016.0
5700.0,2.664610531,2.9367022583095576E-7,5700.0,50.771929824561404,0.7073195806144063,1.543859649122803,-0.07132667617688586,5700.0,429016.0
5800.0,2.695547901,2.9710431205477164E-7,5800.0,50.62068965517241,0.6526190886298738,1.3434378229417858,-0.06988120195667605,5800.0,429072.0
5900.0,2.725045398,3.0037863164803855E-7,5900.0,50.69491525423728,0.6354937697665244,1.3898305084745655,-0.10323468685479284,5900.0,429080.0
5931.0,2.742194788,3.0228227058016813E-7,5931.0,50.66599224414096,0.5953929562579994,1.381867205931925,-0.13689253935660742,5931.0,429080.0
