learning evaluation instances,evaluation time (cpu seconds),model cost (RAM-Hours),classified instances,classifications correct (percent),Kappa Statistic (percent),Kappa Temporal Statistic (percent),Kappa M Statistic (percent),model training instances,model serialized size (bytes)
100.0,0.433365236,8.913523597053354E-8,100.0,56.00000000000001,3.0409872190392555,12.00000000000001,-4.76190476190474,100.0,795056.0
200.0,0.850459628,1.7492385943295227E-7,200.0,53.5,6.155398587285586,3.1250000000000027,0.0,200.0,795056.0
300.0,1.12704745,2.318128729775134E-7,300.0,56.99999999999999,14.403255772803671,13.99999999999999,6.5217391304347645,300.0,795056.0
400.0,1.421425375,2.92360982584974E-7,400.0,57.25,14.61100569259963,18.181818181818187,8.064516129032254,400.0,795056.0
500.0,1.727368632,3.552878676715493E-7,500.0,55.800000000000004,11.404380872967524,12.648221343873528,5.555555555555561,500.0,795056.0
600.0,2.823849864,5.809908375146984E-7,600.0,53.666666666666664,7.333333333333325,7.333333333333325,1.0676156583629903,600.0,795680.0
700.0,3.126877143,6.433668771747995E-7,700.0,52.85714285714286,5.9905583591079274,8.077994428969358,-2.1671826625387016,700.0,795680.0
800.0,3.470132407,7.14023565349736E-7,800.0,53.25,6.788954241850269,7.425742574257422,-0.8086253369272304,800.0,795680.0
900.0,3.717685887,7.649807126317668E-7,900.0,53.0,6.211198486371445,5.790645879732754,-0.475059382422806,900.0,795680.0
1000.0,4.014358964,8.260487843845948E-7,1000.0,53.2,6.571907689850676,5.263157894736847,0.21321961620469104,1000.0,795680.0
1100.0,4.956709135,1.0200210559563957E-6,1100.0,52.81818181818182,5.872848380927261,3.1716417910447854,-1.7647058823529405,1100.0,795664.0
1200.0,5.237003177,1.0777164580563246E-6,1200.0,53.083333333333336,6.305126868072739,2.595155709342574,-0.5357142857142743,1200.0,795664.0
1300.0,5.522805531,1.136545684740837E-6,1300.0,53.0,6.060032641862025,2.5518341307815087,0.4885993485342096,1300.0,795664.0
1400.0,5.789888405,1.1915217152675032E-6,1400.0,53.28571428571428,6.599448736807516,2.967359050445093,2.6785714285714146,1400.0,795664.0
1500.0,6.118509851,1.2591647744290322E-6,1500.0,53.0,6.015371708093962,2.354570637119108,2.7586206896551677,1500.0,795664.0
1600.0,7.619825401,1.5682000487388629E-6,1600.0,52.81249999999999,5.617626377060706,1.6927083333333204,2.2020725388601026,1600.0,795680.0
1700.0,7.889462031,1.6237028575361396E-6,1700.0,52.64705882352941,5.279696562798486,1.7094017094017218,1.7094017094017218,1700.0,795680.0
1800.0,8.129537292,1.6731206658963735E-6,1800.0,52.27777777777778,4.540706332096114,1.2643678160919452,1.0368663594470056,1800.0,795680.0
1900.0,8.364276362,1.7214400567723852E-6,1900.0,52.1578947368421,4.317697818769265,0.9803921568627435,0.8724100327153697,1900.0,795680.0
2000.0,8.612446146,1.7725240659094725E-6,2000.0,52.25,4.499617998471997,1.2409513960703216,0.9336099585062134,2000.0,795680.0
2100.0,10.180813266,2.0953614355402065E-6,2100.0,52.38095238095239,4.754647973178906,2.4390243902439166,0.3984063745020045,2100.0,795680.0
2200.0,10.453260368,2.151442760283355E-6,2200.0,52.36363636363637,4.716641939389933,2.6022304832713923,1.0387157695939575,2200.0,795680.0
2300.0,10.721223117,2.2066010124189777E-6,2300.0,52.47826086956522,4.936682438074041,3.2743362831858533,1.1754068716094102,2300.0,795680.0
2400.0,11.112849058,2.2872144651363496E-6,2400.0,52.541666666666664,5.066983758313926,3.881856540084388,1.8103448275861915,2400.0,795680.0
2500.0,11.469017202,2.360529179076043E-6,2500.0,52.6,5.195024634892852,3.8929440389294396,2.5493421052631735,2500.0,795680.0
2600.0,13.408905285,2.75984153273832E-6,2600.0,52.84615384615384,5.7016817263135895,3.7676609105180447,2.8526148969889054,2600.0,795680.0
2700.0,13.72026428,2.8239325976904273E-6,2700.0,53.03703703703704,6.078609098710204,4.876219054763703,3.500761035007618,2700.0,795680.0
2800.0,14.074991411,2.8969506892127087E-6,2800.0,52.85714285714286,5.716931412638937,4.624277456647409,3.083700440528637,2800.0,795680.0
2900.0,14.394406417,2.962700027516629E-6,2900.0,52.724137931034484,5.448275862068974,3.7219101123595646,2.4199288256227898,2900.0,795680.0
3000.0,14.711455231,3.027962301796074E-6,3000.0,52.53333333333333,5.058902594701078,3.6535859269282844,1.5894955079474637,3000.0,795680.0
3100.0,17.362091948,3.5735772758991558E-6,3100.0,52.70967741935484,5.419354838709678,4.432855280312914,2.0708082832331347,3100.0,795680.0
3200.0,17.681787723,3.6393844085321447E-6,3200.0,52.625,5.246446741752822,4.171934260429837,1.5584415584415483,3200.0,795680.0
3300.0,17.972395118,3.6992039021957456E-6,3300.0,52.57575757575758,5.144128762276448,4.105392156862738,1.0745891276864683,3300.0,795680.0
3400.0,18.278395658,3.7621919667754113E-6,3400.0,52.44117647058823,4.868066692368341,4.035608308605345,0.7366482504604072,3400.0,795680.0
3500.0,18.566496791,3.821495563987622E-6,3500.0,52.57142857142857,5.14078185547241,4.377880184331792,1.4836795252225465,3500.0,795680.0
3600.0,21.43223975,4.41136492521418E-6,3600.0,52.27777777777778,4.545980692507738,3.9686975964225777,0.7510109763142712,3600.0,795648.0
3700.0,21.717255162,4.470030988926618E-6,3700.0,52.21621621621622,4.413077651661829,3.6512261580381544,0.39436619718309457,3700.0,795648.0
3800.0,22.030815642,4.534572618336409E-6,3800.0,52.078947368421055,4.146742834346374,3.2412327311371003,0.4373974849644812,3800.0,795648.0
3900.0,22.346588898,4.599569713844984E-6,3900.0,51.8974358974359,3.7786767529577476,2.747537584240525,0.0,3900.0,795648.0
4000.0,22.671766158,4.666502479757993E-6,4000.0,52.0,3.9914792437828925,3.030303030303033,0.5696530295183905,4000.0,795648.0
4100.0,25.759991588,5.3021792379499345E-6,4100.0,51.926829268292686,3.8383275858376087,3.1925343811394917,0.2530364372469638,4100.0,795664.0
4200.0,26.074333769,5.36688306968448E-6,4200.0,52.11904761904762,4.225759689683392,3.687739463601529,0.8382642998027675,4200.0,795664.0
4300.0,26.377864524,5.429361489969347E-6,4300.0,52.04651162790698,4.084163101707829,3.5998129967274464,0.8177008177008301,4300.0,795664.0
4400.0,26.697825243,5.495221835081097E-6,4400.0,51.90909090909091,3.8123191392863696,3.642987249544628,0.7038948850305037,4400.0,795664.0
4500.0,27.022450305,5.562042283172549E-6,4500.0,51.82222222222222,3.6432072708094,3.7727474478473173,0.7326007326007282,4500.0,795664.0
4600.0,30.466929192,6.271064099204804E-6,4600.0,51.76086956521739,3.516121543560559,3.3957335655202425,0.4039497307001749,4600.0,795680.0
4700.0,30.827474873,6.345279898427733E-6,4700.0,51.93617021276595,3.8736284928006413,3.831417624521067,0.8340649692712724,4700.0,795680.0
4800.0,31.201431253,6.422256195964391E-6,4800.0,51.72916666666667,3.4596406506995194,3.175929795236112,0.2582866982350583,4800.0,795680.0
4900.0,31.563978847,6.496884074935044E-6,4900.0,51.6530612244898,3.3087964581071154,3.187576624438081,-0.16913319238900837,4900.0,795680.0
5000.0,31.898898265,6.5658248876864466E-6,5000.0,51.580000000000005,3.1543597099095133,3.1212484993997713,-0.41476565740356736,5000.0,795680.0
5100.0,35.840472314,7.377153940708915E-6,5100.0,51.64705882352941,3.285729050547402,3.4077555816686305,-0.2846685644570907,5100.0,795664.0
5200.0,36.173542977,7.445712821562597E-6,5200.0,51.67307692307692,3.340148352412427,3.827018752391884,-0.119521912350611,5200.0,795664.0
5300.0,36.509810125,7.5149296631994106E-6,5300.0,51.77358490566037,3.5482823195631403,3.981968444778354,0.07818608287723404,5300.0,795664.0
5400.0,36.903457297,7.595957542750414E-6,5400.0,51.75925925925926,3.5173803147746345,4.086892488954343,0.0,5400.0,795664.0
5500.0,37.285560447,7.674609214136635E-6,5500.0,51.69090909090909,3.3806683319206345,3.9059674502712443,-0.15077271013947954,5500.0,795664.0
5600.0,41.665456369,8.576161935602006E-6,5600.0,51.660714285714285,3.32636089995408,3.836589698046172,-0.4825538233110645,5600.0,795664.0
5700.0,41.990758399,8.643121730005247E-6,5700.0,51.70175438596492,3.41195167920072,3.842123646524625,-0.5111354508944793,5700.0,795664.0
5800.0,42.278724565,8.702396353254444E-6,5800.0,51.689655172413794,3.381550606139346,3.909465020576133,-0.21459227467809588,5800.0,795664.0
5900.0,42.631443341,8.774999579010898E-6,5900.0,51.69491525423729,3.3912958746273447,4.040404040404033,-0.10537407797682755,5900.0,795664.0
6000.0,42.944333788,8.839404587494424E-6,6000.0,51.68333333333334,3.3648628107724803,3.8474295190713175,-0.10359116022098307,6000.0,795664.0
6100.0,48.102651213,9.901208044077587E-6,6100.0,51.68852459016393,3.3744316427598986,3.7871367939928082,-0.4088586030664436,6100.0,795680.0
6200.0,49.565761196,1.0202378970430715E-5,6200.0,51.645161290322584,3.288541318607019,3.725112395632632,-0.4018754186202311,6200.0,795680.0
6300.0,49.903268457,1.0271852472510072E-5,6300.0,51.682539682539684,3.364504762487371,3.7013603290098174,-0.1974983541803765,6300.0,795680.0
6400.0,50.239939845,1.0341153915995988E-5,6400.0,51.578125,3.156249999999994,3.6380597014925318,-0.6495615459564886,6400.0,795680.0
6500.0,50.63122037,1.0421696267252837E-5,6500.0,51.58461538461538,3.1662054293767317,3.4662576687116573,-0.7684918347742491,6500.0,795680.0
6600.0,56.186544222,1.1565220711852617E-5,6600.0,51.66666666666667,3.326764169466074,3.7997587454764914,-0.6944444444444374,6600.0,795680.0
6700.0,56.522936669,1.163446473729044E-5,6700.0,51.582089552238806,3.1612883966685663,3.624480095068333,-0.6515668631709527,6700.0,795680.0
6800.0,56.819735101,1.169555861249066E-5,6800.0,51.617647058823536,3.2314099804698015,3.716710564822956,-0.6116207951070316,6800.0,795680.0
6900.0,57.110500421,1.1755410613907674E-5,6900.0,51.6231884057971,3.243133292180932,3.748558246828151,-0.5118940078289519,6900.0,795680.0
7000.0,57.412706761,1.1817617669033473E-5,7000.0,51.47142857142857,2.942857142857136,3.3020210646171257,-0.651851851851869,7000.0,795680.0
7100.0,63.068875658,1.2981900358723276E-5,7100.0,51.394366197183096,2.7878530303705906,2.9800393590103917,-0.906432748538015,7100.0,795680.0
7200.0,63.360262599,1.3041880316462498E-5,7200.0,51.43055555555556,2.8590123860700802,3.0227398779811496,-0.8653014133256387,7200.0,795680.0
7300.0,63.651196182,1.3101766953637706E-5,7300.0,51.45205479452055,2.901740894411021,3.0369357045143768,-0.7676997441000717,7300.0,795680.0
7400.0,63.956358792,1.316458253620491E-5,7400.0,51.51351351351351,3.0230601105669757,2.9745808545159464,-0.6734006734006895,7400.0,795680.0
7500.0,64.250000747,1.3225026672757217E-5,7500.0,51.49333333333333,2.983334467594527,2.934898612593393,-0.6362378976486851,7500.0,795680.0
7600.0,70.297925943,1.4469949648444237E-5,7600.0,51.53947368421052,3.079819918518744,3.180862250262881,-0.40894220283533966,7600.0,795680.0
7700.0,70.598842061,1.4531891120422184E-5,7700.0,51.54545454545455,3.0922035920855984,3.1160737470786923,-0.3766478342749323,7700.0,795680.0
7800.0,70.891406899,1.4592113539995965E-5,7800.0,51.3974358974359,2.791420602703836,2.695071868583153,-0.8781266631186863,7800.0,795680.0
7900.0,71.18471953,1.4652489887513062E-5,7900.0,51.46835443037975,2.93549574886531,2.8629338738282217,-0.5243838489774543,7900.0,795680.0
8000.0,71.47749031,1.471275469880287E-5,8000.0,51.475,2.9496057327733016,2.755511022044096,-0.5439005439005415,8000.0,795680.0
8100.0,77.923687128,1.6039659094021975E-5,8100.0,51.66666666666667,3.3336987234067554,3.142008906481944,-0.35888233786208645,8100.0,795680.0
8200.0,78.240962962,1.6104968098775885E-5,8200.0,51.71951219512195,3.436129197448865,3.3683182816695174,-0.4822335025380715,8200.0,795680.0
8300.0,78.562312697,1.6171115687472424E-5,8300.0,51.75903614457832,3.511119599327793,3.3317238049251663,-0.5777442853554168,8300.0,795680.0
8400.0,78.88022944,1.6236556618848037E-5,8400.0,51.654761904761905,3.3001827387407365,3.263458789899945,-0.9194831013916515,8400.0,795680.0
8500.0,79.199025027,1.6302178454096004E-5,8500.0,51.6,3.188342402476152,2.8800755429650575,-1.0066290203780923,8500.0,795680.0
8600.0,85.966730248,1.7695263098706398E-5,8600.0,51.604651162790695,3.1945747073364847,2.9384328358208944,-1.0439427045399376,8600.0,795680.0
8700.0,86.259352607,1.775549735857452E-5,8700.0,51.643678160919535,3.2705075752658366,3.1091662828189723,-0.9841574651944338,8700.0,795680.0
8800.0,86.55484271,1.7816321923427955E-5,8800.0,51.60227272727273,3.1849724164275774,2.9398359161349115,-1.163895486935876,8800.0,795680.0
8900.0,86.851060285,1.787729623328941E-5,8900.0,51.61797752808989,3.218712567500987,2.8429602888086545,-1.0323791647113953,8900.0,795680.0
9000.0,87.164361177,1.794178702411665E-5,9000.0,51.66666666666667,3.3168327394542017,2.966763328128486,-0.88126159554729,9000.0,795680.0
9100.0,94.457625087,1.9443054238088315E-5,9100.0,51.637362637362635,3.2560517417104244,2.997575490412165,-0.9172208209126315,9100.0,795680.0
9200.0,94.753544389,1.9503967150545088E-5,9200.0,51.65217391304348,3.284204796339194,3.262287951283159,-0.8845543207076487,9200.0,795680.0
9300.0,95.057996983,1.956663658129942E-5,9300.0,51.645161290322584,3.2657167969653527,3.2070598364184195,-0.9654243376740038,9300.0,795680.0
9400.0,95.347731803,1.9626276461520345E-5,9400.0,51.68085106382979,3.338212744500351,3.238176395398398,-0.8436944937832851,9400.0,795680.0
9500.0,95.632562167,1.9684906793878196E-5,9500.0,51.71578947368422,3.4043930369322952,3.43157894736843,-0.857519788918203,9500.0,795680.0
9600.0,103.633943737,2.1331935060748922E-5,9600.0,51.697916666666664,3.3678838358455763,3.335417969564299,-0.8262665796912505,9600.0,795680.0
9700.0,103.945123097,2.139598914909641E-5,9700.0,51.64948453608248,3.265658490116716,3.199174406604758,-0.9905254091300381,9700.0,795680.0
9800.0,104.241998546,2.145709887770581E-5,9800.0,51.602040816326536,3.1720207232298985,3.045789043336062,-0.9578544061302682,9800.0,795680.0
9900.0,104.537280368,2.1517880569376474E-5,9900.0,51.56565656565657,3.0987576358681195,2.9941331175399744,-0.9686249736786522,9900.0,795680.0
10000.0,104.831263021,2.15783948362221E-5,10000.0,51.54,3.044844060456327,2.866305872920421,-0.979370702229639,10000.0,795680.0
