learning evaluation instances,evaluation time (cpu seconds),model cost (RAM-Hours),classified instances,classifications correct (percent),Kappa Statistic (percent),Kappa Temporal Statistic (percent),Kappa M Statistic (percent),model training instances,model serialized size (bytes)
100.0,0.526591536,1.0831016639610131E-7,100.0,35.0,0.0,-35.41666666666667,-91.17647058823532,100.0,795056.0
200.0,1.020372153,2.0987173192502307E-7,200.0,27.500000000000004,0.0,-93.33333333333333,-168.51851851851848,200.0,795056.0
300.0,1.432699677,2.9467989856090394E-7,300.0,30.0,0.0,-74.99999999999999,-135.9550561797753,300.0,795056.0
400.0,1.751575815,3.6026683873254803E-7,400.0,29.75,0.0,-86.0927152317881,-138.13559322033896,400.0,795056.0
500.0,2.042681466,4.201419019326816E-7,500.0,28.999999999999996,0.0,-87.83068783068784,-146.52777777777774,500.0,795056.0
600.0,3.191837593,6.726222400374132E-7,600.0,29.833333333333336,0.0,-80.68669527896996,-136.5168539325843,600.0,849280.0
700.0,3.535739374,7.481806745282727E-7,700.0,29.714285714285715,0.0,-76.97841726618705,-137.68115942028987,700.0,849280.0
800.0,3.946358228,8.383974733202243E-7,800.0,29.625,0.0,-77.602523659306,-138.55932203389827,800.0,849280.0
900.0,4.265459007,9.085068959464879E-7,900.0,29.555555555555557,0.0,-78.59154929577463,-139.24528301886795,900.0,849280.0
1000.0,4.631558829,9.889424474497886E-7,1000.0,29.9,0.0,-75.6892230576441,-135.23489932885903,1000.0,849280.0
1100.0,5.405009814,1.1588768555010607E-6,1100.0,29.454545454545457,0.0,-77.57437070938217,-140.2476780185759,1100.0,849280.0
1200.0,5.749700666,1.2346086562632107E-6,1200.0,29.166666666666668,0.0,-78.94736842105262,-143.5530085959885,1200.0,849280.0
1300.0,6.07734065,1.3065942220130148E-6,1300.0,30.0,0.0,-75.33718689788053,-133.93316195372756,1300.0,849280.0
1400.0,6.467577867,1.3923329847226788E-6,1400.0,30.428571428571427,0.0,-71.1775043936731,-129.17647058823528,1400.0,849280.0
1500.0,6.798288315,1.4649931601017961E-6,1500.0,30.06666666666667,0.0,-73.96351575456052,-133.11111111111106,1500.0,849280.0
1600.0,7.898860993,1.7067992605275825E-6,1600.0,30.1875,0.0,-72.11093990755008,-131.7427385892116,1600.0,849280.0
1700.0,8.235628526,1.780790234074849E-6,1700.0,29.764705882352942,0.0,-73.79912663755455,-136.43564356435638,1700.0,849280.0
1800.0,8.533086006,1.846144421689237E-6,1800.0,29.61111111111111,0.0,-74.27785419532327,-138.1578947368421,1800.0,849280.0
1900.0,8.833870944,1.9122296829159306E-6,1900.0,29.578947368421055,0.0,-74.67362924281981,-138.50267379679138,1900.0,849280.0
2000.0,9.152217513,1.982173398558323E-6,2000.0,29.45,0.0,-74.84510532837672,-139.9659863945578,2000.0,849280.0
2100.0,10.266555316,2.2270038255594088E-6,2100.0,28.952380952380953,0.0,-77.40784780023785,-145.79901153212523,2100.0,849280.0
2200.0,10.63218767,2.307336669975378E-6,2200.0,29.272727272727273,0.0,-76.61748013620883,-141.99066874027997,2200.0,849280.0
2300.0,10.972545539,2.3821164738877197E-6,2300.0,29.304347826086957,0.0,-76.7391304347826,-141.6047548291233,2300.0,849280.0
2400.0,11.332169714,2.461129265240687E-6,2400.0,29.375,0.0,-76.37877211238295,-140.76704545454547,2400.0,849280.0
2500.0,11.698008414,2.5415074458008255E-6,2500.0,29.360000000000003,0.0,-75.8964143426295,-140.9276944065484,2500.0,849280.0
2600.0,13.31591736,2.896977157975758E-6,2600.0,29.46153846153846,0.0,-73.67424242424241,-139.7385620915033,2600.0,849280.0
2700.0,13.681820032,2.977369393782011E-6,2700.0,29.40740740740741,0.0,-72.17705510388436,-140.3530895334174,2700.0,849280.0
2800.0,14.042055696,3.056516534981653E-6,2800.0,29.32142857142857,0.0,-73.44434706397898,-141.34146341463418,2800.0,849280.0
2900.0,14.404711137,3.1361953237970917E-6,2900.0,29.24137931034483,0.0,-72.87278854254421,-142.2668240850059,2900.0,849280.0
3000.0,14.768440016,3.21610995697067E-6,3000.0,29.2,0.0,-71.98380566801622,-142.74285714285716,3000.0,849280.0
3100.0,16.371528496,3.5683234742921506E-6,3100.0,29.419354838709676,0.0,-71.33907595927954,-140.17563117453352,3100.0,849280.0
3200.0,16.642858673,3.6279372493201077E-6,3200.0,29.531249999999996,0.0,-70.70401211203632,-138.87711864406776,3200.0,849280.0
3300.0,17.008140342,3.708193044964994E-6,3300.0,29.757575757575754,0.0,-69.69253294289898,-136.28950050968402,3300.0,849280.0
3400.0,17.365383589,3.7866827241904453E-6,3400.0,29.470588235294116,0.0,-72.14644651830584,-139.56043956043956,3400.0,849280.0
3500.0,17.798553416,3.881854182452816E-6,3500.0,29.714285714285715,0.0,-70.59639389736475,-136.76612127045237,3500.0,849280.0
3600.0,19.860485954,4.334880026471475E-6,3600.0,29.916666666666668,0.0,-70.47297297297297,-134.47955390334573,3600.0,849280.0
3700.0,20.166735017,4.402165807014067E-6,3700.0,29.81081081081081,0.0,-71.64573694646396,-135.6624319419238,3700.0,849280.0
3800.0,20.500745868,4.475551111769205E-6,3800.0,29.68421052631579,0.0,-71.83279742765272,-137.08961845607809,3800.0,849280.0
3900.0,20.883890727,4.55973161715967E-6,3900.0,29.641025641025642,0.0,-71.82216656230432,-137.57575757575762,3900.0,849280.0
4000.0,21.249152882,4.639983125396429E-6,4000.0,29.925,0.0,-70.3951367781155,-134.36454849498324,4000.0,849280.0
4100.0,23.381788772,5.108543156457801E-6,4100.0,29.926829268292682,0.0,-70.50445103857565,-134.33931484502443,4100.0,849280.0
4200.0,23.721306938,5.1831384697753774E-6,4200.0,29.928571428571427,0.0,-71.20418848167542,-134.31528662420388,4200.0,849280.0
4300.0,24.071523553,5.260084332297933E-6,4300.0,30.023255813953487,0.0,-70.67498581962562,-133.25581395348834,4300.0,849280.0
4400.0,24.474190415,5.3485540041489985E-6,4400.0,29.954545454545457,0.0,-70.37037037037037,-134.0167046317388,4400.0,849280.0
4500.0,24.893854844,5.440758200284698E-6,4500.0,30.0,0.0,-69.90291262135922,-133.50630096367678,4500.0,849280.0
4600.0,27.308076033,5.971185152494932E-6,4600.0,29.84782608695652,0.0,-70.29023746701847,-135.2040816326531,4600.0,849280.0
4700.0,27.644270409,6.045050198094075E-6,4700.0,29.744680851063833,0.0,-70.82255561303671,-136.36363636363632,4700.0,849280.0
4800.0,28.026279872,6.128981246374904E-6,4800.0,29.770833333333336,0.0,-70.33855482566955,-136.06442577030813,4800.0,849280.0
4900.0,28.41502786,6.214392811558835E-6,4900.0,29.591836734693878,0.0,-71.81274900398405,-138.0952380952381,4900.0,849280.0
5000.0,28.825950099,6.3046762668699275E-6,5000.0,29.599999999999998,0.0,-70.790878214459,-137.99864773495608,5000.0,849280.0
5100.0,31.428942713,6.876578064915894E-6,5100.0,29.843137254901958,0.0,-69.33270231897777,-135.23997370151218,5100.0,849280.0
5200.0,31.783189745,6.954409447711069E-6,5200.0,29.96153846153846,0.0,-68.68920796665124,-133.91136801541427,5200.0,849280.0
5300.0,32.128342297,7.030242688277058E-6,5300.0,30.245283018867923,0.0,-66.98283649503162,-130.77403245942574,5300.0,849280.0
5400.0,32.485031008,7.108610530762069E-6,5400.0,30.5,0.0,-65.5491839435377,-128.0072904009721,5400.0,849280.0
5500.0,32.824159301,7.183120185338814E-6,5500.0,30.636363636363633,0.0,-65.15151515151514,-126.54394299287408,5500.0,849280.0
5600.0,35.280097288,7.72271270784556E-6,5600.0,30.892857142857146,0.0,-64.61080391322841,-123.82880277617122,5600.0,849280.0
5700.0,35.600611275,7.793132625473564E-6,5700.0,30.982456140350877,0.0,-63.848396501457714,-122.88951841359777,5700.0,849280.0
5800.0,35.999606175,7.880795532964691E-6,5800.0,31.120689655172413,0.0,-63.06122448979592,-121.45232815964526,5800.0,849280.0
5900.0,36.376367802,7.963573582643792E-6,5900.0,31.35593220338983,0.0,-61.93522590963614,-119.03731746890212,5900.0,849280.0
6000.0,36.690349302,8.032558251842384E-6,6000.0,31.55,0.0,-60.995687965503706,-117.07188160676532,6000.0,849280.0
6100.0,39.511006195,8.652282925704808E-6,6100.0,31.639344262295083,0.0,-60.569888332691576,-116.17418351477447,6100.0,849280.0
6200.0,39.832129333,8.72283667949904E-6,6200.0,31.758064516129032,0.0,-59.53996983408749,-114.98983739837401,6200.0,849280.0
6300.0,40.182489413,8.799814062622543E-6,6300.0,32.03174603174603,0.0,-58.76900259547646,-112.29548834903318,6300.0,849280.0
6400.0,40.53112776,8.87641316491914E-6,6400.0,32.234375,0.0,-57.42286751361163,-110.32977691561594,6400.0,849280.0
6500.0,40.890068526,8.955275804929457E-6,6500.0,32.353846153846156,0.0,-57.20414730067931,-109.18173168411036,6500.0,849280.0
6600.0,43.958112151,9.629353655240623E-6,6600.0,32.59090909090909,0.0,-55.50506815798671,-106.9302325581395,6600.0,849280.0
6700.0,44.267796885,9.697394284802697E-6,6700.0,32.626865671641795,0.0,-55.1735991749742,-106.59038901601834,6700.0,849280.0
6800.0,44.618262504,9.774394855830592E-6,6800.0,32.76470588235294,0.0,-54.40729483282676,-105.29860799281545,6800.0,849280.0
6900.0,44.968412839,9.851326156017868E-6,6900.0,32.869565217391305,0.0,-54.09181636726548,-104.32289369210407,6900.0,849280.0
7000.0,45.327386697,9.930196066649776E-6,7000.0,33.02857142857143,0.0,-53.35296041871115,-102.85590653396794,7000.0,849280.0
7100.0,48.600186742,1.0649260815552064E-5,7100.0,33.028169014084504,0.0,-53.23880116016757,-102.85836177474404,7100.0,849280.0
7200.0,48.943008308,1.0724581916714564E-5,7200.0,33.263888888888886,0.0,-52.39454487789409,-100.71010860484544,7200.0,849280.0
7300.0,49.311839488,1.0805617573090581E-5,7300.0,33.42465753424658,0.0,-51.6380655226209,-99.2619926199262,7300.0,849280.0
7400.0,49.677584785,1.088597523213892E-5,7400.0,33.56756756756757,0.0,-50.982800982801,-97.98630688683046,7400.0,849280.0
7500.0,50.052486087,1.0968344551033797E-5,7500.0,33.6,0.0,-50.954834798423775,-97.69749900754267,7500.0,849280.0
7600.0,53.297702368,1.1681348889259685E-5,7600.0,33.75,0.0,-49.98510574918082,-96.37285491419658,7600.0,849280.0
7700.0,53.68737718,1.1766964086336085E-5,7700.0,33.87012987012987,0.0,-49.150556531927336,-95.32029152282318,7700.0,849280.0
7800.0,54.052174176,1.1847113394794387E-5,7800.0,33.98717948717949,0.0,-48.7720312048541,-94.30188679245283,7800.0,849280.0
7900.0,54.413821111,1.192657060541877E-5,7900.0,33.98734177215189,0.0,-48.32195676905576,-94.29955290611029,7900.0,849280.0
8000.0,54.816271206,1.20149926515346E-5,8000.0,34.1,0.0,-47.840717891194615,-93.3259992665933,8000.0,849280.0
8100.0,58.262248432,1.2772106045162866E-5,8100.0,34.25925925925926,0.0,-47.221454243848505,-91.96106705118959,8100.0,849280.0
8200.0,58.646992482,1.285663790775788E-5,8200.0,34.40243902439024,0.0,-46.566757493188035,-90.74468085106385,8200.0,849280.0
8300.0,59.078880264,1.2951527688755117E-5,8300.0,34.6144578313253,0.0,-46.04413347685683,-88.96239554317546,8300.0,849280.0
8400.0,59.492706462,1.3042449170991303E-5,8400.0,34.67857142857143,0.0,-45.737051792828694,-88.42719780219778,8400.0,849280.0
8500.0,59.882372447,1.3128062428693329E-5,8500.0,34.87058823529412,0.0,-44.84563055991627,-86.83766452919338,8500.0,849280.0
8600.0,63.356353257,1.3891328471374533E-5,8600.0,35.0,0.0,-44.55650374967674,-85.77600531738119,8600.0,849280.0
8700.0,63.737491126,1.3975068022309928E-5,8700.0,34.97701149425288,0.0,-44.79140005119018,-85.9631821170283,8700.0,849280.0
8800.0,64.147287307,1.4065104072157234E-5,8800.0,35.04545454545455,0.0,-44.52591656131478,-85.4038274408044,8800.0,849280.0
8900.0,64.564787596,1.415683278651455E-5,8900.0,35.12359550561798,0.0,-44.061876247505,-84.76799999999999,8900.0,849280.0
9000.0,64.942700467,1.423986377525696E-5,9000.0,35.333333333333336,0.0,-43.597335307179854,-83.07643913180246,9000.0,849280.0
9100.0,68.670874853,1.5058978521612639E-5,9100.0,35.42857142857142,0.0,-43.35203708221517,-82.31461371393114,9100.0,849280.0
9200.0,69.053856868,1.514312324865479E-5,9200.0,35.54347826086956,0.0,-43.0984555984556,-81.40104007341692,9200.0,849280.0
9300.0,69.431801851,1.5226161292703636E-5,9300.0,35.612903225806456,0.0,-42.91169451073984,-80.85170643310175,9300.0,849280.0
9400.0,69.807589542,1.5308725359543683E-5,9400.0,35.648936170212764,0.0,-42.59783121169261,-80.56716417910447,9400.0,849280.0
9500.0,70.18472269,1.5391585035857746E-5,9500.0,35.73684210526316,0.0,-42.2082459818309,-79.87625220978197,9500.0,849280.0
9600.0,74.163787871,1.626793101863552E-5,9600.0,35.66666666666667,0.0,-42.3369439963125,-80.42652643879636,9600.0,851328.0
9700.0,74.551843214,1.6353396002360173E-5,9700.0,35.63917525773196,0.0,-42.63193968471556,-80.64236111111113,9700.0,851328.0
9800.0,74.906133211,1.643142453456212E-5,9800.0,35.76530612244898,0.0,-42.16350496838302,-79.65182648401829,9800.0,851328.0
9900.0,75.293070402,1.6516643257426806E-5,9900.0,35.75757575757576,0.0,-42.31371671514881,-79.71178298954504,9900.0,851328.0
10000.0,75.704292192,1.6607210400035568E-5,10000.0,35.88,0.0,-41.88979862801506,-78.75662113186506,10000.0,851328.0
