learning evaluation instances,evaluation time (cpu seconds),model cost (RAM-Hours),classified instances,classifications correct (percent),Kappa Statistic (percent),Kappa Temporal Statistic (percent),Kappa M Statistic (percent),model training instances,model serialized size (bytes)
100.0,0.52566773,1.0812015654076304E-7,100.0,35.0,0.0,-35.41666666666667,-91.17647058823532,100.0,795056.0
200.0,0.965459402,1.9857719186603195E-7,200.0,27.500000000000004,0.0,-93.33333333333333,-168.51851851851848,200.0,795056.0
300.0,1.301243585,2.676418050388288E-7,300.0,30.0,0.0,-74.99999999999999,-135.9550561797753,300.0,795056.0
400.0,1.613844964,3.3193814301707675E-7,400.0,29.75,0.0,-86.0927152317881,-138.13559322033896,400.0,795056.0
500.0,1.911973538,3.9325769194612067E-7,500.0,28.999999999999996,0.0,-87.83068783068784,-146.52777777777774,500.0,795056.0
600.0,3.15478189,6.663142989117154E-7,600.0,29.833333333333336,0.0,-80.68669527896996,-136.5168539325843,600.0,849280.0
700.0,3.555515349,7.543591840591611E-7,700.0,29.714285714285715,0.0,-76.97841726618705,-137.68115942028987,700.0,849280.0
800.0,3.963130153,8.439159649981308E-7,800.0,29.625,0.0,-77.602523659306,-138.55932203389827,800.0,849280.0
900.0,4.300358177,9.1800811272064E-7,900.0,29.555555555555557,0.0,-78.59154929577463,-139.24528301886795,900.0,849280.0
1000.0,4.601700496,9.842158357608564E-7,1000.0,29.9,0.0,-75.6892230576441,-135.23489932885903,1000.0,849280.0
1100.0,5.343996043,1.14730510298642E-6,1100.0,29.454545454545457,0.0,-77.57437070938217,-140.2476780185759,1100.0,849280.0
1200.0,5.685182411,1.2222669358700428E-6,1200.0,29.166666666666668,0.0,-78.94736842105262,-143.5530085959885,1200.0,849280.0
1300.0,6.061542457,1.3049567544513193E-6,1300.0,30.0,0.0,-75.33718689788053,-133.93316195372756,1300.0,849280.0
1400.0,6.412377728,1.3820385414774134E-6,1400.0,30.428571428571427,0.0,-71.1775043936731,-129.17647058823528,1400.0,849280.0
1500.0,6.783116326,1.4634932754097629E-6,1500.0,30.06666666666667,0.0,-73.96351575456052,-133.11111111111106,1500.0,849280.0
1600.0,8.035044812,1.738553661028039E-6,1600.0,30.1875,0.0,-72.11093990755008,-131.7427385892116,1600.0,849280.0
1700.0,8.438680503,1.8272361936625423E-6,1700.0,29.764705882352942,0.0,-73.79912663755455,-136.43564356435638,1700.0,849280.0
1800.0,8.842227355,1.915899207538689E-6,1800.0,29.61111111111111,0.0,-74.27785419532327,-138.1578947368421,1800.0,849280.0
1900.0,9.248138551,2.005081689882601E-6,1900.0,29.63157894736842,0.0,-74.54308093994776,-137.90035587188615,1900.0,849280.0
2000.0,9.635693305,2.0902310904078928E-6,2000.0,29.5,0.0,-74.5049504950495,-139.38879456706283,2000.0,849280.0
2100.0,10.892318502,2.3663233873160262E-6,2100.0,29.04761904761905,0.0,-76.74970344009488,-144.66338259441704,2100.0,849280.0
2200.0,11.254547651,2.4459085157960566E-6,2200.0,29.363636363636363,0.0,-76.1904761904762,-140.9302325581395,2200.0,849280.0
2300.0,11.619240221,2.5260348808864665E-6,2300.0,29.347826086956523,0.0,-76.63043478260867,-141.09792284866472,2300.0,849280.0
2400.0,11.963851101,2.6017491110530077E-6,2400.0,29.375,0.0,-76.37877211238295,-140.76704545454547,2400.0,849280.0
2500.0,12.288740598,2.6731303691100654E-6,2500.0,29.32,0.0,-75.82089552238804,-141.39344262295086,2500.0,849280.0
2600.0,13.645793722,2.9712876199164235E-6,2600.0,29.423076923076923,0.0,-73.60454115421004,-140.18324607329842,2600.0,849280.0
2700.0,14.020808705,3.0536819155891646E-6,2700.0,29.444444444444446,0.0,-71.77637511271415,-139.92443324937028,2700.0,849280.0
2800.0,14.342914627,3.1244515962107224E-6,2800.0,29.428571428571427,0.0,-72.27550130775936,-140.09720534629406,2800.0,849280.0
2900.0,14.731048011,3.2097281271533744E-6,2900.0,29.310344827586203,0.0,-72.12426532325776,-141.4605418138987,2900.0,849280.0
3000.0,15.092342959,3.2891080029451096E-6,3000.0,29.233333333333334,0.0,-71.34786117836964,-142.35159817351595,3000.0,849280.0
3100.0,16.912551197,3.6890247597316813E-6,3100.0,29.419354838709676,0.0,-70.40498442367603,-140.17563117453352,3100.0,849280.0
3200.0,17.229970405,3.7587647254976875E-6,3200.0,29.593750000000004,0.0,-69.90950226244341,-138.16067653276954,3200.0,849280.0
3300.0,17.529234182,3.8245157734398955E-6,3300.0,29.666666666666668,0.0,-70.16129032258064,-137.321063394683,3300.0,849280.0
3400.0,17.836367151,3.891995756389358E-6,3400.0,29.64705882352941,0.0,-70.85714285714288,-137.53723932472695,3400.0,849280.0
3500.0,18.129680386,3.956439414655988E-6,3500.0,29.714285714285715,0.0,-70.47817047817048,-136.76612127045237,3500.0,849280.0
3600.0,20.325732656,4.438932616926721E-6,3600.0,29.86111111111111,0.0,-69.91924629878868,-135.1024208566108,3600.0,849280.0
3700.0,20.727301166,4.5271609705810656E-6,3700.0,30.08108108108108,0.0,-69.19555264879006,-132.6438848920863,3700.0,849280.0
3800.0,21.149971188,4.620025523581264E-6,3800.0,29.947368421052634,0.0,-70.42253521126761,-134.1248900615655,3800.0,849280.0
3900.0,21.508485136,4.698794387689058E-6,3900.0,29.97435897435897,0.0,-69.73275326289621,-133.81849315068493,3900.0,849280.0
4000.0,21.895135663,4.783745121093912E-6,4000.0,30.0,0.0,-69.38898971566849,-133.52793994995832,4000.0,849280.0
4100.0,24.29346011,5.310679410557439E-6,4100.0,30.21951219512195,0.0,-68.19517930629041,-131.0985460420032,4100.0,849280.0
4200.0,24.680261284,5.395663242515746E-6,4200.0,30.214285714285715,0.0,-68.06192660550461,-131.15141955835963,4200.0,849280.0
4300.0,25.074672973,5.482319175727489E-6,4300.0,30.162790697674417,0.0,-69.18309859154932,-131.71296296296296,4300.0,849280.0
4400.0,25.537119223,5.583922937663717E-6,4400.0,30.25,0.0,-68.53377265238882,-130.75187969924815,4400.0,849280.0
4500.0,25.934907262,5.671320686516983E-6,4500.0,30.288888888888888,0.0,-67.93361884368309,-130.32305433186494,4500.0,849280.0
4600.0,28.627457,6.262899021472026E-6,4600.0,30.26086956521739,0.0,-67.51958224543083,-130.6254493170381,4600.0,849280.0
4700.0,29.027957285,6.350892676113039E-6,4700.0,30.404255319148938,0.0,-66.71763506625891,-129.06162464985997,4700.0,849280.0
4800.0,29.454867497,6.444688838473945E-6,4800.0,30.541666666666668,0.0,-65.70576540755467,-127.57679180887374,4800.0,849280.0
4900.0,29.86701737,6.53524201644509E-6,4900.0,30.551020408163264,0.0,-65.19417475728153,-127.47326203208556,4900.0,849280.0
5000.0,30.25637776,6.620788132070326E-6,5000.0,30.56,0.0,-65.64885496183206,-127.37393582187295,5000.0,849280.0
5100.0,33.108308543,7.2473839717696E-6,5100.0,30.686274509803923,0.0,-65.03267973856207,-126.02301790281332,5100.0,849280.0
5200.0,33.448091416,7.322037443688335E-6,5200.0,30.76923076923077,0.0,-64.15868673050615,-125.14071294559099,5200.0,849280.0
5300.0,33.876755983,7.416219054234348E-6,5300.0,30.943396226415093,0.0,-62.88384512683578,-123.30689444783407,5300.0,849280.0
5400.0,34.326478223,7.515027232288309E-6,5400.0,31.037037037037035,0.0,-62.691131498470966,-122.3283582089552,5400.0,849280.0
5500.0,34.718445374,7.601146077661205E-6,5500.0,31.09090909090909,0.0,-62.45177882554649,-121.76711527208892,5500.0,849280.0
5600.0,37.562704554,8.226056394502675E-6,5600.0,30.982142857142858,0.0,-62.942664418212466,-122.89504036908883,5600.0,849280.0
5700.0,37.873436894,8.29432719289113E-6,5700.0,31.17543859649123,0.0,-61.83993399339936,-120.88963963963964,5700.0,849280.0
5800.0,38.222875649,8.371102152303845E-6,5800.0,31.344827586206897,0.0,-60.62928600242032,-119.15244909190974,5800.0,849280.0
5900.0,38.591033905,8.451989960989676E-6,5900.0,31.52542372881356,0.0,-59.36883629191318,-117.32114039806349,5900.0,849280.0
6000.0,38.973699937,8.536065263614379E-6,6000.0,31.55,0.0,-59.124370399070116,-117.07188160676532,6000.0,849280.0
6100.0,42.565205249,9.325152537461111E-6,6100.0,31.655737704918035,0.0,-58.276385725132855,-116.01036269430054,6100.0,849280.0
6200.0,43.058779947,9.43359551026787E-6,6200.0,31.85483870967742,0.0,-57.649253731343286,-114.03242147923001,6200.0,849280.0
6300.0,43.366181273,9.501134453757594E-6,6300.0,32.12698412698413,0.0,-56.57268399853535,-111.36925358378645,6300.0,849280.0
6400.0,43.707807982,9.57619303367319E-6,6400.0,32.265625,0.0,-55.543595263724455,-110.02906976744187,6400.0,849280.0
6500.0,44.126902979,9.66827212027807E-6,6500.0,32.38461538461539,0.0,-55.24549629106323,-108.88783269961975,6500.0,849280.0
6600.0,48.489420368,1.062675795130083E-5,6600.0,32.68181818181819,0.0,-53.31262939958592,-106.07606679035251,6600.0,849280.0
6700.0,48.919295691,1.0721205576252596E-5,6700.0,32.626865671641795,0.0,-53.5896563456958,-106.59038901601834,6700.0,849280.0
6800.0,49.35299892,1.0816494227918144E-5,6800.0,32.76470588235294,0.0,-52.756431673905766,-105.29860799281545,6800.0,849280.0
6900.0,49.7865965,1.0911759667511274E-5,6900.0,32.91304347826087,0.0,-52.21966458401841,-103.92070484581501,6900.0,849280.0
7000.0,50.218634178,1.1006682382060245E-5,7000.0,33.04285714285714,0.0,-51.682847896440144,-102.7249134948097,7000.0,849280.0
7100.0,54.503520206,1.1948111877731968E-5,7100.0,33.056338028169016,0.0,-51.65922144224635,-102.60017050298377,7100.0,849280.0
7200.0,54.922388052,1.204014105713979E-5,7200.0,33.30555555555556,0.0,-50.816582914572884,-100.33375052148521,7200.0,849280.0
7300.0,55.312009946,1.2125744627637157E-5,7300.0,33.41095890410959,0.0,-50.16991041087429,-99.3847415914684,7300.0,849280.0
7400.0,55.746703928,1.2221250956993788E-5,7400.0,33.56756756756757,0.0,-49.46792338096687,-97.98630688683046,7400.0,849280.0
7500.0,56.180173258,1.2316488218863629E-5,7500.0,33.61333333333334,0.0,-49.384938493849376,-97.5793650793651,7500.0,849280.0
7600.0,60.717988282,1.3313488578168375E-5,7600.0,33.776315789473685,0.0,-48.466076696165196,-96.14185502727983,7600.0,849280.0
7700.0,61.114456169,1.3400596277292558E-5,7700.0,33.909090909090914,0.0,-47.76422764227642,-94.98084291187742,7700.0,849280.0
7800.0,61.83182254,1.3558208371628147E-5,7800.0,33.96153846153846,0.0,-47.550845030077326,-94.52416918429006,7800.0,849280.0
7900.0,62.259163828,1.3652099245413961E-5,7900.0,33.974683544303794,0.0,-47.012401352874875,-94.40924338427136,7900.0,849280.0
8000.0,62.68349527,1.3745328827911438E-5,8000.0,34.112500000000004,0.0,-46.53878231859881,-93.2184750733138,8000.0,849280.0
8100.0,67.371231355,1.4775268245087387E-5,8100.0,34.27160493827161,0.0,-45.942982456140335,-91.85585585585588,8100.0,849280.0
8200.0,67.7705485,1.4863001952815872E-5,8200.0,34.40243902439024,0.0,-45.29983792544572,-90.74468085106385,8200.0,849280.0
8300.0,68.189091184,1.4954959691094181E-5,8300.0,34.6144578313253,0.0,-44.79722518676626,-88.96239554317546,8300.0,849280.0
8400.0,68.596896561,1.5044558342701846E-5,8400.0,34.67857142857143,0.0,-44.584980237154156,-88.42719780219778,8400.0,849280.0
8500.0,69.005130492,1.5134251151627455E-5,8500.0,34.88235294117647,0.0,-43.69158878504673,-86.7408906882591,8500.0,849280.0
8600.0,73.670778191,1.615933754401901E-5,8600.0,35.0,0.0,-43.443674621503725,-85.77600531738119,8600.0,849280.0
8700.0,73.980579705,1.6227403831238203E-5,8700.0,34.98850574712644,0.0,-43.626206196038595,-85.86920801840289,8700.0,849280.0
8800.0,74.375107652,1.631408530741879E-5,8800.0,35.04545454545455,0.0,-43.437892095357576,-85.4038274408044,8800.0,849280.0
8900.0,74.736858741,1.6393565401650124E-5,8900.0,35.13483146067416,0.0,-42.96681525507676,-84.6769033909149,8900.0,849280.0
9000.0,75.079235028,1.6468788670855913E-5,9000.0,35.333333333333336,0.0,-42.542248346803824,-83.07643913180246,9000.0,849280.0
9100.0,80.151915455,1.758330395665068E-5,9100.0,35.43956043956044,0.0,-42.25181598062952,-82.22704714640197,9100.0,849280.0
9200.0,80.577993647,1.7676917316443706E-5,9200.0,35.55434782608696,0.0,-42.04599904168663,-81.31498470948011,9200.0,849280.0
9300.0,80.971119259,1.7763290686522243E-5,9300.0,35.623655913978496,0.0,-41.872037914691944,-80.76690821256041,9300.0,849280.0
9400.0,81.390548663,1.7855443245469514E-5,9400.0,35.648936170212764,0.0,-41.56330446992746,-80.56716417910447,9400.0,849280.0
9500.0,81.797745617,1.7944908220859352E-5,9500.0,35.73684210526316,0.0,-41.221374045801525,-79.87625220978197,9500.0,849280.0
9600.0,87.486970045,1.9197898243844095E-5,9600.0,35.67708333333333,0.0,-41.30434782608696,-80.3446261682243,9600.0,851328.0
9700.0,87.87698849,1.9283795579509022E-5,9700.0,35.649484536082475,0.0,-41.60617059891106,-80.56118021405842,9700.0,851328.0
9800.0,88.306939375,1.9378487602313936E-5,9800.0,35.775510204081634,0.0,-41.18438761776581,-79.57203994293864,9800.0,851328.0
9900.0,88.73832905,1.9473496503023385E-5,9900.0,35.75757575757576,0.0,-41.364747721715936,-79.71178298954504,9900.0,851328.0
10000.0,89.150459529,1.956426377453643E-5,10000.0,35.88,0.0,-40.95405583644758,-78.75662113186506,10000.0,851328.0
