learning evaluation instances,evaluation time (cpu seconds),model cost (RAM-Hours),classified instances,classifications correct (percent),Kappa Statistic (percent),Kappa Temporal Statistic (percent),Kappa M Statistic (percent),model training instances,model serialized size (bytes)
100.0,3.560659585,2.1912231045124926E-5,100.0,100.0,?,?,?,100.0,2.3788032E7
200.0,8.173666217,5.223048523180189E-5,200.0,98.0,59.01639344262287,0.0,33.33333333333333,200.0,2.5405192E7
300.0,12.881295238,8.318768993820046E-5,300.0,98.66666666666667,59.3495934959351,0.0,33.33333333333352,300.0,2.54192E7
400.0,16.439730673,1.0659408273854871E-4,400.0,99.0,59.51417004048588,0.0,33.33333333333333,400.0,2.5425984E7
500.0,20.187734133,1.312525205216991E-4,500.0,98.8,49.46091644204845,0.0,25.0,500.0,2.5431264E7
600.0,24.486191848,1.5954614430264735E-4,600.0,98.66666666666667,42.3076923076929,0.0,20.0000000000004,600.0,2.5443584E7
700.0,27.988175746,1.826103432956629E-4,700.0,97.14285714285714,22.32578783843776,-66.66666666666688,9.090909090909188,700.0,2.5458136E7
800.0,31.820753463,2.0789710530265277E-4,800.0,87.75,30.03498250874558,-653.8461538461548,19.672131147540934,800.0,2.5503784E7
900.0,35.76141019,2.3391472716370433E-4,900.0,82.66666666666667,31.279551261343265,-457.14285714285757,22.38805970149255,900.0,2.5521216E7
1000.0,39.767211921,2.6037229203713084E-4,1000.0,81.2,35.72166111639166,-193.75000000000014,26.848249027237376,1000.0,2.5530704E7
1100.0,44.033840098,2.8856338343190226E-4,1100.0,77.63636363636364,31.467645941496773,-156.24999999999997,24.3076923076923,1100.0,2.5540504E7
1200.0,48.188637926,3.1602337205034395E-4,1200.0,77.33333333333333,31.235278998529463,-132.47863247863242,24.233983286908078,1200.0,2.554776E7
1300.0,52.084141498,3.417744883855885E-4,1300.0,75.07692307692308,28.66312805070131,-159.20000000000005,22.673031026252975,1300.0,2.5552584E7
1400.0,55.944527851,3.6730322647823854E-4,1400.0,73.21428571428571,26.839057073896694,-158.62068965517255,21.5481171548117,1400.0,2.556236E7
1500.0,60.008383074,3.941830301234712E-4,1500.0,71.39999999999999,24.429255918827494,-139.66480446927386,19.81308411214953,1500.0,2.5567616E7
1600.0,63.845467542,4.1956727380529086E-4,1600.0,69.625,22.099155272733107,-117.93721973094165,18.181818181818183,1600.0,2.5572032E7
1700.0,68.170611044,4.481841494054711E-4,1700.0,68.05882352941175,20.296537289926864,-126.24999999999996,16.845329249617148,1700.0,2.5575496E7
1800.0,71.528964583,4.704140248592868E-4,1800.0,67.5,19.71637694419032,-105.9859154929577,16.428571428571427,1800.0,2.5586624E7
1900.0,75.532314126,4.969168294017022E-4,1900.0,66.52631578947368,20.097543945028402,-110.59602649006621,17.18750000000001,1900.0,2.5590024E7
2000.0,78.929562247,5.194101633470366E-4,2000.0,66.5,20.116367798550172,-100.5988023952095,17.079207920792093,2000.0,2.5593456E7
2100.0,82.704737821,5.444112256668185E-4,2100.0,66.71428571428571,23.616574875426178,-88.40970350404316,20.7482993197279,2100.0,2.559904E7
2200.0,86.335288953,5.684567306458795E-4,2200.0,66.72727272727272,25.877853108904876,-83.91959798994976,23.350785340314125,2200.0,2.56014E7
2300.0,90.925999104,5.988647716276378E-4,2300.0,67.04347826086956,27.687055924941202,-86.24078624078625,25.320197044334964,2300.0,2.5604184E7
2400.0,94.780974741,6.244047047614639E-4,2400.0,66.83333333333333,27.745402392752737,-84.68677494199538,25.468164794007482,2400.0,2.5609464E7
2500.0,99.023584752,6.525157206727539E-4,2500.0,67.12,28.750530470503083,-79.08496732026144,26.475849731663697,2500.0,2.5612136E7
2600.0,102.71837454,6.770006094722773E-4,2600.0,66.84615384615384,30.657485353049058,-87.79956427015252,29.22824302134647,2600.0,2.5615968E7
2700.0,106.210230938,7.001447322205059E-4,2700.0,66.7037037037037,32.35145915503006,-95.86056644880173,31.790591805766294,2700.0,2.5620448E7
2800.0,110.263334129,7.270123963664713E-4,2800.0,67.21428571428572,34.941208153711266,-100.0,33.57452966714906,2800.0,2.5623864E7
2900.0,113.683823827,7.496921492305785E-4,2900.0,67.06896551724138,35.890016481786695,-108.06100217864932,30.897250361794487,2900.0,2.5630224E7
3000.0,118.13782095,7.792289739606494E-4,3000.0,67.06666666666666,36.874495251530846,-115.25054466230935,28.509406657018804,3000.0,2.5633992E7
3100.0,121.651028292,8.025299021845408E-4,3100.0,68.09677419354838,39.489739367135954,-115.46840958605667,28.437047756874083,3100.0,2.5637272E7
3200.0,125.613565387,8.288124161041966E-4,3200.0,68.53125,40.73829956583596,-117.4946004319655,27.449567723342934,3200.0,2.5638696E7
3300.0,129.756045007,8.562910927745818E-4,3300.0,68.96969696969697,41.59907780740762,-116.49048625792815,27.938071780436317,3300.0,2.5641168E7
3400.0,133.625884217,8.819622247968846E-4,3400.0,69.61764705882352,42.99401990680897,-116.56184486373171,27.6103714085494,3400.0,2.5642152E7
3500.0,137.763427805,9.094102482418354E-4,3500.0,70.19999999999999,43.93695998722244,-114.60905349794234,29.144021739130427,3500.0,2.564312E7
3600.0,142.110228657,9.382482163387142E-4,3600.0,70.75,44.8016774419011,-113.59026369168359,30.49504950495049,3600.0,2.564468E7
3700.0,145.609853766,9.614680866077409E-4,3700.0,71.43243243243244,45.932875974504995,-112.67605633802822,32.286995515695075,3700.0,2.564724E7
3800.0,149.214881496,9.853884628942134E-4,3800.0,72.02631578947368,47.029264121945204,-105.21235521235528,32.93375394321767,3800.0,2.5648488E7
3900.0,153.160042367,0.0010115666330248153,3900.0,72.6923076923077,48.134049537570746,-99.06542056074775,34.941967012828336,3900.0,2.5649384E7
4000.0,157.055064162,0.0010374136846026903,4000.0,73.32499999999999,49.38747940160536,-99.43925233644858,34.81979230299327,4000.0,2.5650952E7
4100.0,160.840687088,0.0010625374300577608,4100.0,73.92682926829268,50.48423299761713,-99.06890130353817,35.09411050394657,4100.0,2.5653664E7
4200.0,164.839192031,0.0010890747707058652,4200.0,74.45238095238095,51.3858684395841,-96.16087751371116,35.67146282973619,4200.0,2.5654416E7
4300.0,168.760082175,0.0011150985785981049,4300.0,75.04651162790698,52.429508778152154,-95.80291970802918,35.74850299401197,4300.0,2.5655976E7
4400.0,172.945300564,0.0011428777698080307,4400.0,75.25,52.71582999329755,-95.16129032258067,36.24121779859483,4400.0,2.565688E7
4500.0,177.253497893,0.0011714748150734456,4500.0,75.6888888888889,53.451095851786334,-95.00891265597137,37.16255025847215,4500.0,2.5658304E7
4600.0,181.733011249,0.0012012103883739203,4600.0,76.17391304347827,54.26500425545194,-95.0177935943061,37.263880938752145,4600.0,2.565948E7
4700.0,185.380946049,0.0012254266992603904,4700.0,76.55319148936171,54.88018604758131,-95.04424778761063,38.40134153158189,4700.0,2.5660392E7
4800.0,189.252431798,0.001251151820748383,4800.0,76.79166666666667,55.25127224067505,-93.06759098786821,38.622589531680454,4800.0,2.5685152E7
4900.0,193.654786235,0.0012804064728612436,4900.0,77.06122448979592,55.6367419538231,-92.7958833619211,38.61277990169308,4900.0,2.5686936E7
5000.0,197.19704083,0.0013039464738600801,5000.0,77.32,55.95817533555287,-91.87817258883253,38.33605220228385,5000.0,2.5687928E7
5100.0,201.208577194,0.0013306069895060967,5100.0,77.70588235294117,56.54525687061104,-91.73693086003361,38.606911447084244,5100.0,2.5689768E7
5200.0,205.51619477,0.0013592366580258198,5200.0,78.0576923076923,57.046683678492705,-91.12227805695149,38.523706896551715,5200.0,2.5691032E7
5300.0,209.309038111,0.0013844458991076867,5300.0,78.39622641509433,57.521730170694255,-89.88391376451081,38.50698174006444,5300.0,2.569196E7
5400.0,213.682452237,0.0014135164185584844,5400.0,78.53703703703704,57.619612559318746,-90.31198686371103,38.48195329087049,5400.0,2.5694168E7
5500.0,217.420028643,0.0014383634239548177,5500.0,78.76363636363637,57.887847418703366,-89.91869918699183,38.46153846153848,5500.0,2.5697232E7
5600.0,221.183813256,0.0014633868787103646,5600.0,79.10714285714285,58.33863214385633,-89.62722852512154,38.42105263157894,5600.0,2.5699512E7
5700.0,225.173772262,0.001489915172916238,5700.0,79.26315789473685,58.46469165887117,-88.51674641148324,38.533541341653674,5700.0,2.57006E7
5800.0,229.319963282,0.0015174832036627755,5800.0,79.44827586206897,58.627076739902684,-86.54147104851326,38.52501289324394,5800.0,2.570152E7
5900.0,233.173813785,0.0015431089613213763,5900.0,79.59322033898304,58.76256103095686,-86.08964451313757,38.79003558718861,5900.0,2.5703024E7
6000.0,236.861617434,0.0015676337301852518,6000.0,79.80000000000001,59.02348317297535,-84.47488584474875,39.0035228988425,6000.0,2.5706296E7
6100.0,241.288063548,0.0015970726253931383,6100.0,79.80327868852459,58.96119038759592,-83.60655737704919,39.22052294030588,6100.0,2.5708024E7
6200.0,244.68720242,0.001619680772236826,6200.0,79.7258064516129,58.67723021746761,-82.43831640058063,39.128329297820805,6200.0,2.5709784E7
6300.0,248.26228307,0.001643460183050269,6300.0,79.82539682539682,58.766890420126316,-81.83118741058665,39.38960419647113,6300.0,2.571092E7
6400.0,252.343998717,0.0016706103044494532,6400.0,80.078125,59.147079126300206,-80.33946251768033,39.83010854176497,6400.0,2.5711736E7
6500.0,256.249513216,0.001696589869536427,6500.0,80.26153846153846,59.446829368869246,-79.69187675070033,40.46403712296984,6500.0,2.5713192E7
6600.0,261.074293218,0.0017286885121969991,6600.0,80.27272727272728,59.40338106738324,-80.33240997229919,40.547945205479444,6600.0,2.571648E7
6700.0,265.493874184,0.0017580927896491839,6700.0,80.4179104477612,59.60672433344708,-79.48016415868668,40.980656770130466,6700.0,2.571768E7
6800.0,269.3921045,0.001784030548063717,6800.0,80.61764705882352,59.87384060408799,-78.34912043301766,41.239411502452064,6800.0,2.5719784E7
6900.0,273.059066517,0.0018084304970566755,6900.0,80.89855072463769,60.239293504422164,-77.86774628879891,41.29175946547886,6900.0,2.5720824E7
7000.0,276.796690857,0.00183330213350268,7000.0,80.91428571428571,60.173217544941195,-78.37116154873165,41.37779727950857,7000.0,2.5722376E7
7100.0,280.680972695,0.0018591505875336178,7100.0,81.14084507042254,60.47879567600969,-78.05851063829779,41.57940663176266,7100.0,2.5723272E7
7200.0,284.388440484,0.0018838230542224175,7200.0,81.30555555555556,60.64073338068856,-78.7516600265604,41.6052060737527,7200.0,2.5723944E7
7300.0,288.435101134,0.0019107558728538115,7300.0,81.32876712328768,60.615861699565755,-80.05284015852044,41.67736414206248,7300.0,2.5726896E7
7400.0,292.445721388,0.001937449137652049,7400.0,81.58108108108108,60.92108183302607,-80.05284015852041,41.6773641420625,7400.0,2.57272E7
7500.0,296.58692258,0.001965012214186775,7500.0,81.8,61.177056286840546,-79.8418972332017,41.6417272338606,7500.0,2.5727864E7
7600.0,300.910960959,0.0019937927942849315,7600.0,82.03947368421053,61.45846460390566,-79.84189723320151,41.64172723386063,7600.0,2.5728376E7
7700.0,304.457511343,0.0020173993932442592,7700.0,82.24675324675324,61.68102701356722,-80.10540184453237,41.55622060709705,7700.0,2.57294E7
7800.0,308.299665485,0.0020429739281027756,7800.0,82.47435897435898,61.94111520320844,-80.10540184453227,41.556220607097046,7800.0,2.5729736E7
7900.0,312.024264537,0.002067766528185959,7900.0,82.69620253164557,62.191243484568815,-80.10540184453224,41.556220607097046,7900.0,2.5730304E7
8000.0,316.449333502,0.002097222960412316,8000.0,82.83749999999999,62.2928993107812,-80.89591567852432,41.29970072680633,8000.0,2.5731344E7
8100.0,320.282358635,0.0021227390382977107,8100.0,83.04938271604938,62.52589353503007,-80.89591567852435,41.299700726806336,8100.0,2.5732064E7
8200.0,324.868251405,0.002153267557145488,8200.0,83.2560975609756,62.75044671936865,-80.89591567852446,41.29970072680632,8200.0,2.5732632E7
8300.0,328.970956879,0.002180580119173371,8300.0,83.4578313253012,62.967009412233566,-80.89591567852435,41.29970072680632,8300.0,2.573324E7
8400.0,333.303657709,0.0022094351064291225,8400.0,83.63095238095238,63.131123345832364,-81.15942028985515,41.214194100042775,8400.0,2.574332E7
8500.0,337.827767493,0.0022395657220979077,8500.0,83.82352941176471,63.3332597122705,-81.15942028985498,41.214194100042754,8500.0,2.5744072E7
8600.0,341.913798235,0.0022667791921432267,8600.0,84.01162790697676,63.52856689382074,-81.15942028985505,41.21419410004278,8600.0,2.5744512E7
8700.0,346.342399718,0.002296274839773753,8700.0,84.19540229885058,63.717385227739264,-81.1594202898551,41.21419410004277,8700.0,2.5745048E7
8800.0,350.474600995,0.002323797325000754,8800.0,84.375,63.94285210251912,-80.20969855832247,41.36460554371002,8800.0,2.5745928E7
8900.0,354.279836183,0.002349143040283162,8900.0,84.5505617977528,64.16292799493961,-79.73856209150327,41.514249255635896,8900.0,2.5746928E7
9000.0,358.352425221,0.0023762710495285797,9000.0,84.7,64.29178152574967,-80.0000000000001,41.429179072735,9000.0,2.5748368E7
9100.0,361.922838334,0.0024000556518902444,9100.0,84.84615384615385,64.41582160776775,-80.26143790849662,41.344108889834125,9100.0,2.5750152E7
9200.0,366.025484853,0.0024273866117172018,9200.0,84.94565217391305,64.45040130703784,-81.04575163398681,41.08889834113143,9200.0,2.5750944E7
9300.0,369.458667327,0.0024502596484805685,9300.0,84.89247311827957,64.30779326693622,-80.59125964010295,41.015952980688475,9300.0,2.5753088E7
9324.0,371.077079664,0.002461042108968619,9324.0,84.90990990990991,64.3226783100805,-79.923273657289,41.055718475073306,9324.0,2.5753192E7
