learning evaluation instances,evaluation time (cpu seconds),model cost (RAM-Hours),classified instances,classifications correct (percent),Kappa Statistic (percent),Kappa Temporal Statistic (percent),Kappa M Statistic (percent),model training instances,model serialized size (bytes)
100.0,0.110900345,8.724513803381059E-9,100.0,100.0,?,?,?,100.0,304096.0
200.0,0.205267472,1.667548389367966E-8,200.0,96.0,53.703703703703674,-100.0,-33.33333333333333,200.0,325688.0
300.0,0.267853905,2.1951987006856748E-8,300.0,91.66666666666666,26.122931442080354,-525.0000000000014,-316.66666666666646,300.0,325888.0
400.0,0.302985763,2.491422821851033E-8,400.0,91.5,20.671955202986478,-749.999999999999,-466.6666666666659,400.0,325928.0
500.0,0.339126145,2.7961805147207858E-8,500.0,89.60000000000001,13.7244491637909,-766.6666666666657,-549.9999999999993,500.0,325960.0
600.0,0.651719448,5.644290691192986E-8,600.0,88.66666666666667,14.572864321608103,-750.0000000000013,-579.9999999999976,600.0,352192.0
700.0,0.720052045,6.268270782215521E-8,700.0,88.28571428571429,20.07352122089791,-583.3333333333337,-272.72727272727207,700.0,352976.0
800.0,0.782118603,6.836316981140732E-8,800.0,88.5,62.344466273739364,-607.6923076923082,24.590163934426222,800.0,353776.0
900.0,0.83390793,7.310486011337075E-8,900.0,88.55555555555556,69.44708115804461,-267.8571428571432,48.75621890547264,900.0,353912.0
1000.0,0.860522098,7.554207687223124E-8,1000.0,89.0,72.59195399434897,-71.87500000000013,57.19844357976655,1000.0,353984.0
1100.0,0.898547616,7.902469192599672E-8,1100.0,84.81818181818181,62.9711751662971,-73.95833333333336,48.6153846153846,1100.0,354024.0
1200.0,0.924547675,8.140620919062033E-8,1200.0,83.58333333333333,59.65897843700725,-68.37606837606835,45.12534818941504,1200.0,354064.0
1300.0,0.950305526,8.376554102352511E-8,1300.0,80.92307692307692,53.785861111031465,-98.40000000000005,40.81145584725536,1300.0,354064.0
1400.0,0.975619447,8.608473427170267E-8,1400.0,80.07142857142857,52.96084164687633,-92.41379310344834,41.63179916317991,1400.0,354144.0
1500.0,1.001329043,8.844023140618785E-8,1500.0,78.2,49.127756228090206,-82.68156424581011,38.87850467289721,1500.0,354152.0
1600.0,1.036535609,9.166605359404867E-8,1600.0,76.875,46.75799349584137,-65.9192825112107,37.710437710437716,1600.0,354176.0
1700.0,1.062759217,9.406896982224039E-8,1700.0,76.94117647058823,47.99803353908341,-63.33333333333327,39.96937212863706,1700.0,354200.0
1800.0,1.088064143,9.63878626849461E-8,1800.0,77.77777777777779,50.358521787093224,-40.84507042253519,42.857142857142854,1800.0,354224.0
1900.0,1.112898927,9.86637754704762E-8,1900.0,78.63157894736842,53.452054530006954,-34.437086092715255,47.135416666666664,1900.0,354240.0
2000.0,1.138144611,1.0097744850910787E-7,2000.0,79.55,55.540385418116045,-22.455089820359262,49.38118811881188,2000.0,354256.0
2100.0,1.175580248,1.0440836287732133E-7,2100.0,80.38095238095238,58.282705548805204,-11.051212938005378,53.28798185941045,2100.0,354264.0
2200.0,1.20197848,1.0682771728724449E-7,2200.0,81.04545454545455,60.37183264075472,-4.773869346733683,56.3350785340314,2200.0,354264.0
2300.0,1.229559316,1.0935551248411545E-7,2300.0,81.47826086956522,61.55551457461127,-4.6683046683046285,58.02955665024632,2300.0,354272.0
2400.0,1.255475826,1.1173077150446053E-7,2400.0,81.875,62.566154640506,-0.9280742459396967,59.269662921348306,2400.0,354272.0
2500.0,1.281299566,1.1409758156032406E-7,2500.0,82.39999999999999,63.75904376589659,4.139433551198224,60.64400715563506,2500.0,354280.0
2600.0,1.313846531,1.1708092872096226E-7,2600.0,82.84615384615385,65.19239635762862,2.8322440087145995,63.38259441707718,2600.0,354320.0
2700.0,1.339492921,1.1943185575324423E-7,2700.0,83.22222222222221,66.29471716332195,1.3071895424836684,65.6297420333839,2700.0,354336.0
2800.0,1.365012172,1.2177112833778687E-7,2800.0,83.60714285714286,67.27709366002601,0.0,66.78726483357454,2800.0,354336.0
2900.0,1.39056855,1.241139629170485E-7,2900.0,84.13793103448276,68.4391827309807,-0.21786492374728417,66.71490593342982,2900.0,354360.0
3000.0,1.415936732,1.2643959747163994E-7,3000.0,84.5,69.18584360103729,-1.307189542483661,66.35311143270621,3000.0,354368.0
3100.0,1.450794964,1.2963530692306038E-7,3100.0,85.0,70.13574098167744,-1.307189542483671,66.35311143270621,3100.0,354376.0
3200.0,1.477094751,1.3204650989418643E-7,3200.0,85.34375,70.73354893160293,-1.2958963282937859,66.21037463976944,3200.0,354392.0
3300.0,1.502131013,1.3434187104370032E-7,3300.0,85.51515151515152,71.0376114457068,-1.0570824524313354,66.36171710063336,3300.0,354392.0
3400.0,1.528234463,1.367350735512583E-7,3400.0,85.76470588235294,71.40244455574212,-1.4675052410901577,66.08269096005607,3400.0,354392.0
3500.0,1.556084711,1.3928842505650803E-7,3500.0,85.82857142857144,71.5019272314188,-2.057613168724224,66.30434782608697,3500.0,354392.0
3600.0,1.589275454,1.4233140096104602E-7,3600.0,85.88888888888889,71.58532094696953,-3.042596348884371,66.46864686468648,3600.0,354392.0
3700.0,1.615487547,1.4473456401788114E-7,3700.0,85.67567567567568,71.10983888983995,-6.639839034205249,66.04740550928892,3700.0,354392.0
3800.0,1.640623616,1.4703912764100982E-7,3800.0,85.89473684210527,71.47334940245015,-3.4749034749034706,66.18296529968455,3800.0,354400.0
3900.0,1.665764807,1.4934416086719685E-7,3900.0,86.0,71.68535560847764,-2.056074766355182,66.64630421502748,3900.0,354400.0
4000.0,1.691093385,1.516663743956677E-7,4000.0,86.125,71.79958293869686,-3.7383177570093484,66.0965180207697,4000.0,354400.0
4100.0,1.722566352,1.5455192721859037E-7,4100.0,86.36585365853658,72.14403088112323,-4.096834264432033,66.0595021250759,4100.0,354400.0
4200.0,1.747876891,1.568724868678012E-7,4200.0,86.59523809523809,72.50915198999976,-2.9250457038391287,66.24700239808152,4200.0,354400.0
4300.0,1.77325853,1.5919956521624082E-7,4300.0,86.90697674418605,72.96908008450164,-2.7372262773722325,66.28742514970061,4300.0,354400.0
4400.0,1.798060214,1.614735225707417E-7,4400.0,86.93181818181817,72.98202418247662,-3.0465949820788834,66.33489461358313,4400.0,354408.0
4500.0,1.822999647,1.637602643697585E-7,4500.0,87.0,73.07973919303642,-4.278074866310133,66.39862148190694,4500.0,354432.0
4600.0,1.864305933,1.6754771257511033E-7,4600.0,87.19565217391305,73.32032468576001,-4.804270462633489,66.28506010303377,4600.0,354432.0
4700.0,1.890416293,1.6994181879233572E-7,4700.0,87.25531914893617,73.42541350936327,-6.017699115044248,66.51760760201229,4700.0,354432.0
4800.0,1.916030441,1.7229053245457928E-7,4800.0,87.22916666666667,73.3089499923802,-6.239168110918502,66.22589531680441,4800.0,354448.0
4900.0,1.941606032,1.7463576352742607E-7,4900.0,87.24489795918367,73.21360785456612,-7.204116638078896,65.86564718732933,4900.0,354456.0
5000.0,1.967183741,1.769811888166807E-7,5000.0,87.3,73.15187666268102,-7.445008460236914,65.47036432843937,5000.0,354456.0
5100.0,1.99887745,1.7988743920051597E-7,5100.0,87.45098039215686,73.32114475829154,-7.925801011804334,65.4427645788337,5100.0,354456.0
5200.0,2.024642,1.822499974396556E-7,5200.0,87.65384615384615,73.5742908816422,-7.5376884422111265,65.40948275862067,5200.0,354456.0
5300.0,2.050814716,1.8464998369311088E-7,5300.0,87.84905660377359,73.81151286774524,-6.799336650082889,65.41353383458647,5300.0,354456.0
5400.0,2.075953317,1.8695514364789345E-7,5400.0,87.79629629629629,73.59775641025641,-8.210180623973766,65.02123142250531,5400.0,354456.0
5500.0,2.101221153,1.8927215419638076E-7,5500.0,87.89090909090909,73.66974339393053,-8.292682926829311,64.91043203371969,5500.0,354456.0
5600.0,2.132470863,1.9213769075072476E-7,5600.0,88.10714285714286,73.9407490217999,-7.941653160453738,64.94736842105264,5600.0,354456.0
5700.0,2.158251216,1.9450169809368544E-7,5700.0,88.21052631578948,74.07473736661221,-7.17703349282299,65.05460218408736,5700.0,354456.0
5800.0,2.183069338,1.9677747075849318E-7,5800.0,88.25862068965517,74.04359267484925,-6.572769953051563,64.87880350696237,5800.0,354456.0
5900.0,2.207649559,1.9903142837247916E-7,5900.0,88.30508474576271,74.08383392722159,-6.6460587326121034,64.92119979664463,5900.0,354456.0
6000.0,2.232215315,2.0128405957459578E-7,6000.0,88.33333333333333,74.05281980980716,-6.544901065448997,64.77101157523904,6000.0,354456.0
6100.0,2.261902157,2.040063456667877E-7,6100.0,88.22950819672131,73.83802993997882,-7.004470938897224,64.57819437592501,6100.0,354464.0
6200.0,2.286845555,2.0629365751583545E-7,6200.0,88.04838709677419,73.40426763612787,-7.547169811320787,64.11622276029055,6200.0,354464.0
6300.0,2.311589098,2.085626426433358E-7,6300.0,88.07936507936508,73.4417689186349,-7.439198855507905,64.1869337148307,6300.0,354464.0
6400.0,2.336937255,2.1088707092923423E-7,6400.0,88.234375,73.71006840226475,-6.506364922206519,64.46436998584237,6400.0,354464.0
6500.0,2.361514294,2.1314078762489889E-7,6500.0,88.35384615384615,73.97761456090099,-6.022408963585503,64.87238979118328,6500.0,354464.0
6600.0,2.391576603,2.1589750407489637E-7,6600.0,88.2121212121212,73.64677189892282,-7.756232686980661,64.47488584474884,6600.0,354464.0
6700.0,2.418004072,2.1832090536865922E-7,6700.0,88.26865671641791,73.74515742186641,-7.523939808481482,64.64237516869098,6700.0,354464.0
6800.0,2.443338189,2.206440986169233E-7,6800.0,88.38235294117646,73.92239845584871,-6.901217861975701,64.77931341952741,6800.0,354472.0
6900.0,2.468292513,2.229324640267694E-7,6900.0,88.55072463768116,74.12274392909887,-6.61268556005404,64.81069042316257,6900.0,354472.0
7000.0,2.493394307,2.2523435275413715E-7,7000.0,88.5142857142857,74.01656531680538,-7.343124165554109,64.72136902150065,7000.0,354472.0
7100.0,2.530811916,2.2866562831803326E-7,7100.0,88.61971830985915,74.13028365777802,-7.4468085106383075,64.74694589877834,7100.0,354472.0
7200.0,2.562626668,2.3158310979337324E-7,7200.0,88.77777777777777,74.3783639517815,-7.304116865869827,64.94577006507592,7200.0,354472.0
7300.0,2.591427469,2.3422432466476118E-7,7300.0,88.72602739726028,74.24347081695515,-8.718626155878418,64.78391099700471,7300.0,354488.0
7400.0,2.616979399,2.3656759760042235E-7,7400.0,88.87837837837837,74.40881255915403,-8.718626155878487,64.7839109970047,7400.0,354488.0
7500.0,2.642182186,2.3887885192369006E-7,7500.0,88.97333333333334,74.46766365105864,-8.959156785243746,64.64300983326208,7500.0,354488.0
7600.0,2.683305547,2.426501231683563E-7,7600.0,89.11842105263158,74.62147837277693,-8.959156785243701,64.64300983326208,7600.0,354488.0
7700.0,2.708835408,2.449914250744486E-7,7700.0,89.22077922077922,74.68709390331666,-9.354413702239812,64.51474989311673,7700.0,354496.0
7800.0,2.73443547,2.4733916499973375E-7,7800.0,89.35897435897436,74.83028716566253,-9.354413702239732,64.51474989311673,7800.0,354496.0
7900.0,2.760008446,2.496844209121436E-7,7900.0,89.49367088607595,74.96830476594772,-9.354413702239768,64.5147498931167,7900.0,354496.0
8000.0,2.78488682,2.519659760082202E-7,8000.0,89.55,74.94016251874147,-10.144927536231874,64.25823001282599,8000.0,354496.0
8100.0,2.814823963,2.5471146255704465E-7,8100.0,89.67901234567901,75.0696944811602,-10.144927536231874,64.25823001282599,8100.0,354496.0
8200.0,2.840392855,2.5705639685000185E-7,8200.0,89.8048780487805,75.1947831175445,-10.144927536231895,64.258230012826,8200.0,354504.0
8300.0,2.865324932,2.593429285601733E-7,8300.0,89.9277108433735,75.31565320136285,-10.144927536231792,64.25823001282602,8300.0,354504.0
8400.0,2.89066931,2.6166727257577905E-7,8400.0,90.02380952380953,75.38015231484698,-10.4084321475626,64.17272338606244,8400.0,354504.0
8500.0,2.916324272,2.640201003861634E-7,8500.0,90.11764705882352,75.44147728113076,-10.671936758893294,64.08721675929883,8500.0,354504.0
8600.0,2.947362307,2.668666121809453E-7,8600.0,90.23255813953487,75.5514875721754,-10.671936758893342,64.08721675929884,8600.0,354504.0
8700.0,2.973532874,2.692667263518853E-7,8700.0,90.3448275862069,75.658021178321,-10.671936758893267,64.08721675929885,8700.0,354504.0
8800.0,2.998794185,2.715834522565102E-7,8800.0,90.45454545454545,75.79980625440128,-10.0917431192661,64.17910447761194,8800.0,354504.0
8900.0,3.024538005,2.7394442927302376E-7,8900.0,90.56179775280899,75.93856493816348,-9.80392156862741,64.27052318162485,8900.0,354504.0
9000.0,3.051274978,2.76396488786497E-7,9000.0,90.64444444444445,75.98544447938075,-10.065359477124167,64.18545299872397,9000.0,354504.0
9100.0,3.081818719,2.791977318753757E-7,9100.0,90.72527472527473,76.02995450485116,-10.326797385620822,64.10038281582308,9100.0,354512.0
9200.0,3.108203886,2.8161758171327407E-7,9200.0,90.73913043478261,75.92247567965467,-11.372549019607751,63.76010208421948,9200.0,354512.0
9300.0,3.134317858,2.840125595775826E-7,9300.0,90.65591397849462,75.74206464124299,-11.69665809768636,63.5180520570949,9300.0,354512.0
9324.0,3.147574505,2.85228359920784E-7,9324.0,90.66924066924066,75.76527678034789,-11.253196930946283,63.55257645580225,9324.0,354512.0
