learning evaluation instances,evaluation time (cpu seconds),model cost (RAM-Hours),classified instances,classifications correct (percent),Kappa Statistic (percent),Kappa Temporal Statistic (percent),Kappa M Statistic (percent),model training instances,model serialized size (bytes)
100.0,3.172039932,1.952067312673092E-5,100.0,100.0,?,?,?,100.0,2.3788032E7
200.0,8.439359845,5.413929753907907E-5,200.0,98.0,59.01639344262287,0.0,33.33333333333333,200.0,2.5405192E7
300.0,12.094627993,7.817621374671547E-5,300.0,98.66666666666667,59.3495934959351,0.0,33.33333333333352,300.0,2.54192E7
400.0,15.673214278,1.0171515320105714E-4,400.0,99.0,59.51417004048588,0.0,33.33333333333333,400.0,2.5425984E7
500.0,20.27506246,1.3199110899842737E-4,500.0,98.8,49.46091644204845,0.0,25.0,500.0,2.5431264E7
600.0,24.058301451,1.5694268747267777E-4,600.0,98.5,39.32584269662911,-12.500000000000314,10.0000000000002,600.0,2.5493824E7
700.0,27.76748855,1.814197433835597E-4,700.0,97.28571428571429,33.47338935574241,-58.333333333333435,13.636363636363779,700.0,2.5508376E7
800.0,31.744922729,2.0771394139196554E-4,800.0,94.5,75.4176210961506,-238.46153846153902,63.934426229508155,800.0,2.5554024E7
900.0,35.221592334,2.3071334141419692E-4,900.0,93.77777777777779,80.39627529230555,-100.0,72.1393034825871,900.0,2.5571456E7
1000.0,40.12450885,2.6316002581083033E-4,1000.0,93.10000000000001,80.57279290034126,-7.812500000000014,73.15175097276267,1000.0,2.558104E7
1100.0,44.287149125,2.9071811821109904E-4,1100.0,88.54545454545455,69.42759457372891,-31.249999999999943,61.23076923076924,1100.0,2.5590728E7
1200.0,47.740590547,3.1358755590225787E-4,1200.0,87.33333333333333,66.05387458544412,-29.914529914529915,57.66016713091921,1200.0,2.5597984E7
1300.0,52.519181897,3.452383872157799E-4,1300.0,84.0,58.31342018037462,-66.40000000000005,50.3579952267303,1300.0,2.5602808E7
1400.0,57.135487892,3.7582600210913465E-4,1400.0,81.42857142857143,53.07827163040114,-79.31034482758628,45.60669456066945,1400.0,2.5612584E7
1500.0,61.083828115,4.019930486202609E-4,1500.0,79.06666666666666,48.168282510371846,-75.41899441340792,41.30841121495326,1500.0,2.561784E7
1600.0,64.986012503,4.278586781900666E-4,1600.0,76.8125,43.62708786804785,-66.3677130044843,37.54208754208752,1600.0,2.5622272E7
1700.0,69.435136749,4.5735368569322217E-4,1700.0,74.70588235294117,39.615222581098166,-79.1666666666666,34.15007656967842,1700.0,2.5625736E7
1800.0,73.238488581,4.8257856116082777E-4,1800.0,73.61111111111111,37.40849194729135,-67.25352112676052,32.142857142857146,1800.0,2.5636864E7
1900.0,77.959033378,5.138906647559225E-4,1900.0,72.0,35.1911693800716,-76.15894039735103,30.729166666666657,1900.0,2.5640264E7
2000.0,81.932121883,5.402483027338006E-4,2000.0,71.35000000000001,33.55258275196675,-71.55688622754485,29.084158415841593,2000.0,2.5643696E7
2100.0,87.001113382,5.738835722953758E-4,2100.0,69.71428571428572,31.565808728587434,-71.42857142857144,27.891156462585048,2100.0,2.5649312E7
2200.0,91.217910679,6.01866685682233E-4,2200.0,68.22727272727272,29.791080755323424,-75.6281407035176,26.80628272251308,2200.0,2.5651672E7
2300.0,95.984595645,6.335023449442817E-4,2300.0,67.6086956521739,29.283633092040645,-83.04668304668303,26.600985221674872,2300.0,2.5654456E7
2400.0,100.472411135,6.63293326071156E-4,2400.0,67.29166666666667,29.048527192038975,-82.13457076566124,26.498127340823974,2400.0,2.5659736E7
2500.0,104.099218204,6.873712749633249E-4,2500.0,67.16,29.025605417637195,-78.86710239651418,26.565295169946335,2500.0,2.5662408E7
2600.0,109.441346199,7.22842290956596E-4,2600.0,66.61538461538463,30.25268258913119,-89.10675381263614,28.73563218390806,2600.0,2.5666208E7
2700.0,113.545363065,7.500971709780836E-4,2700.0,66.4074074074074,31.773808542078513,-97.60348583877993,31.18361153262518,2700.0,2.5670688E7
2800.0,117.070425,7.735103118029842E-4,2800.0,66.85714285714286,34.22171817408563,-102.17864923747275,32.850940665701884,2800.0,2.5674104E7
2900.0,121.285228591,8.015115887565818E-4,2900.0,66.65517241379311,35.05173071863455,-110.67538126361657,30.02894356005789,2900.0,2.5680464E7
3000.0,125.01041585,8.262637042261112E-4,3000.0,66.33333333333333,35.44939999897742,-120.04357298474942,26.91751085383502,3000.0,2.5684232E7
3100.0,129.152256152,8.537877289352207E-4,3100.0,67.0,37.43440210228933,-122.87581699346401,25.976845151953697,3100.0,2.5687448E7
3200.0,134.554942609,8.89692522016924E-4,3200.0,66.84375,37.68674521895533,-129.1576673866091,23.55907780979827,3200.0,2.5688872E7
3300.0,138.070118696,9.130556796248729E-4,3300.0,67.3030303030303,38.593544346060135,-128.11839323467237,24.06755805770584,3300.0,2.5691344E7
3400.0,141.543975571,9.361450988105627E-4,3400.0,67.79411764705883,39.775368433040185,-129.559748427673,23.26559215136651,3400.0,2.5692328E7
3500.0,146.718698717,9.705408318071934E-4,3500.0,68.17142857142858,40.400489147049825,-129.21810699588468,24.32065217391305,3500.0,2.5693296E7
3600.0,151.084547164,9.995618384961576E-4,3600.0,68.77777777777779,41.39601572853077,-127.99188640973631,25.80858085808581,3600.0,2.5694856E7
3700.0,154.763936237,0.0010240221959120447,3700.0,69.62162162162161,42.820987123035515,-126.15694164989945,27.994875080076874,3700.0,2.5697416E7
3800.0,158.677640648,0.0010500415311846649,3800.0,70.21052631578948,43.956672473027794,-118.53281853281857,28.580441640378563,3800.0,2.5698664E7
3900.0,162.877510841,0.001077964345280165,3900.0,70.87179487179486,45.04149054861007,-112.33644859813093,30.604764813683556,3900.0,2.569956E7
4000.0,166.805638629,0.0011040820748930355,4000.0,71.55,46.411791477826704,-112.71028037383171,30.482590103848512,4000.0,2.5701128E7
4100.0,171.719039773,0.0011367543172887359,4100.0,71.78048780487805,46.92042931824692,-115.4562383612663,29.75106253794778,4100.0,2.5703904E7
4200.0,175.613312681,0.001162650503471182,4200.0,72.30952380952381,47.85261140491126,-112.61425959780615,30.275779376498807,4200.0,2.5704656E7
4300.0,180.631458303,0.0011960222581030443,4300.0,72.67441860465115,48.53902783832342,-114.41605839416059,29.64071856287424,4300.0,2.5706216E7
4400.0,184.27362856,0.0012202443304869324,4400.0,72.97727272727272,49.01741882118324,-113.08243727598565,30.38641686182669,4400.0,2.570712E7
4500.0,189.202585207,0.0012530259276189747,4500.0,73.44444444444444,49.81540655353396,-113.01247771836,31.36128661688684,4500.0,2.5708544E7
4600.0,193.863066078,0.001284023378192774,4600.0,73.86956521739131,50.546296526524,-113.87900355871885,31.196336576989136,4600.0,2.5709736E7
4700.0,198.138515025,0.0013124609412345908,4700.0,74.38297872340426,51.39751470107514,-113.09734513274337,32.69983230855226,4700.0,2.5710648E7
4800.0,203.108870728,0.0013455524186432421,4800.0,74.83333333333333,52.14076478701302,-109.3587521663778,33.4435261707989,4800.0,2.5735408E7
4900.0,207.812851582,0.001376872604976073,4900.0,75.22448979591837,52.77211924297565,-108.23327615780447,33.6974330966685,4900.0,2.5737192E7
5000.0,211.853460543,0.0014037769456310641,5000.0,75.52,53.164954713113154,-107.10659898477164,33.442088091353995,5000.0,2.5738184E7
5100.0,216.847946327,0.0014370350397594454,5100.0,76.0,53.938214753112256,-106.40809443507577,33.90928725701944,5100.0,2.5740024E7
5200.0,220.996891807,0.0014646640693077011,5200.0,76.42307692307693,54.58555400039209,-105.36013400335011,33.94396551724139,5200.0,2.5741288E7
5300.0,224.529374004,0.0014881887393754952,5300.0,76.79245283018868,55.11599200887023,-103.98009950248755,33.9419978517723,5300.0,2.5742216E7
5400.0,229.818434741,0.0015234144175526008,5400.0,77.11111111111111,55.565142364106975,-102.9556650246306,34.394904458598724,5400.0,2.5744424E7
5500.0,234.661568265,0.0015556740144501973,5500.0,77.4,55.956153163451795,-102.11382113821136,34.51001053740781,5500.0,2.5747488E7
5600.0,238.775170743,0.0015830766750054672,5600.0,77.76785714285714,56.450585281147326,-101.78282009724467,34.47368421052632,5600.0,2.5749736E7
5700.0,242.832480722,0.0016101054864756258,5700.0,78.01754385964912,56.76535795021995,-99.84051036682622,34.84139365574621,5700.0,2.5750824E7
5800.0,247.989182247,0.0016444594041358717,5800.0,78.25862068965517,57.037622537760804,-97.33959311424097,34.96647756575554,5800.0,2.5751744E7
5900.0,251.887689867,0.0016704327576624654,5900.0,78.5593220338983,57.502670496085926,-95.51777434312211,35.688866293848506,5900.0,2.5753248E7
6000.0,255.838932551,0.0016967607970219995,6000.0,78.78333333333333,57.7852359527858,-93.75951293759502,35.93356819325619,6000.0,2.575652E7
6100.0,260.034671675,0.0017247198654393211,6100.0,78.90163934426229,57.960464297854564,-91.80327868852459,36.5071534287124,6100.0,2.5758264E7
6200.0,264.458228518,0.0017541990526388164,6200.0,79.01612903225806,58.06838644747293,-88.82438316400587,36.99757869249394,6200.0,2.5760024E7
6300.0,268.02833877,0.001777991804346422,6300.0,79.22222222222223,58.38261289789275,-87.2675250357654,37.57749165474489,6300.0,2.576116E7
6400.0,271.909646558,0.00180385932975257,6400.0,79.546875,58.91157257990947,-85.14851485148519,38.22557810287869,6400.0,2.5761976E7
6500.0,276.806075835,0.001836494120408416,6500.0,79.80000000000001,59.347134364758794,-83.8935574229692,39.071925754060345,6500.0,2.5763432E7
6600.0,280.673958642,0.0018622769200879906,6600.0,79.81818181818183,59.304521719808925,-84.48753462603878,39.17808219178083,6600.0,2.576672E7
6700.0,285.611996168,0.0018951947637867643,6700.0,80.07462686567163,59.744999909989374,-82.62653898768811,39.94601889338731,6700.0,2.576792E7
6800.0,289.868634027,0.0019235725920230555,6800.0,80.36764705882354,60.21767653351261,-80.6495263870095,40.48149799375837,6800.0,2.5770024E7
6900.0,293.717514761,0.0019492330517317576,6900.0,80.65217391304348,60.594232893366794,-80.16194331983809,40.53452115812919,6900.0,2.5771064E7
7000.0,298.741066971,0.0019827270545550307,7000.0,80.78571428571428,60.7738275978267,-79.57276368491327,40.98288723124177,7000.0,2.5772616E7
7100.0,302.406675057,0.0020071679582869158,7100.0,81.04225352112677,61.14591695083064,-78.98936170212762,41.2739965095986,7100.0,2.5773512E7
7200.0,306.360412426,0.0020335306876586175,7200.0,81.30555555555556,61.53887366905857,-78.7516600265604,41.6052060737527,7200.0,2.5774184E7
7300.0,310.537671946,0.0020613870080999908,7300.0,81.41095890410959,61.6969806265856,-79.26023778071331,41.93410355156183,7300.0,2.5777136E7
7400.0,314.139152405,0.002085403992539095,7400.0,81.66216216216216,62.00799716942215,-79.26023778071328,41.934103551561854,7400.0,2.577744E7
7500.0,319.159620019,0.002118884556951426,7500.0,81.88,62.268351555828474,-79.05138339920958,41.89824711415133,7500.0,2.5778104E7
7600.0,323.263134962,0.0021462506611533622,7600.0,82.11842105263158,62.55469746324426,-79.05138339920948,41.89824711415133,7600.0,2.57786E7
7700.0,326.841672152,0.0021701166670234145,7700.0,82.32467532467533,62.78274558693007,-79.31488801054027,41.81274048738777,7700.0,2.5779624E7
7800.0,331.505657598,0.0022012221575899724,7800.0,82.55128205128204,63.04704183490627,-79.3148880105402,41.81274048738776,7800.0,2.577996E7
7900.0,335.674443734,0.0022290256308952297,7900.0,82.77215189873418,63.30105944601014,-79.3148880105401,41.81274048738778,7900.0,2.5780528E7
8000.0,339.668916922,0.0022556676089808395,8000.0,82.9125,63.40909462001269,-80.1054018445322,41.55622060709706,8000.0,2.5781568E7
8100.0,343.760908458,0.002282960768367892,8100.0,83.12345679012346,63.64541708402409,-80.10540184453217,41.556220607097075,8100.0,2.5782288E7
8200.0,348.369215895,0.002313698378449491,8200.0,83.32926829268293,63.873052198853365,-80.10540184453238,41.556220607097046,8200.0,2.5782856E7
8300.0,352.178532338,0.0023391072831832217,8300.0,83.53012048192771,64.09247034664226,-80.10540184453227,41.55622060709704,8300.0,2.5783464E7
8400.0,356.979040026,0.0023711401506299615,8400.0,83.70238095238095,64.26015385699809,-80.36890645586311,41.47071398033348,8400.0,2.5793544E7
8500.0,361.509013914,0.00240136867917058,8500.0,83.89411764705882,64.46474404232873,-80.36890645586297,41.47071398033345,8500.0,2.5794296E7
8600.0,366.276511289,0.0024331827452865585,8600.0,84.0813953488372,64.66232764127895,-80.36890645586303,41.47071398033348,8600.0,2.5794736E7
8700.0,370.105189678,0.0024587324936931943,8700.0,84.26436781609196,64.85325852548172,-80.36890645586298,41.47071398033349,8700.0,2.5795272E7
8800.0,374.356826136,0.002487105717194791,8800.0,84.44318181818183,65.07543719481015,-79.42332896461338,41.62046908315567,8800.0,2.5796152E7
8900.0,378.075810263,0.002511925256539817,8900.0,84.61797752808988,65.29215538503854,-78.95424836601313,41.76945980433855,8900.0,2.5797152E7
9000.0,382.320545255,0.002540255102628574,9000.0,84.76666666666667,65.42364788220894,-79.21568627450986,41.684389621437695,9000.0,2.5798592E7
9100.0,386.060990217,0.002565220970282215,9100.0,84.91208791208791,65.55020087053825,-79.47712418300651,41.59931943853678,9100.0,2.580036E7
9200.0,391.373977839,0.0026006839750715664,9200.0,84.98913043478261,65.54748135851153,-80.52287581699332,41.259038706933225,9200.0,2.5801152E7
9300.0,395.746919889,0.0026298748112631052,9300.0,84.96774193548387,65.49045313906446,-79.69151670951157,41.30982367758188,9300.0,2.5803296E7
9324.0,397.332255809,0.0026404574961330163,9324.0,84.99570999571,65.53208207186172,-78.90025575447564,41.39086719731882,9324.0,2.58034E7
