learning evaluation instances,evaluation time (cpu seconds),model cost (RAM-Hours),classified instances,classifications correct (percent),Kappa Statistic (percent),Kappa Temporal Statistic (percent),Kappa M Statistic (percent),model training instances,model serialized size (bytes)
100.0,3.022447117,1.860008180180351E-5,100.0,100.0,?,?,?,100.0,2.3788032E7
200.0,7.767186834,4.97841307888E-5,200.0,98.0,59.01639344262287,0.0,33.33333333333333,200.0,2.5405192E7
300.0,11.764500704,7.607032776764139E-5,300.0,98.66666666666667,59.3495934959351,0.0,33.33333333333352,300.0,2.54192E7
400.0,16.494629598,1.0718379235386645E-4,400.0,99.0,59.51417004048588,0.0,33.33333333333333,400.0,2.5425984E7
500.0,19.897752308,1.2957322995939125E-4,500.0,98.8,49.46091644204845,0.0,25.0,500.0,2.5431264E7
600.0,25.062015316,1.6363306969257197E-4,600.0,98.5,39.32584269662911,-12.500000000000314,10.0000000000002,600.0,2.549392E7
700.0,28.927967685,1.891447211368131E-4,700.0,97.28571428571429,33.47338935574241,-58.333333333333435,13.636363636363779,700.0,2.5508376E7
800.0,33.043429002,2.16351395061544E-4,800.0,94.5,75.4176210961506,-238.46153846153902,63.934426229508155,800.0,2.5554024E7
900.0,38.123958365,2.499608950773873E-4,900.0,93.77777777777779,80.39627529230555,-100.0,72.1393034825871,900.0,2.5571456E7
1000.0,41.847346469,2.74601657020287E-4,1000.0,93.10000000000001,80.57279290034126,-7.812500000000014,73.15175097276267,1000.0,2.558104E7
1100.0,45.552132991,2.99128602072378E-4,1100.0,88.54545454545455,69.42759457372891,-31.249999999999943,61.23076923076924,1100.0,2.5590728E7
1200.0,50.194441572,3.2987097579847605E-4,1200.0,87.33333333333333,66.05387458544412,-29.914529914529915,57.66016713091921,1200.0,2.5597984E7
1300.0,53.531485797,3.519737705585339E-4,1300.0,84.0,58.31342018037462,-66.40000000000005,50.3579952267303,1300.0,2.5602808E7
1400.0,57.096875601,3.7559802128791944E-4,1400.0,81.42857142857143,53.07827163040114,-79.31034482758628,45.60669456066945,1400.0,2.5612584E7
1500.0,62.407533433,4.107936282128551E-4,1500.0,79.06666666666666,48.168282510371846,-75.41899441340792,41.30841121495326,1500.0,2.561784E7
1600.0,66.064391756,4.3503311393855605E-4,1600.0,76.8125,43.62708786804785,-66.3677130044843,37.54208754208752,1600.0,2.5622272E7
1700.0,69.401412842,4.5715554894545614E-4,1700.0,74.70588235294117,39.615222581098166,-79.1666666666666,34.15007656967842,1700.0,2.5625736E7
1800.0,74.422395394,4.904560862593074E-4,1800.0,73.61111111111111,37.40849194729135,-67.25352112676052,32.142857142857146,1800.0,2.5636864E7
1900.0,78.652919627,5.185178076795639E-4,1900.0,72.0,35.1911693800716,-76.15894039735103,30.729166666666657,1900.0,2.5640264E7
2000.0,82.336186918,5.429527594078636E-4,2000.0,71.35000000000001,33.55258275196675,-71.55688622754485,29.084158415841593,2000.0,2.5643696E7
2100.0,86.166251958,5.683671382017873E-4,2100.0,69.71428571428572,31.565808728587434,-71.42857142857144,27.891156462585048,2100.0,2.5649312E7
2200.0,90.324133527,5.959592805789482E-4,2200.0,68.22727272727272,29.791080755323424,-75.6281407035176,26.80628272251308,2200.0,2.5651672E7
2300.0,94.10281494,6.210377320592057E-4,2300.0,67.6086956521739,29.283633092040645,-83.04668304668303,26.600985221674872,2300.0,2.5654456E7
2400.0,98.653630611,6.512469204870136E-4,2400.0,67.29166666666667,29.048527192038975,-82.13457076566124,26.498127340823974,2400.0,2.5659736E7
2500.0,102.620423762,6.775819973020917E-4,2500.0,67.16,29.025605417637195,-78.86710239651418,26.565295169946335,2500.0,2.5662408E7
2600.0,107.449975622,7.096495762569071E-4,2600.0,66.61538461538463,30.25268258913119,-89.10675381263614,28.73563218390806,2600.0,2.5666208E7
2700.0,111.484812256,7.364450286043423E-4,2700.0,66.4074074074074,31.773808542078513,-97.60348583877993,31.18361153262518,2700.0,2.5670688E7
2800.0,115.539981851,7.633790963022449E-4,2800.0,66.85714285714286,34.22171817408563,-102.17864923747275,32.850940665701884,2800.0,2.5674104E7
2900.0,119.979961093,7.928763399434295E-4,2900.0,66.65517241379311,35.05173071863455,-110.67538126361657,30.02894356005789,2900.0,2.5680464E7
3000.0,123.671558909,8.174052693785698E-4,3000.0,66.33333333333333,35.44939999897742,-120.04357298474942,26.91751085383502,3000.0,2.5684232E7
3100.0,128.626787109,8.503345504399903E-4,3100.0,67.0,37.43440210228933,-122.87581699346401,25.976845151953697,3100.0,2.5687448E7
3200.0,133.340106654,8.816579974580767E-4,3200.0,66.84375,37.68674521895533,-129.1576673866091,23.55907780979827,3200.0,2.5688872E7
3300.0,137.432165294,9.088553294212903E-4,3300.0,67.3030303030303,38.593544346060135,-128.11839323467237,24.06755805770584,3300.0,2.5691344E7
3400.0,141.27749811,9.344138093736668E-4,3400.0,67.79411764705883,39.775368433040185,-129.559748427673,23.26559215136651,3400.0,2.5692328E7
3500.0,146.085211143,9.663700723740003E-4,3500.0,68.17142857142858,40.400489147049825,-129.21810699588468,24.32065217391305,3500.0,2.5693296E7
3600.0,150.013640112,9.924834303548092E-4,3600.0,68.77777777777779,41.39601572853077,-127.99188640973631,25.80858085808581,3600.0,2.5694856E7
3700.0,153.703906241,0.0010170160977852434,3700.0,69.62162162162161,42.820987123035515,-126.15694164989945,27.994875080076874,3700.0,2.5697416E7
3800.0,158.745755632,0.0010505356373114708,3800.0,70.21052631578948,43.956672473027794,-118.53281853281857,28.580441640378563,3800.0,2.5698664E7
3900.0,162.465876224,0.0010752688387986001,3900.0,70.87179487179486,45.04149054861007,-112.33644859813093,30.604764813683556,3900.0,2.569956E7
4000.0,165.878340174,0.0010979579710187987,4000.0,71.55,46.411791477826704,-112.71028037383171,30.482590103848512,4000.0,2.5701128E7
4100.0,169.82860195,0.0011242257042018604,4100.0,71.78048780487805,46.92042931824692,-115.4562383612663,29.75106253794778,4100.0,2.5703904E7
4200.0,173.583686658,0.0011491963148977517,4200.0,72.30952380952381,47.85261140491126,-112.61425959780615,30.275779376498807,4200.0,2.5704656E7
4300.0,177.4199689,0.0011747084222222836,4300.0,72.67441860465115,48.53902783832342,-114.41605839416059,29.64071856287424,4300.0,2.5706216E7
4400.0,181.374539913,0.0012010081003166874,4400.0,72.97727272727272,49.01741882118324,-113.08243727598565,30.38641686182669,4400.0,2.570712E7
4500.0,185.630105238,0.0012293110938392917,4500.0,73.44444444444444,49.81540655353396,-113.01247771836,31.36128661688684,4500.0,2.5708544E7
4600.0,189.957207105,0.0012580911982883304,4600.0,73.86956521739131,50.546296526524,-113.87900355871885,31.196336576989136,4600.0,2.5709736E7
4700.0,194.031563084,0.0012851912189981826,4700.0,74.38297872340426,51.39751470107514,-113.09734513274337,32.69983230855226,4700.0,2.5710648E7
4800.0,198.036813779,0.001311857250728986,4800.0,74.83333333333333,52.14076478701302,-109.3587521663778,33.4435261707989,4800.0,2.5735408E7
4900.0,202.357648226,0.001340626360169191,4900.0,75.22448979591837,52.77211924297565,-108.23327615780447,33.6974330966685,4900.0,2.5737192E7
5000.0,206.748732434,0.0013698643355627678,5000.0,75.52,53.164954713113154,-107.10659898477164,33.442088091353995,5000.0,2.5738184E7
5100.0,211.69270086,0.0014027860364927015,5100.0,76.0,53.938214753112256,-106.40809443507577,33.90928725701944,5100.0,2.5740024E7
5200.0,215.331579414,0.0014270183826576794,5200.0,76.42307692307693,54.58555400039209,-105.36013400335011,33.94396551724139,5200.0,2.5741288E7
5300.0,219.924714897,0.0014576065047736285,5300.0,76.79245283018868,55.11599200887023,-103.98009950248755,33.9419978517723,5300.0,2.5742216E7
5400.0,224.779526887,0.0014899400424798136,5400.0,77.11111111111111,55.565142364106975,-102.9556650246306,34.394904458598724,5400.0,2.5744424E7
5500.0,229.1176359,0.0015188357248647228,5500.0,77.4,55.956153163451795,-102.11382113821136,34.51001053740781,5500.0,2.5747488E7
5600.0,233.070225366,0.0015451658012467736,5600.0,77.76785714285714,56.450585281147326,-101.78282009724467,34.47368421052632,5600.0,2.5749736E7
5700.0,237.81129261,0.001576749637179616,5700.0,78.01754385964912,56.76535795021995,-99.84051036682622,34.84139365574621,5700.0,2.5750824E7
5800.0,241.302863044,0.0016000104605204792,5800.0,78.25862068965517,57.037622537760804,-97.33959311424097,34.96647756575554,5800.0,2.5751744E7
5900.0,245.238532213,0.0016262313985444896,5900.0,78.5593220338983,57.502670496085926,-95.51777434312211,35.688866293848506,5900.0,2.5753248E7
6000.0,250.544346841,0.0016615852625139283,6000.0,78.78333333333333,57.7852359527858,-93.75951293759502,35.93356819325619,6000.0,2.575652E7
6100.0,254.177624391,0.0016857962662482893,6100.0,78.90163934426229,57.960464297854564,-91.80327868852459,36.5071534287124,6100.0,2.5758264E7
6200.0,257.616774366,0.0017087152315783262,6200.0,79.01612903225806,58.06838644747293,-88.82438316400587,36.99757869249394,6200.0,2.5760024E7
6300.0,262.957429961,0.001744307659699134,6300.0,79.22222222222223,58.38261289789275,-87.2675250357654,37.57749165474489,6300.0,2.576116E7
6400.0,267.054234812,0.0017716113957993518,6400.0,79.546875,58.91157257990947,-85.14851485148519,38.22557810287869,6400.0,2.5761976E7
6500.0,270.845559446,0.001796880643804247,6500.0,79.80000000000001,59.347134364758794,-83.8935574229692,39.071925754060345,6500.0,2.5763432E7
6600.0,274.747916514,0.0018228932443877827,6600.0,79.81818181818183,59.304521719808925,-84.48753462603878,39.17808219178083,6600.0,2.576672E7
6700.0,279.237061336,0.001852818688820656,6700.0,80.07462686567163,59.744999909989374,-82.62653898768811,39.94601889338731,6700.0,2.576792E7
6800.0,283.349499106,0.0018802351749148977,6800.0,80.36764705882354,60.21767653351261,-80.6495263870095,40.48149799375837,6800.0,2.5770024E7
6900.0,287.993666045,0.0019111978019368178,6900.0,80.65217391304348,60.594232893366794,-80.16194331983809,40.53452115812919,6900.0,2.5771064E7
7000.0,291.876522591,0.0019370863371162082,7000.0,80.78571428571428,60.7738275978267,-79.57276368491327,40.98288723124177,7000.0,2.5772616E7
7100.0,296.795729776,0.0019698857707776993,7100.0,81.04225352112677,61.14591695083064,-78.98936170212762,41.2739965095986,7100.0,2.5773512E7
7200.0,301.011376307,0.0019979948580162417,7200.0,81.30555555555556,61.53887366905857,-78.7516600265604,41.6052060737527,7200.0,2.5774184E7
7300.0,305.592371913,0.0020285435181917194,7300.0,81.41095890410959,61.6969806265856,-79.26023778071331,41.93410355156183,7300.0,2.5777136E7
7400.0,310.187487426,0.002059186699246838,7400.0,81.66216216216216,62.00799716942215,-79.26023778071328,41.934103551561854,7400.0,2.577744E7
7500.0,313.832832199,0.002083496825287137,7500.0,81.88,62.268351555828474,-79.05138339920958,41.89824711415133,7500.0,2.5778104E7
7600.0,318.717579028,0.0021160729198254364,7600.0,82.11842105263158,62.55469746324426,-79.05138339920948,41.89824711415133,7600.0,2.57786E7
7700.0,323.001639012,0.002144644203368755,7700.0,82.32467532467533,62.78274558693007,-79.31488801054027,41.81274048738777,7700.0,2.5779624E7
7800.0,326.465723828,0.0021677472037561715,7800.0,82.55128205128204,63.04704183490627,-79.3148880105402,41.81274048738776,7800.0,2.577996E7
7900.0,330.340364232,0.0021935888894473094,7900.0,82.77215189873418,63.30105944601014,-79.3148880105401,41.81274048738778,7900.0,2.5780528E7
8000.0,334.304720813,0.0022200299984956413,8000.0,82.9125,63.40909462001269,-80.1054018445322,41.55622060709706,8000.0,2.5781568E7
8100.0,337.853851204,0.0022437023303161717,8100.0,83.12345679012346,63.64541708402409,-80.10540184453217,41.556220607097075,8100.0,2.5782288E7
8200.0,342.934441739,0.002277590089104842,8200.0,83.32926829268293,63.873052198853365,-80.10540184453238,41.556220607097046,8200.0,2.5782856E7
8300.0,346.978190436,0.002304562703994327,8300.0,83.53012048192771,64.09247034664226,-80.10540184453227,41.55622060709704,8300.0,2.5783464E7
8400.0,350.449258799,0.002327724477705989,8400.0,83.70238095238095,64.26015385699809,-80.36890645586311,41.47071398033348,8400.0,2.5793544E7
8500.0,354.670147318,0.0023558904787068674,8500.0,83.89411764705882,64.46474404232873,-80.36890645586297,41.47071398033345,8500.0,2.5794296E7
8600.0,359.406478196,0.0023874965671527664,8600.0,84.0813953488372,64.66232764127895,-80.36890645586303,41.47071398033348,8600.0,2.5794736E7
8700.0,363.194325307,0.002412773838016494,8700.0,84.26436781609196,64.85325852548172,-80.36890645586298,41.47071398033349,8700.0,2.5795272E7
8800.0,367.054875838,0.002438537156244035,8800.0,84.44318181818183,65.07543719481015,-79.42332896461338,41.62046908315567,8800.0,2.5796152E7
8900.0,371.150385893,0.002465869532365258,8900.0,84.61797752808988,65.29215538503854,-78.95424836601313,41.76945980433855,8900.0,2.5797152E7
9000.0,375.25148041,0.002493240705520007,9000.0,84.76666666666667,65.42364788220894,-79.21568627450986,41.684389621437695,9000.0,2.5798592E7
9100.0,379.857939923,0.0025239868492867956,9100.0,84.91208791208791,65.55020087053825,-79.47712418300651,41.59931943853678,9100.0,2.580036E7
9200.0,383.653095798,0.002549318666438818,9200.0,84.98913043478261,65.54748135851153,-80.52287581699332,41.259038706933225,9200.0,2.5801152E7
9300.0,388.290724602,0.0025802763743587582,9300.0,84.96774193548387,65.49045313906446,-79.69151670951157,41.30982367758188,9300.0,2.5803296E7
9324.0,390.314500762,0.0025937858048071132,9324.0,84.99570999571,65.53208207186172,-78.90025575447564,41.39086719731882,9324.0,2.58034E7
