learning evaluation instances,evaluation time (cpu seconds),model cost (RAM-Hours),classified instances,classifications correct (percent),Kappa Statistic (percent),Kappa Temporal Statistic (percent),Kappa M Statistic (percent),model training instances,model serialized size (bytes)
100.0,2.628836664,1.6177810595579145E-5,100.0,100.0,?,?,?,100.0,2.3788032E7
200.0,6.177886639,3.9503378462065904E-5,200.0,98.0,59.01639344262287,0.0,33.33333333333333,200.0,2.5405192E7
300.0,10.535928437,6.816170974898387E-5,300.0,98.66666666666667,59.3495934959351,0.0,33.33333333333352,300.0,2.54192E7
400.0,13.995187115,9.091574558700699E-5,400.0,99.0,59.51417004048588,0.0,33.33333333333333,400.0,2.5425984E7
500.0,17.497865411,1.1396016797297437E-4,500.0,98.8,49.46091644204845,0.0,25.0,500.0,2.5431168E7
600.0,22.77495491,1.487640006781469E-4,600.0,98.5,39.32584269662911,-12.500000000000314,10.0000000000002,600.0,2.5493824E7
700.0,27.149651592,1.7763277769598253E-4,700.0,97.28571428571429,33.47338935574241,-58.333333333333435,13.636363636363779,700.0,2.5508376E7
800.0,31.26513188,2.0483957703504034E-4,800.0,94.5,75.4176210961506,-238.46153846153902,63.934426229508155,800.0,2.5554024E7
900.0,34.786657957,2.2813571849673156E-4,900.0,93.77777777777779,80.39627529230555,-100.0,72.1393034825871,900.0,2.5571456E7
1000.0,38.591849681,2.533178431636304E-4,1000.0,93.10000000000001,80.57279290034126,-7.812500000000014,73.15175097276267,1000.0,2.558104E7
1100.0,42.567326327,2.7963684877253526E-4,1100.0,88.54545454545455,69.42759457372891,-31.249999999999943,61.23076923076924,1100.0,2.5590728E7
1200.0,46.395926917,3.049906717965932E-4,1200.0,87.33333333333333,66.05387458544412,-29.914529914529915,57.66016713091921,1200.0,2.5597984E7
1300.0,50.214817861,3.30284961310025E-4,1300.0,84.0,58.31342018037462,-66.40000000000005,50.3579952267303,1300.0,2.5602808E7
1400.0,54.117737476,3.561456824737962E-4,1400.0,81.42857142857143,53.07827163040114,-79.31034482758628,45.60669456066945,1400.0,2.5612584E7
1500.0,58.397005824,3.8450590666203136E-4,1500.0,79.06666666666666,48.168282510371846,-75.41899441340792,41.30841121495326,1500.0,2.561784E7
1600.0,62.633022473,4.125843434041558E-4,1600.0,76.8125,43.62708786804785,-66.3677130044843,37.54208754208752,1600.0,2.5622272E7
1700.0,66.3873612,4.3747334240700647E-4,1700.0,74.70588235294117,39.615222581098166,-79.1666666666666,34.15007656967842,1700.0,2.5625736E7
1800.0,70.264790678,4.6318952119805474E-4,1800.0,73.61111111111111,37.40849194729135,-67.25352112676052,32.142857142857146,1800.0,2.5636864E7
1900.0,74.372180941,4.904344759546062E-4,1900.0,72.0,35.1911693800716,-76.15894039735103,30.729166666666657,1900.0,2.5640264E7
2000.0,78.562254845,5.182316042902072E-4,2000.0,71.35000000000001,33.55258275196675,-71.55688622754485,29.084158415841593,2000.0,2.5643696E7
2100.0,83.325794043,5.498400465263933E-4,2100.0,69.71428571428572,31.565808728587434,-71.42857142857144,27.891156462585048,2100.0,2.5649312E7
2200.0,86.887881767,5.734784378584926E-4,2200.0,68.22727272727272,29.791080755323424,-75.6281407035176,26.80628272251308,2200.0,2.5651672E7
2300.0,91.350292298,6.030946806043518E-4,2300.0,67.6086956521739,29.283633092040645,-83.04668304668303,26.600985221674872,2300.0,2.5654456E7
2400.0,95.182025716,6.285304629339083E-4,2400.0,67.29166666666667,29.048527192038975,-82.13457076566124,26.498127340823974,2400.0,2.5659736E7
2500.0,99.726128348,6.586982300228353E-4,2500.0,67.16,29.025605417637195,-78.86710239651418,26.565295169946335,2500.0,2.5662408E7
2600.0,103.513059632,6.838429476832707E-4,2600.0,66.61538461538463,30.25268258913119,-89.10675381263614,28.73563218390806,2600.0,2.5666208E7
2700.0,107.252107691,7.086740606075081E-4,2700.0,66.4074074074074,31.773808542078513,-97.60348583877993,31.18361153262518,2700.0,2.5670688E7
2800.0,111.140713909,7.34501829501622E-4,2800.0,66.85714285714286,34.22171817408563,-102.17864923747275,32.850940665701884,2800.0,2.5674104E7
2900.0,114.749422695,7.584764826449948E-4,2900.0,66.65517241379311,35.05173071863455,-110.67538126361657,30.02894356005789,2900.0,2.5680464E7
3000.0,118.830919153,7.855961049868824E-4,3000.0,66.33333333333333,35.44939999897742,-120.04357298474942,26.91751085383502,3000.0,2.5684232E7
3100.0,122.641635352,8.109196904399558E-4,3100.0,67.0,37.43440210228933,-122.87581699346401,25.976845151953697,3100.0,2.5687448E7
3200.0,126.703431521,8.379132893002126E-4,3200.0,66.84375,37.68674521895533,-129.1576673866091,23.55907780979827,3200.0,2.5688872E7
3300.0,130.125694374,8.606589112638352E-4,3300.0,67.3030303030303,38.593544346060135,-128.11839323467237,24.06755805770584,3300.0,2.5691344E7
3400.0,134.923588821,8.925487098599491E-4,3400.0,67.79411764705883,39.775368433040185,-129.559748427673,23.26559215136651,3400.0,2.5692328E7
3500.0,139.252235371,9.213206782860618E-4,3500.0,68.17142857142858,40.400489147049825,-129.21810699588468,24.32065217391305,3500.0,2.5693296E7
3600.0,143.061239015,9.466401829763291E-4,3600.0,68.77777777777779,41.39601572853077,-127.99188640973631,25.80858085808581,3600.0,2.5694856E7
3700.0,147.829451964,9.783389760785503E-4,3700.0,69.62162162162161,42.820987123035515,-126.15694164989945,27.994875080076874,3700.0,2.5697416E7
3800.0,151.276241481,0.0010012541384512908,3800.0,70.21052631578948,43.956672473027794,-118.53281853281857,28.580441640378563,3800.0,2.5698664E7
3900.0,154.705689664,0.0010240548060108895,3900.0,70.87179487179486,45.04149054861007,-112.33644859813093,30.604764813683556,3900.0,2.569956E7
4000.0,159.118556033,0.0010533955140691559,4000.0,71.55,46.411791477826704,-112.71028037383171,30.482590103848512,4000.0,2.5701128E7
4100.0,162.790226736,0.001077810722941751,4100.0,71.78048780487805,46.92042931824692,-115.4562383612663,29.75106253794778,4100.0,2.5703904E7
4200.0,166.894001486,0.001105100057173696,4200.0,72.30952380952381,47.85261140491126,-112.61425959780615,30.275779376498807,4200.0,2.5704656E7
4300.0,171.168774115,0.001133528220488959,4300.0,72.67441860465115,48.53902783832342,-114.41605839416059,29.64071856287424,4300.0,2.5706216E7
4400.0,174.962862252,0.001158760615187872,4400.0,72.97727272727272,49.01741882118324,-113.08243727598565,30.38641686182669,4400.0,2.570712E7
4500.0,178.721530245,0.001183758834633487,4500.0,73.44444444444444,49.81540655353396,-113.01247771836,31.36128661688684,4500.0,2.5708544E7
4600.0,183.05011178,0.0012125487805424448,4600.0,73.86956521739131,50.546296526524,-113.87900355871885,31.196336576989136,4600.0,2.5709736E7
4700.0,187.328113913,0.0012410033257512184,4700.0,74.38297872340426,51.39751470107514,-113.09734513274337,32.69983230855226,4700.0,2.5710648E7
4800.0,191.204840022,0.0012668136705476826,4800.0,74.83333333333333,52.14076478701302,-109.3587521663778,33.4435261707989,4800.0,2.5735408E7
4900.0,195.159052577,0.0012931417271163882,4900.0,75.22448979591837,52.77211924297565,-108.23327615780447,33.6974330966685,4900.0,2.5737192E7
5000.0,199.545364615,0.0013223479270799289,5000.0,75.52,53.164954713113154,-107.10659898477164,33.442088091353995,5000.0,2.5738184E7
5100.0,204.010941031,0.001352084033498849,5100.0,76.0,53.938214753112256,-106.40809443507577,33.90928725701944,5100.0,2.5740024E7
5200.0,208.209744607,0.0013800450825480223,5200.0,76.42307692307693,54.58555400039209,-105.36013400335011,33.94396551724139,5200.0,2.5741288E7
5300.0,212.848609779,0.0014109377428855488,5300.0,76.79245283018868,55.11599200887023,-103.98009950248755,33.9419978517723,5300.0,2.5742216E7
5400.0,216.826375682,0.0014374300651579565,5400.0,77.11111111111111,55.565142364106975,-102.9556650246306,34.394904458598724,5400.0,2.5744424E7
5500.0,221.218369457,0.0014666846682070242,5500.0,77.4,55.956153163451795,-102.11382113821136,34.51001053740781,5500.0,2.5747488E7
5600.0,224.918260813,0.0014913314024167766,5600.0,77.76785714285714,56.450585281147326,-101.78282009724467,34.47368421052632,5600.0,2.5749736E7
5700.0,228.845239681,0.001517491979749995,5700.0,78.01754385964912,56.76535795021995,-99.84051036682622,34.84139365574621,5700.0,2.5750824E7
5800.0,233.009288807,0.0015452328524986506,5800.0,78.25862068965517,57.037622537760804,-97.33959311424097,34.96647756575554,5800.0,2.5751744E7
5900.0,237.498407504,0.001575141083623263,5900.0,78.5593220338983,57.502670496085926,-95.51777434312211,35.688866293848506,5900.0,2.5753248E7
6000.0,241.670185171,0.0016029385983293988,6000.0,78.78333333333333,57.7852359527858,-93.75951293759502,35.93356819325619,6000.0,2.575652E7
6100.0,246.288285774,0.0016337121490439287,6100.0,78.90163934426229,57.960464297854564,-91.80327868852459,36.5071534287124,6100.0,2.5758264E7
6200.0,249.78670698,0.001657026105955674,6200.0,79.01612903225806,58.06838644747293,-88.82438316400587,36.99757869249394,6200.0,2.5760024E7
6300.0,254.091052186,0.0016857121154963618,6300.0,79.22222222222223,58.38261289789275,-87.2675250357654,37.57749165474489,6300.0,2.576116E7
6400.0,257.640941891,0.0017093708581544461,6400.0,79.546875,58.91157257990947,-85.14851485148519,38.22557810287869,6400.0,2.5761976E7
6500.0,261.799292236,0.001737086339233729,6500.0,79.80000000000001,59.347134364758794,-83.8935574229692,39.071925754060345,6500.0,2.5763432E7
6600.0,266.497391429,0.001768403252494046,6600.0,79.81818181818183,59.304521719808925,-84.48753462603878,39.17808219178083,6600.0,2.576672E7
6700.0,270.848061468,0.0017974055991904167,6700.0,80.07462686567163,59.744999909989374,-82.62653898768811,39.94601889338731,6700.0,2.576792E7
6800.0,274.550646994,0.0018220897136411794,6800.0,80.36764705882354,60.21767653351261,-80.6495263870095,40.48149799375837,6800.0,2.5770024E7
6900.0,278.618696559,0.0018492113703434902,6900.0,80.65217391304348,60.594232893366794,-80.16194331983809,40.53452115812919,6900.0,2.5771064E7
7000.0,282.056926644,0.0018721354056396324,7000.0,80.78571428571428,60.7738275978267,-79.57276368491327,40.98288723124177,7000.0,2.5772616E7
7100.0,286.404736152,0.0019011249733011228,7100.0,81.04225352112677,61.14591695083064,-78.98936170212762,41.2739965095986,7100.0,2.5773512E7
7200.0,289.863732428,0.0019241888680951707,7200.0,81.30555555555556,61.53887366905857,-78.7516600265604,41.6052060737527,7200.0,2.5774184E7
7300.0,293.700846975,0.0019497769101786769,7300.0,81.41095890410959,61.6969806265856,-79.26023778071331,41.93410355156183,7300.0,2.5777136E7
7400.0,298.654864787,0.0019828134822374036,7400.0,81.66216216216216,62.00799716942215,-79.26023778071328,41.934103551561854,7400.0,2.577744E7
7500.0,303.258025354,0.00201351110359721,7500.0,81.88,62.268351555828474,-79.05138339920958,41.89824711415133,7500.0,2.5778104E7
7600.0,307.269720783,0.0020402648687622964,7600.0,82.11842105263158,62.55469746324426,-79.05138339920948,41.89824711415133,7600.0,2.57786E7
7700.0,310.972013108,0.0020649562232654753,7700.0,82.32467532467533,62.78274558693007,-79.31488801054027,41.81274048738777,7700.0,2.5779624E7
7800.0,314.905128636,0.00209118732740803,7800.0,82.55128205128204,63.04704183490627,-79.3148880105402,41.81274048738776,7800.0,2.577996E7
7900.0,318.709872875,0.0021165628447484012,7900.0,82.77215189873418,63.30105944601014,-79.3148880105401,41.81274048738778,7900.0,2.5780528E7
8000.0,322.413323282,0.0021412637852581155,8000.0,82.9125,63.40909462001269,-80.1054018445322,41.55622060709706,8000.0,2.5781568E7
8100.0,326.655149587,0.0021695563270231763,8100.0,83.12345679012346,63.64541708402409,-80.10540184453217,41.556220607097075,8100.0,2.5782288E7
8200.0,330.561942833,0.0021956148070848163,8200.0,83.32926829268293,63.873052198853365,-80.10540184453238,41.556220607097046,8200.0,2.5782856E7
8300.0,334.604470097,0.0022225792747712007,8300.0,83.53012048192771,64.09247034664226,-80.10540184453227,41.55622060709704,8300.0,2.5783464E7
8400.0,338.963156805,0.0022516639555244986,8400.0,83.70238095238095,64.26015385699809,-80.36890645586311,41.47071398033348,8400.0,2.5793544E7
8500.0,342.893548753,0.002277891472087158,8500.0,83.89411764705882,64.46474404232873,-80.36890645586297,41.47071398033345,8500.0,2.5794296E7
8600.0,347.106866416,0.0023060074323394283,8600.0,84.0813953488372,64.66232764127895,-80.36890645586303,41.47071398033348,8600.0,2.5794736E7
8700.0,351.807789798,0.002337377894281086,8700.0,84.26436781609196,64.85325852548172,-80.36890645586298,41.47071398033349,8700.0,2.5795272E7
8800.0,355.951932688,0.002365033761287136,8800.0,84.44318181818183,65.07543719481015,-79.42332896461338,41.62046908315567,8800.0,2.5796152E7
8900.0,360.51451292,0.0023954832431122472,8900.0,84.61797752808988,65.29215538503854,-78.95424836601313,41.76945980433855,8900.0,2.5797152E7
9000.0,364.101001377,0.0024194198766541303,9000.0,84.76666666666667,65.42364788220894,-79.21568627450986,41.684389621437695,9000.0,2.5798592E7
9100.0,368.129556292,0.002446308754813037,9100.0,84.91208791208791,65.55020087053825,-79.47712418300651,41.59931943853678,9100.0,2.580036E7
9200.0,372.393388504,0.002474768881753485,9200.0,84.98913043478261,65.54748135851153,-80.52287581699332,41.259038706933225,9200.0,2.5801152E7
9300.0,376.855076056,0.00250455212355708,9300.0,84.96774193548387,65.49045313906446,-79.69151670951157,41.30982367758188,9300.0,2.5803296E7
9324.0,378.748460381,0.0025171911418221202,9324.0,84.99570999571,65.53208207186172,-78.90025575447564,41.39086719731882,9324.0,2.58034E7
