learning evaluation instances,evaluation time (cpu seconds),model cost (RAM-Hours),classified instances,classifications correct (percent),Kappa Statistic (percent),Kappa Temporal Statistic (percent),Kappa M Statistic (percent),model training instances,model serialized size (bytes)
100.0,3.084860529,1.8984172746587993E-5,100.0,100.0,?,?,?,100.0,2.3788032E7
200.0,7.163289496,4.578900004643574E-5,200.0,98.0,59.01639344262287,0.0,33.33333333333333,200.0,2.5405192E7
300.0,11.190503094,7.227181659666491E-5,300.0,98.66666666666667,59.3495934959351,0.0,33.33333333333352,300.0,2.54192E7
400.0,14.910370082,9.674006099131874E-5,400.0,99.0,59.51417004048588,0.0,33.33333333333333,400.0,2.5425984E7
500.0,18.87306962,1.228110027751056E-4,500.0,98.8,49.46091644204845,0.0,25.0,500.0,2.5431264E7
600.0,23.191792496,1.512380173857911E-4,600.0,98.66666666666667,42.3076923076929,0.0,20.0000000000004,600.0,2.5443584E7
700.0,27.270110355,1.7809797374094882E-4,700.0,97.14285714285714,22.32578783843776,-66.66666666666688,9.090909090909188,700.0,2.545804E7
800.0,31.482446084,2.0589021645454957E-4,800.0,87.75,30.03498250874558,-653.8461538461548,19.672131147540934,800.0,2.5503688E7
900.0,34.945088621,2.287517320671708E-4,900.0,82.66666666666667,31.279551261343265,-457.14285714285757,22.38805970149255,900.0,2.552112E7
1000.0,38.883653285,2.5476520879507455E-4,1000.0,81.2,35.72166111639166,-193.75000000000014,26.848249027237376,1000.0,2.5530704E7
1100.0,42.380152696,2.778677924672644E-4,1100.0,77.63636363636364,31.467645941496773,-156.24999999999997,24.3076923076923,1100.0,2.5540504E7
1200.0,46.107923094,3.025054612393498E-4,1200.0,77.33333333333333,31.235278998529463,-132.47863247863242,24.233983286908078,1200.0,2.554776E7
1300.0,50.382294172,3.3076107052199547E-4,1300.0,75.07692307692308,28.66312805070131,-159.20000000000005,22.673031026252975,1300.0,2.5552584E7
1400.0,53.735905265,3.5293850340802524E-4,1400.0,73.21428571428571,26.839057073896694,-158.62068965517255,21.5481171548117,1400.0,2.556236E7
1500.0,58.077385172,3.8165461680926365E-4,1500.0,71.39999999999999,24.429255918827494,-139.66480446927386,19.81308411214953,1500.0,2.5567616E7
1600.0,61.921571205,4.070858409154095E-4,1600.0,69.625,22.099155272733107,-117.93721973094165,18.181818181818183,1600.0,2.5572032E7
1700.0,66.3260056,4.3622733670915304E-4,1700.0,68.05882352941175,20.296537289926864,-126.24999999999996,16.845329249617148,1700.0,2.5575496E7
1800.0,69.607831811,4.579506565098793E-4,1800.0,67.5,19.71637694419032,-105.9859154929577,16.428571428571427,1800.0,2.5586624E7
1900.0,74.009417333,4.8708984595944053E-4,1900.0,66.52631578947368,20.097543945028402,-110.59602649006621,17.18750000000001,1900.0,2.5590024E7
2000.0,77.395965227,5.09512333216329E-4,2000.0,66.5,20.116367798550172,-100.5988023952095,17.079207920792093,2000.0,2.5593456E7
2100.0,80.920031955,5.32850429725691E-4,2100.0,66.71428571428571,23.616574875426178,-88.40970350404316,20.7482993197279,2100.0,2.559904E7
2200.0,84.782209128,5.584300172502517E-4,2200.0,66.72727272727272,25.877853108904876,-83.91959798994976,23.350785340314125,2200.0,2.56014E7
2300.0,88.21382353,5.811604158023968E-4,2300.0,67.04347826086956,27.687055924941202,-86.24078624078625,25.320197044334964,2300.0,2.5604184E7
2400.0,92.363207722,6.086508605650273E-4,2400.0,66.83333333333333,27.745402392752737,-84.68677494199538,25.468164794007482,2400.0,2.5609464E7
2500.0,95.665878159,6.305339516253746E-4,2500.0,67.12,28.750530470503083,-79.08496732026144,26.475849731663697,2500.0,2.5612136E7
2600.0,99.313592447,6.547068772419246E-4,2600.0,66.84615384615384,30.657485353049058,-87.79956427015252,29.22824302134647,2600.0,2.5615968E7
2700.0,103.258458888,6.808535633393727E-4,2700.0,66.7037037037037,32.35145915503006,-95.86056644880173,31.790591805766294,2700.0,2.5620448E7
2800.0,106.744636705,7.039631291032686E-4,2800.0,67.21428571428572,34.941208153711266,-100.0,33.57452966714906,2800.0,2.5623864E7
2900.0,110.736836549,7.304336388372953E-4,2900.0,67.06896551724138,35.890016481786695,-108.06100217864932,30.897250361794487,2900.0,2.5630224E7
3000.0,114.080240267,7.52605527793056E-4,3000.0,67.06666666666666,36.874495251530846,-115.25054466230935,28.509406657018804,3000.0,2.5633992E7
3100.0,118.497666611,7.819035805852589E-4,3100.0,68.09677419354838,39.489739367135954,-115.46840958605667,28.437047756874083,3100.0,2.5637272E7
3200.0,121.964152994,8.048959146452875E-4,3200.0,68.53125,40.73829956583596,-117.4946004319655,27.449567723342934,3200.0,2.5638696E7
3300.0,125.263812297,8.267838367178082E-4,3300.0,68.96969696969697,41.59907780740762,-116.49048625792815,27.938071780436317,3300.0,2.5641168E7
3400.0,129.029125176,8.517615783697892E-4,3400.0,69.61764705882352,42.99401990680897,-116.56184486373171,27.6103714085494,3400.0,2.5642152E7
3500.0,132.746888829,8.764248264395591E-4,3500.0,70.19999999999999,43.93695998722244,-114.60905349794234,29.144021739130427,3500.0,2.564312E7
3600.0,136.49301352,9.012777304497077E-4,3600.0,70.75,44.8016774419011,-113.59026369168359,30.49504950495049,3600.0,2.564468E7
3700.0,140.535116877,9.280969218317117E-4,3700.0,71.43243243243244,45.932875974504995,-112.67605633802822,32.286995515695075,3700.0,2.564724E7
3800.0,144.032674122,9.513042011232577E-4,3800.0,72.02631578947368,47.029264121945204,-105.21235521235528,32.93375394321767,3800.0,2.5648488E7
3900.0,147.81127162,9.763771376630135E-4,3900.0,72.6923076923077,48.134049537570746,-99.06542056074775,34.941967012828336,3900.0,2.5649384E7
4000.0,151.36447235,9.999558921266593E-4,4000.0,73.32499999999999,49.38747940160536,-99.43925233644858,34.81979230299327,4000.0,2.5650952E7
4100.0,155.135827624,0.0010249849485796563,4100.0,73.92682926829268,50.48423299761713,-99.06890130353817,35.09411050394657,4100.0,2.5653664E7
4200.0,159.49910761,0.0010539432339843665,4200.0,74.45238095238095,51.3858684395841,-96.16087751371116,35.67146282973619,4200.0,2.5654416E7
4300.0,163.642514752,0.0010814439359991236,4300.0,75.04651162790698,52.429508778152154,-95.80291970802918,35.74850299401197,4300.0,2.5655976E7
4400.0,167.526469876,0.0011072235063852097,4400.0,75.25,52.71582999329755,-95.16129032258067,36.24121779859483,4400.0,2.565688E7
4500.0,171.634815622,0.0011344939724972174,4500.0,75.6888888888889,53.451095851786334,-95.00891265597137,37.16255025847215,4500.0,2.5658304E7
4600.0,175.797983074,0.001162129601882111,4600.0,76.17391304347827,54.26500425545194,-95.0177935943061,37.263880938752145,4600.0,2.565948E7
4700.0,180.268904257,0.001191809194104108,4700.0,76.55319148936171,54.88018604758131,-95.04424778761063,38.40134153158189,4700.0,2.5660392E7
4800.0,183.884000318,0.0012158306658049942,4800.0,76.79166666666667,55.25127224067505,-93.06759098786821,38.622589531680454,4800.0,2.5685152E7
4900.0,187.384318769,0.0012390910824828514,4900.0,77.06122448979592,55.6367419538231,-92.7958833619211,38.61277990169308,4900.0,2.5686936E7
5000.0,191.003247704,0.0012631406216844848,5000.0,77.32,55.95817533555287,-91.87817258883253,38.33605220228385,5000.0,2.5687928E7
5100.0,194.89422547,0.0012889999095472796,5100.0,77.70588235294117,56.54525687061104,-91.73693086003361,38.606911447084244,5100.0,2.5689768E7
5200.0,198.533273815,0.0013131860741745819,5200.0,78.0576923076923,57.046683678492705,-91.12227805695149,38.523706896551715,5200.0,2.5691032E7
5300.0,202.272671723,0.0013380400886667668,5300.0,78.39622641509433,57.521730170694255,-89.88391376451081,38.50698174006444,5300.0,2.569196E7
5400.0,205.925666836,0.0013623219111575317,5400.0,78.53703703703704,57.619612559318746,-90.31198686371103,38.48195329087049,5400.0,2.5694168E7
5500.0,209.485840459,0.0013859895619594146,5500.0,78.76363636363637,57.887847418703366,-89.91869918699183,38.46153846153848,5500.0,2.5697232E7
5600.0,213.56541762,0.0014131125578283725,5600.0,79.10714285714285,58.33863214385633,-89.62722852512154,38.42105263157894,5600.0,2.5699512E7
5700.0,216.912361537,0.0014353655967160443,5700.0,79.26315789473685,58.46469165887117,-88.51674641148324,38.533541341653674,5700.0,2.57006E7
5800.0,221.030375855,0.0014627462805257606,5800.0,79.44827586206897,58.627076739902684,-86.54147104851326,38.52501289324394,5800.0,2.570152E7
5900.0,224.367348166,0.00148493511314617,5900.0,79.59322033898304,58.76256103095686,-86.08964451313757,38.79003558718861,5900.0,2.5703024E7
6000.0,227.856095873,0.0015081361127877186,6000.0,79.80000000000001,59.02348317297535,-84.47488584474875,39.0035228988425,6000.0,2.5706296E7
6100.0,231.906895921,0.0015350767046417582,6100.0,79.80327868852459,58.96119038759592,-83.60655737704919,39.22052294030588,6100.0,2.5708024E7
6200.0,235.223297369,0.0015571345533359148,6200.0,79.7258064516129,58.67723021746761,-82.43831640058063,39.128329297820805,6200.0,2.5709784E7
6300.0,239.36351659,0.001584672945711447,6300.0,79.82539682539682,58.766890420126316,-81.83118741058665,39.38960419647113,6300.0,2.571092E7
6400.0,242.812065234,0.0016076114653029347,6400.0,80.078125,59.147079126300206,-80.33946251768033,39.83010854176497,6400.0,2.5711736E7
6500.0,246.204969416,0.0016301811357145295,6500.0,80.26153846153846,59.446829368869246,-79.69187675070033,40.46403712296984,6500.0,2.5713192E7
6600.0,250.621029011,0.0016595606139184968,6600.0,80.27272727272728,59.40338106738324,-80.33240997229919,40.547945205479444,6600.0,2.571648E7
6700.0,254.298407783,0.0016840268849384228,6700.0,80.4179104477612,59.60672433344708,-79.48016415868668,40.980656770130466,6700.0,2.571768E7
6800.0,258.059518664,0.001709052288132596,6800.0,80.61764705882352,59.87384060408799,-78.34912043301766,41.239411502452064,6800.0,2.5719784E7
6900.0,261.709225104,0.0017333374185927494,6900.0,80.89855072463769,60.239293504422164,-77.86774628879891,41.29175946547886,6900.0,2.5720824E7
7000.0,265.440608282,0.0017581675238686459,7000.0,80.91428571428571,60.173217544941195,-78.37116154873165,41.37779727950857,7000.0,2.5722376E7
7100.0,269.215447245,0.0017832876761847659,7100.0,81.14084507042254,60.47879567600969,-78.05851063829779,41.57940663176266,7100.0,2.5723272E7
7200.0,272.776621654,0.0018069865892919132,7200.0,81.30555555555556,60.64073338068856,-78.7516600265604,41.6052060737527,7200.0,2.5723944E7
7300.0,276.489783188,0.001831699782414319,7300.0,81.32876712328768,60.615861699565755,-80.05284015852044,41.67736414206248,7300.0,2.5726896E7
7400.0,280.555516719,0.001858759861621224,7400.0,81.58108108108108,60.92108183302607,-80.05284015852041,41.6773641420625,7400.0,2.57272E7
7500.0,284.488814685,0.0018849391723681093,7500.0,81.8,61.177056286840546,-79.8418972332017,41.6417272338606,7500.0,2.5727864E7
7600.0,288.627162124,0.0019124838029894698,7600.0,82.03947368421053,61.45846460390566,-79.84189723320151,41.64172723386063,7600.0,2.5728376E7
7700.0,292.303818062,0.0019369564123823486,7700.0,82.24675324675324,61.68102701356722,-80.10540184453237,41.55622060709705,7700.0,2.57294E7
7800.0,295.969167003,0.0019613540785861925,7800.0,82.47435897435898,61.94111520320844,-80.10540184453227,41.556220607097046,7800.0,2.5729736E7
7900.0,300.24572443,0.00198982076091632,7900.0,82.69620253164557,62.191243484568815,-80.10540184453224,41.556220607097046,7900.0,2.5730304E7
8000.0,303.671539649,0.002012625443649326,8000.0,82.83749999999999,62.2928993107812,-80.89591567852432,41.29970072680633,8000.0,2.5731344E7
8100.0,307.436416734,0.0020376878665650383,8100.0,83.04938271604938,62.52589353503007,-80.89591567852435,41.299700726806336,8100.0,2.5732064E7
8200.0,310.846910688,0.0020603916963702258,8200.0,83.2560975609756,62.75044671936865,-80.89591567852446,41.29970072680632,8200.0,2.5732632E7
8300.0,315.057273358,0.0020884209547006173,8300.0,83.4578313253012,62.967009412233566,-80.89591567852435,41.29970072680632,8300.0,2.573324E7
8400.0,318.507034529,0.002111395726910909,8400.0,83.63095238095238,63.131123345832364,-81.15942028985515,41.214194100042775,8400.0,2.574332E7
8500.0,323.337415555,0.0021435661120644536,8500.0,83.82352941176471,63.3332597122705,-81.15942028985498,41.214194100042754,8500.0,2.5744072E7
8600.0,327.691938404,0.0021725677727457717,8600.0,84.01162790697676,63.52856689382074,-81.15942028985505,41.21419410004278,8600.0,2.5744512E7
8700.0,331.602926403,0.0021986159787874627,8700.0,84.19540229885058,63.717385227739264,-81.1594202898551,41.21419410004277,8700.0,2.5745048E7
8800.0,335.716204188,0.0022260124242854907,8800.0,84.375,63.94285210251912,-80.20969855832247,41.36460554371002,8800.0,2.5745928E7
8900.0,339.085925386,0.002248457290330812,8900.0,84.5505617977528,64.16292799493961,-79.73856209150327,41.514249255635896,8900.0,2.5746928E7
9000.0,343.284954743,0.0022764275338676893,9000.0,84.7,64.29178152574967,-80.0000000000001,41.429179072735,9000.0,2.5748368E7
9100.0,346.804046572,0.0022998702552497596,9100.0,84.84615384615385,64.41582160776775,-80.26143790849662,41.344108889834125,9100.0,2.5750152E7
9200.0,350.543234079,0.00232477992832688,9200.0,84.94565217391305,64.45040130703784,-81.04575163398681,41.08889834113143,9200.0,2.5750944E7
9300.0,354.3666322,0.0023502527152949233,9300.0,84.89247311827957,64.30779326693622,-80.59125964010295,41.015952980688475,9300.0,2.5753088E7
9324.0,355.908255247,0.0023605235771832836,9324.0,84.90990990990991,64.3226783100805,-79.923273657289,41.055718475073306,9324.0,2.5753192E7
