learning evaluation instances,evaluation time (cpu seconds),model cost (RAM-Hours),classified instances,classifications correct (percent),Kappa Statistic (percent),Kappa Temporal Statistic (percent),Kappa M Statistic (percent),model training instances,model serialized size (bytes)
100.0,0.182664149,1.987673264849931E-8,100.0,52.0,2.399349328995533,4.0000000000000036,-6.666666666666673,100.0,420624.0
200.0,0.355146685,3.867196149212205E-8,200.0,51.5,2.1388216303470644,2.020202020202022,-3.1914893617021307,200.0,421216.0
300.0,0.424787634,4.62645492288077E-8,300.0,55.333333333333336,9.654800431499453,11.842105263157896,0.7407407407407333,300.0,421432.0
400.0,0.477807771,5.205010454540865E-8,400.0,58.5,13.799818252628851,19.024390243902438,4.046242774566465,400.0,421800.0
500.0,0.521321429,5.68007447531364E-8,500.0,59.599999999999994,14.97600808148834,19.521912350597606,6.912442396313369,500.0,422016.0
600.0,0.878275293,9.583649338919668E-8,600.0,60.333333333333336,16.07898448519042,20.401337792642146,9.160305343511459,600.0,422720.0
700.0,0.92982794,1.0147663997740174E-7,700.0,60.71428571428571,17.466986794717872,21.42857142857142,11.57556270096462,700.0,422904.0
800.0,0.975122992,1.0643413943589354E-7,800.0,60.75000000000001,17.542016806722692,22.084367245657575,12.2905027932961,800.0,423072.0
900.0,1.011840763,1.104587151485309E-7,900.0,60.111111111111114,17.30651105651106,20.575221238938063,12.864077669902912,900.0,423688.0
1000.0,1.043985796,1.1398414277132601E-7,1000.0,60.6,17.976475486624324,21.042084168336668,13.785557986870886,1000.0,423936.0
1100.0,1.087042517,1.1870984741990352E-7,1100.0,59.72727272727273,17.815196346292673,19.454545454545457,14.47876447876449,1100.0,424256.0
1200.0,1.133702119,1.238344638750578E-7,1200.0,59.5,17.48539865079004,18.456375838926174,14.436619718309862,1200.0,424544.0
1300.0,1.166261805,1.2741372337657132E-7,1300.0,58.38461538461538,14.909525584006419,16.89708141321043,11.889250814332238,1300.0,424928.0
1400.0,1.202099917,1.3135693774830553E-7,1400.0,57.42857142857143,12.394351409522812,15.93794076163611,9.284627092846275,1400.0,425312.0
1500.0,1.239815652,1.3551158371262256E-7,1500.0,56.2,10.226933195356416,13.666228646517753,7.334273624823709,1500.0,425808.0
1600.0,1.282337894,1.4019869141662288E-7,1600.0,55.5625,8.239120334520685,11.895910780669155,5.200000000000007,1600.0,426080.0
1700.0,1.315242854,1.438270750530975E-7,1700.0,54.70588235294118,6.480761756704251,9.730363423212205,3.5087719298245634,1700.0,426240.0
1800.0,1.347602221,1.4739643542643018E-7,1800.0,53.666666666666664,5.090300774982063,7.743362831858401,2.4561403508771797,1800.0,426376.0
1900.0,1.388331103,1.518899964213806E-7,1900.0,53.421052631578945,4.365244572450373,7.42677824267782,1.7758046614872465,1900.0,426472.0
2000.0,1.425409776,1.5598290685835193E-7,2000.0,52.75,3.4190672223732634,5.782652043868388,1.0471204188481684,2000.0,426688.0
2100.0,1.465393318,1.6039746278260525E-7,2100.0,52.666666666666664,3.646869515686351,5.51330798479086,1.486620416253711,2100.0,426784.0
2200.0,1.501716982,1.6440861062451577E-7,2200.0,52.86363636363637,3.7008521465753086,6.5765765765765805,1.5194681861348627,2200.0,426856.0
2300.0,1.538893449,1.6851470116186887E-7,2300.0,52.69565217391305,3.6524588952066552,6.044905008635578,1.6274864376130243,2300.0,426936.0
2400.0,1.571155199,1.7207957030711074E-7,2400.0,52.83333333333333,4.079651173054177,6.05809128630705,2.1607605877268723,2400.0,427128.0
2500.0,1.604171524,1.7573390016045007E-7,2500.0,52.32,3.2836812957130666,4.792332268370611,1.4876033057851208,2500.0,427840.0
2600.0,1.643122413,1.8004677534931443E-7,2600.0,51.76923076923077,2.57924176507147,3.3898305084745775,0.9478672985781912,2600.0,428008.0
2700.0,1.676475106,1.8374151049703152E-7,2700.0,51.44444444444445,1.8408888977627884,2.8888888888888964,0.2283105022831179,2700.0,428208.0
2800.0,1.706923052,1.8711610280331431E-7,2800.0,51.32142857142858,1.1172373766685912,2.4337866857551855,-0.5904059040590478,2800.0,428416.0
2900.0,1.737032554,1.9045349641873811E-7,2900.0,51.241379310344826,0.8873873242398177,2.7510316368638184,-0.7840342124019996,2900.0,428456.0
3000.0,1.767819843,1.9386665439065132E-7,3000.0,50.96666666666667,0.17345794798434702,2.3888520238885333,-1.5182884748102077,3000.0,428536.0
3100.0,1.806242592,1.9812661715859133E-7,3100.0,51.09677419354839,0.38091644639084027,2.695763799743261,-1.2692050768203025,3100.0,428568.0
3200.0,1.836967522,2.015333705594494E-7,3200.0,51.24999999999999,0.48481755549885497,2.9850746268656634,-1.1673151750972743,3200.0,428600.0
3300.0,1.868175103,2.0499389823115533E-7,3300.0,51.33333333333333,0.6635550069144468,3.19469559975889,-0.9428032683846581,3300.0,428632.0
3400.0,1.898871532,2.0839787264305891E-7,3400.0,51.17647058823529,0.6349224234092992,2.9239766081871243,-0.8505467800729102,3400.0,428648.0
3500.0,1.931111188,2.1197311132672967E-7,3500.0,51.37142857142857,0.789024538103533,3.075170842824596,-0.710059171597637,3500.0,428664.0
3600.0,1.968059814,2.160707073946856E-7,3600.0,51.30555555555556,0.8872217576954271,2.7731558513588586,-0.5160550458715486,3600.0,428680.0
3700.0,2.001389289,2.1976707821659742E-7,3700.0,51.24324324324324,0.8453429190163673,3.062869425040302,-0.5013927576601619,3700.0,428696.0
3800.0,2.037367213,2.2375739590556257E-7,3800.0,51.10526315789473,0.9111169743955148,2.569480859989496,-0.3239740820734488,3800.0,428720.0
3900.0,2.069904898,2.2736649280100026E-7,3900.0,51.07692307692307,0.8401905586834142,2.2039979497693483,-0.36822724881641566,3900.0,428760.0
4000.0,2.10275509,2.3101038910884618E-7,4000.0,51.125,0.83989370848146,1.9558676028084323,-0.35934291581109434,4000.0,428776.0
4100.0,2.138015246,2.3492168282343903E-7,4100.0,51.170731707317074,1.0500398779839684,2.246093750000002,-0.10000000000000009,4100.0,428784.0
4200.0,2.169740926,2.384409743417365E-7,4200.0,51.23809523809524,1.1362163086624573,2.1967526265520503,0.0,4200.0,428792.0
4300.0,2.200316398,2.418327379493974E-7,4300.0,51.23255813953488,1.152784507347957,2.1921641791044744,0.04766444232601213,4300.0,428800.0
4400.0,2.23187807,2.453340975384145E-7,4400.0,51.24999999999999,1.1750514647830042,2.277904328018221,0.0931532370749719,4400.0,428824.0
4500.0,2.262368876,2.4871678459305107E-7,4500.0,51.2,1.0988021165376758,2.269692923898526,0.04551661356395341,4500.0,428840.0
4600.0,2.300723603,2.529718252165222E-7,4600.0,50.97826086956522,1.0436541250095326,1.8711923411662275,0.08861320336730574,4600.0,428832.0
4700.0,2.332698459,2.565192207561702E-7,4700.0,50.97872340425532,0.9530778377389548,1.8321261184490987,0.0,4700.0,428848.0
4800.0,2.364944766,2.600967986984261E-7,4800.0,51.0625,0.9991402224182664,1.9616026711185262,0.042553191489368355,4800.0,428856.0
4900.0,2.395367338,2.6347210467840645E-7,4900.0,50.91836734693877,0.8679574147352638,1.7565359477124172,-0.04159733777038319,4900.0,428864.0
5000.0,2.426625707,2.6694046364461173E-7,5000.0,50.94,0.8611700726021126,1.8407362945178043,-0.04078303425776693,5000.0,428904.0
5100.0,2.463146604,2.7099289215807697E-7,5100.0,50.96078431372549,0.8202732813543865,2.2283033620015735,-0.08003201280511724,5100.0,428920.0
5200.0,2.502267224,2.753340337958228E-7,5200.0,50.96153846153846,0.7748689532347396,2.111324376199609,-0.11778563015313452,5200.0,428944.0
5300.0,2.538845881,2.7939347709643547E-7,5300.0,50.84905660377359,0.6968946858435761,1.920180722891581,-0.1537870049980731,5300.0,428984.0
5400.0,2.585709584,2.845945330200675E-7,5400.0,50.77777777777778,0.6975084713468604,1.6648168701442785,-0.11299435028248096,5400.0,429000.0
5500.0,2.64094953,2.9072532055200796E-7,5500.0,50.87272727272727,0.7450433299547,1.6739446870451213,-0.07407407407407002,5500.0,429008.0
5600.0,2.700275753,2.973099905602033E-7,5600.0,50.82142857142857,0.6285458393873716,1.5725518227305293,-0.1818843215714799,5600.0,429032.0
5700.0,2.742046518,3.0194616474433897E-7,5700.0,50.71929824561403,0.5904485173595323,1.4385964912280613,-0.17831669044222595,5700.0,429032.0
5800.0,2.786015315,3.0682693743243807E-7,5800.0,50.58620689655172,0.5761068764384614,1.2745435756114354,-0.1397624039133521,5800.0,429088.0
5900.0,2.820968607,3.1070701296952854E-7,5900.0,50.66101694915254,0.558197445150051,1.322033898305075,-0.17205781142464724,5900.0,429096.0
5931.0,2.838475926,3.1265045566934465E-7,5931.0,50.63227111785533,0.5187288188023543,1.31445904954499,-0.20533880903492238,5931.0,429096.0
