learning evaluation instances,evaluation time (cpu seconds),model cost (RAM-Hours),classified instances,classifications correct (percent),Kappa Statistic (percent),Kappa Temporal Statistic (percent),Kappa M Statistic (percent),model training instances,model serialized size (bytes)
100.0,0.587897434,1.2091965887651676E-7,100.0,35.0,0.0,-35.41666666666667,-91.17647058823532,100.0,795056.0
200.0,1.066327088,2.1932381445255546E-7,200.0,27.500000000000004,0.0,-93.33333333333333,-168.51851851851848,200.0,795056.0
300.0,1.442433065,2.9668187694795847E-7,300.0,30.0,0.0,-74.99999999999999,-135.9550561797753,300.0,795056.0
400.0,1.878957941,3.8646699258946297E-7,400.0,29.75,0.0,-86.0927152317881,-138.13559322033896,400.0,795056.0
500.0,2.16516355,4.4533420752754646E-7,500.0,28.999999999999996,0.0,-87.83068783068784,-146.52777777777774,500.0,795056.0
600.0,2.442263478,5.023285518309225E-7,600.0,29.833333333333336,0.0,-80.68669527896996,-136.5168539325843,600.0,795056.0
700.0,2.730148127,5.615411143284581E-7,700.0,29.714285714285715,0.0,-76.97841726618705,-137.68115942028987,700.0,795056.0
800.0,3.117885965,6.412916360912017E-7,800.0,29.625,0.0,-77.602523659306,-138.55932203389827,800.0,795056.0
900.0,3.493873519,7.18625341159722E-7,900.0,29.555555555555557,0.0,-78.59154929577463,-139.24528301886795,900.0,795056.0
1000.0,3.869208141,7.958247501586502E-7,1000.0,29.9,0.0,-75.6892230576441,-135.23489932885903,1000.0,795056.0
1100.0,5.40281905,1.1135835738904112E-6,1100.0,33.81818181818182,1.3812535713581977,-66.59038901601832,-125.3869969040248,1100.0,800912.0
1200.0,5.777065066,1.1911260412350131E-6,1200.0,36.5,1.571582346609245,-60.42105263157893,-118.33810888252145,1200.0,800912.0
1300.0,6.134631022,1.265212458407912E-6,1300.0,38.0,-0.5991013479780278,-55.29865125240846,-107.1979434447301,1300.0,800912.0
1400.0,6.495761278,1.3400373860913847E-6,1400.0,39.92857142857143,-1.0924926760747122,-47.8031634446397,-97.88235294117644,1400.0,800912.0
1500.0,6.8772222,1.4190747567588837E-6,1500.0,41.93333333333334,-0.43726533888063324,-44.444444444444436,-93.55555555555553,1500.0,800912.0
1600.0,7.39886666,1.5271576668653805E-6,1600.0,43.4375,-0.5717587833595412,-39.445300462249605,-87.75933609958506,1600.0,800912.0
1700.0,7.823802886,1.6152029686706597E-6,1700.0,45.23529411764706,0.2970865859988762,-35.51673944687044,-84.35643564356432,1700.0,800912.0
1800.0,8.194737608,1.6920593474641858E-6,1800.0,46.44444444444444,0.5072113923600661,-32.59972489683633,-81.203007518797,1800.0,800912.0
1900.0,8.567790744,1.769354654239292E-6,1900.0,47.63157894736842,0.685665534747659,-29.895561357702338,-77.36185383244204,1900.0,800912.0
2000.0,8.943587749,1.8472184810873826E-6,2000.0,48.65,0.7272910053319078,-27.261462205700138,-74.65986394557821,2000.0,800912.0
2100.0,10.150143897,2.097192723916351E-6,2100.0,50.095238095238095,1.6882040139516312,-24.613555291319877,-72.65238879736413,2100.0,800848.0
2200.0,10.500804501,2.169842570440401E-6,2200.0,50.63636363636363,0.8992567029466494,-23.269012485811565,-68.895800933126,2200.0,800848.0
2300.0,10.831869921,2.238432687716364E-6,2300.0,51.43478260869565,0.7621970062174612,-21.413043478260867,-65.97325408618126,2300.0,800848.0
2400.0,11.174075269,2.3093307747221944E-6,2400.0,52.125,0.7000259268861844,-19.562955254942775,-63.21022727272727,2400.0,800848.0
2500.0,11.548612226,2.386927322875162E-6,2500.0,52.800000000000004,0.6800888829034877,-17.529880478087655,-60.98226466575715,2500.0,800848.0
2600.0,11.913782982,2.4625833819700447E-6,2600.0,53.34615384615384,0.4315118574204988,-14.867424242424237,-58.56209150326801,2600.0,800848.0
2700.0,12.272863513,2.5369776685518482E-6,2700.0,54.03703703703704,0.5169661816471647,-12.1047877145438,-56.49432534678437,2700.0,800848.0
2800.0,12.644550687,2.6139837988043867E-6,2800.0,54.64285714285714,0.6257003848099266,-11.305872042068382,-54.878048780487845,2800.0,800848.0
2900.0,12.988224194,2.685186058918933E-6,2900.0,55.241379310344826,0.7653631520560904,-9.351305812973878,-53.246753246753244,2900.0,800848.0
3000.0,13.330126874,2.7560214391835532E-6,3000.0,55.766666666666666,0.8351666746377212,-7.449392712550623,-51.65714285714288,3000.0,800848.0
3100.0,15.330632037,3.1704611579736987E-6,3100.0,56.03225806451613,0.4602297945079549,-6.7345340642129905,-49.61580680570804,3100.0,800800.0
3200.0,15.668445033,3.2404450428720234E-6,3200.0,56.3125,0.18808441710563314,-5.828917486752457,-48.09322033898303,3200.0,800800.0
3300.0,15.940876981,3.2968840973702656E-6,3300.0,56.484848484848484,-0.20926624858529272,-5.124450951683754,-46.381243628950074,3300.0,800800.0
3400.0,16.236309182,3.358088057534198E-6,3400.0,57.1764705882353,0.23265075139905556,-4.522613065326639,-45.45454545454544,3400.0,800800.0
3500.0,16.502905903,3.4133182424520538E-6,3500.0,57.285714285714285,-0.17613386173490708,-3.6754507628293993,-43.88835418671802,3500.0,800800.0
3600.0,16.770108285,3.4686739006649375E-6,3600.0,57.41666666666667,-0.5074544667794045,-3.5810810810810736,-42.4721189591078,3600.0,800800.0
3700.0,17.114436113,3.5400074472347154E-6,3700.0,57.83783783783784,-0.3843894274298383,-3.1064111037673445,-41.560798548094404,3700.0,800800.0
3800.0,17.517257017,3.623458860039968E-6,3800.0,58.28947368421053,-0.19883388054794418,-1.9292604501607777,-40.63886424134872,3800.0,800800.0
3900.0,17.902501588,3.7032690273035404E-6,3900.0,58.64102564102565,-0.13536667751209347,-1.0018785222291653,-39.65367965367966,3900.0,800800.0
4000.0,18.275837674,3.7806121431113615E-6,4000.0,58.675,-0.4327783910948382,-0.4863221884498485,-38.21070234113711,4000.0,800800.0
4100.0,20.812688612,4.306259797848985E-6,4100.0,58.975609756097555,-0.3437722169306413,0.17804154302670638,-37.19412724306687,4100.0,800944.0
4200.0,21.19556941,4.3855945315134855E-6,4200.0,59.238095238095234,-0.29282760663856516,0.40721349621871417,-36.305732484076465,4200.0,800944.0
4300.0,21.572747471,4.4637476307805005E-6,4300.0,59.41860465116279,-0.3289790364781227,1.0209869540555865,-35.27131782945735,4300.0,800944.0
4400.0,21.988541834,4.54990221262455E-6,4400.0,59.70454545454545,-0.2702768010784143,1.9900497512437805,-34.62414578587699,4400.0,800944.0
4500.0,22.361597432,4.627201117829457E-6,4500.0,59.88888888888889,-0.3223654957758741,2.6429341963322686,-33.80281690140843,4500.0,800944.0
4600.0,22.733932152,4.704350653662922E-6,4600.0,60.21739130434782,-0.19579720408737517,3.430079155672817,-33.38192419825076,4600.0,800944.0
4700.0,23.107627142,4.781782043950111E-6,4700.0,60.53191489361702,-0.06771801758369175,4.035178479048125,-32.784538296349304,4700.0,800944.0
4800.0,23.514161389,4.866017885443639E-6,4800.0,60.70833333333333,-0.09785547244292797,4.69934310257704,-32.072829131652675,4800.0,800944.0
4900.0,23.911503012,4.948348971252036E-6,4900.0,61.08163265306123,0.1143773383217649,5.029880478087655,-31.608005521049005,4900.0,800944.0
5000.0,24.271592663,5.022961270188552E-6,5000.0,61.260000000000005,0.10314595152142005,6.01649684619118,-30.966869506423265,5000.0,800944.0
5100.0,27.210130525,5.63181605143761E-6,5100.0,60.98039215686275,0.3855410334227175,5.821107430194049,-30.834976988823133,5100.0,800912.0
5200.0,27.618867431,5.716504910720052E-6,5200.0,60.5,0.8201227212622606,4.863362667901789,-31.920359666024424,5200.0,800912.0
5300.0,28.017641772,5.799129561331851E-6,5300.0,60.20754716981133,1.8261631777628498,4.742547425474267,-31.647940074906362,5300.0,800912.0
5400.0,28.439068828,5.886447775369998E-6,5400.0,59.90740740740741,2.6616311482780564,4.499338332598163,-31.530984204131247,5400.0,800912.0
5500.0,28.740910591,5.9489883343873706E-6,5500.0,59.509090909090915,3.042848435434469,3.5930735930736075,-32.24465558194772,5500.0,800912.0
5600.0,29.17558164,6.039050657516353E-6,5600.0,59.25,3.7942664418212604,2.934921310080822,-31.983805668016196,5600.0,800912.0
5700.0,29.588877577,6.124684132098162E-6,5700.0,58.8421052631579,3.9714934895197485,2.290712203248653,-32.91784702549576,5700.0,800912.0
5800.0,30.045317688,6.219256928838326E-6,5800.0,58.5,4.288985479425752,1.755102040816321,-33.42572062084259,5800.0,800912.0
5900.0,30.458422122,6.304850724667418E-6,5900.0,58.271186440677965,4.879837600681052,1.5593762495002146,-33.153055705786905,5900.0,800912.0
6000.0,30.87847452,6.3918841143693855E-6,6000.0,58.01666666666667,5.319260896366144,1.2544100352803007,-33.139534883720906,6000.0,800912.0
6100.0,34.135722483,7.066653173409137E-6,6100.0,57.67213114754098,5.439415953218613,0.5775895263765812,-33.85173665111455,6100.0,800768.0
6200.0,34.556237351,7.153766719880203E-6,6200.0,57.37096774193549,5.635191383206397,0.3393665158371069,-34.29878048780488,6200.0,800768.0
6300.0,34.975457371,7.240612026605175E-6,6300.0,57.23809523809524,6.239849030920839,0.11123470522804112,-33.56470004957855,6300.0,800768.0
6400.0,35.408041074,7.330225743934943E-6,6400.0,57.046875,6.62919153922575,0.21778584392012768,-33.31716779825415,6400.0,800768.0
6500.0,35.821678928,7.4159146533140545E-6,6500.0,56.78461538461539,6.787413939744817,-0.42903110475509115,-33.63463368220741,6500.0,800768.0
6600.0,36.342355858,7.523777697856791E-6,6600.0,56.651515151515156,7.234697306442964,0.0,-33.06976744186044,6600.0,800768.0
6700.0,36.720904682,7.602197589947483E-6,6700.0,56.32835820895522,7.168468285882583,-0.5843932622894435,-33.9130434782609,6700.0,800768.0
6800.0,37.080074961,7.676603037106826E-6,6800.0,56.11764705882353,7.350856942476007,-0.7767646065518481,-33.991917377638075,6800.0,800768.0
6900.0,37.491624356,7.76185930287689E-6,6900.0,55.88405797101449,7.448338585841485,-1.2641383898869076,-34.27437141596823,6900.0,800768.0
7000.0,37.853794519,7.836886203768618E-6,7000.0,55.714285714285715,7.667746854746471,-1.4066077854105272,-34.14106447425355,7000.0,800768.0
7100.0,41.444460992,8.580859755454897E-6,7100.0,55.394366197183096,7.5168734807697755,-2.0625201417982515,-35.11092150170649,7100.0,800912.0
7200.0,41.830623697,8.660871319137557E-6,7200.0,55.31944444444444,7.898587606565723,-2.0298128766254493,-34.377610693400165,7200.0,800912.0
7300.0,42.213885274,8.740281779231708E-6,7300.0,55.17808219178082,8.102617768817607,-2.0904836193447793,-34.15334153341534,7300.0,800912.0
7400.0,42.591898113,8.818604719145109E-6,7400.0,55.02702702702703,8.261364516840406,-2.2113022113022143,-34.031413612565444,7400.0,800912.0
7500.0,42.983740647,8.899793123558E-6,7500.0,54.773333333333326,8.181385075143993,-2.819036071536847,-34.65660976578009,7500.0,800912.0
7600.0,43.409716923,8.988053920090582E-6,7600.0,54.64473684210527,8.348843392714702,-2.680965147453079,-34.4383775351014,7600.0,800912.0
7700.0,43.834208599,9.07600711268859E-6,7700.0,54.493506493506494,8.450035153058327,-2.6362038664323255,-34.40736478711164,7700.0,800912.0
7800.0,44.245893243,9.16130673298874E-6,7800.0,54.34615384615385,8.542102677507163,-2.889338341519807,-34.37735849056604,7800.0,800912.0
7900.0,44.662076961,9.247538545707276E-6,7900.0,54.08860759493671,8.400014066091456,-3.1569965870307186,-35.134128166915055,7900.0,800912.0
8000.0,45.091895354,9.336595415462469E-6,8000.0,53.949999999999996,8.482054135696956,-3.3090297251822864,-35.09350935093508,8000.0,800912.0
8100.0,49.424283388,1.02343048819051E-5,8100.0,53.8641975308642,8.651487030917567,-3.317666574509267,-34.71521268925736,8100.0,800960.0
8200.0,49.807137341,1.0313635637870593E-5,8200.0,53.768292682926834,8.785802061241005,-3.297002724795644,-34.43262411347518,8200.0,800960.0
8300.0,50.22971724,1.0401197964394337E-5,8300.0,53.74698795180722,9.045107360553445,-3.310010764262658,-33.66991643454039,8300.0,800960.0
8400.0,50.628987805,1.0483930388881593E-5,8400.0,53.583333333333336,9.02515283027674,-3.559096945551126,-33.894230769230745,8400.0,800960.0
8500.0,51.037992645,1.0568679842025534E-5,8500.0,53.55294117647059,9.238335511454626,-3.296703296703291,-33.24333445831926,8500.0,800960.0
8600.0,51.449776563,1.0654005144933856E-5,8600.0,53.46511627906977,9.333937471681013,-3.4910783553141833,-33.00099700897307,8600.0,800960.0
8700.0,51.854344996,1.0737835334953248E-5,8700.0,53.22988505747126,9.157838713932243,-4.146403890453051,-33.76068376068378,8700.0,800960.0
8800.0,52.265076229,1.0822942512134542E-5,8800.0,53.090909090909086,9.146204821205615,-4.374209860935523,-33.895556276354206,8800.0,800960.0
8900.0,52.693317325,1.0911677889201869E-5,8900.0,52.96629213483146,9.151872151196198,-4.441117764471062,-33.95199999999999,8900.0,800960.0
9000.0,53.113151697,1.099867131802787E-5,9000.0,52.97777777777778,9.381602238337248,-4.416481618554148,-33.12362378106323,9000.0,800960.0
9100.0,57.774766361,1.1964599480496012E-5,9100.0,52.879120879120876,9.413554165962482,-4.610880702610391,-33.043748060812916,9100.0,800960.0
9200.0,58.188610442,1.2050351667564525E-5,9200.0,52.80434782608696,9.477710701401367,-4.777992277992273,-32.82349342306512,9200.0,800960.0
9300.0,58.581554298,1.2131773141482221E-5,9300.0,52.68817204301075,9.465982041873962,-5.011933174224343,-32.89036544850497,9300.0,800960.0
9400.0,58.960530879,1.2210300471364456E-5,9400.0,52.54255319148936,9.400653869853462,-5.162659123055172,-33.1641791044776,9400.0,800960.0
9500.0,59.285116913,1.2277557594482268E-5,9500.0,52.452631578947376,9.420297503076583,-5.217796412764962,-33.087802003535636,9500.0,800960.0
9600.0,59.702403511,1.2364023101797036E-5,9600.0,52.208333333333336,9.189274780956397,-5.738649458400541,-34.03447268477942,9600.0,800960.0
9700.0,60.11814382,1.2450168204230649E-5,9700.0,52.01030927835052,9.030707160410657,-6.351382225268441,-34.69328703703704,9700.0,800960.0
9800.0,60.541125809,1.2537813847390976E-5,9800.0,51.969387755102034,9.1137285190191,-6.300813008130096,-34.332191780821944,9800.0,800960.0
9900.0,60.95847175,1.262429165110497E-5,9900.0,51.7979797979798,8.990244579037403,-6.780040277467002,-34.84035038146368,9900.0,800960.0
10000.0,61.379608751,1.2711554996285504E-5,10000.0,51.76,9.06678087356209,-6.749280814339474,-34.485642598271546,10000.0,800960.0
