learning evaluation instances,evaluation time (cpu seconds),model cost (RAM-Hours),classified instances,classifications correct (percent),Kappa Statistic (percent),Kappa Temporal Statistic (percent),Kappa M Statistic (percent),model training instances,model serialized size (bytes)
100.0,0.421088032,8.66100415509277E-8,100.0,35.0,0.0,-35.41666666666667,-91.17647058823532,100.0,795056.0
200.0,0.798309839,1.641976096967401E-7,200.0,27.500000000000004,0.0,-93.33333333333333,-168.51851851851848,200.0,795056.0
300.0,1.080416144,2.222216734104024E-7,300.0,30.0,0.0,-74.99999999999999,-135.9550561797753,300.0,795056.0
400.0,1.390218947,2.859423959229431E-7,400.0,29.75,0.0,-86.0927152317881,-138.13559322033896,400.0,795056.0
500.0,1.63267456,3.3581104361746046E-7,500.0,28.999999999999996,0.0,-87.83068783068784,-146.52777777777774,500.0,795056.0
600.0,1.877030455,3.8607054427019835E-7,600.0,29.833333333333336,0.0,-80.68669527896996,-136.5168539325843,600.0,795056.0
700.0,2.144091492,4.4100007385417814E-7,700.0,29.714285714285715,0.0,-76.97841726618705,-137.68115942028987,700.0,795056.0
800.0,2.454679992,5.04882399748067E-7,800.0,29.625,0.0,-77.602523659306,-138.55932203389827,800.0,795056.0
900.0,2.749605087,5.655430521324152E-7,900.0,29.555555555555557,0.0,-78.59154929577463,-139.24528301886795,900.0,795056.0
1000.0,3.056427197,6.286507010713509E-7,1000.0,29.9,0.0,-75.6892230576441,-135.23489932885903,1000.0,795056.0
1100.0,4.145077191,8.542151773794864E-7,1100.0,33.81818181818182,1.3812535713581977,-66.59038901601832,-125.3869969040248,1100.0,800912.0
1200.0,4.401721087,9.073908962220657E-7,1200.0,36.5,1.571582346609245,-60.42105263157893,-118.33810888252145,1200.0,800912.0
1300.0,4.647239915,9.582615398328046E-7,1300.0,38.0,-0.5991013479780278,-55.29865125240846,-107.1979434447301,1300.0,800912.0
1400.0,4.895226019,1.0096433944130149E-6,1400.0,39.92857142857143,-1.0924926760747122,-47.8031634446397,-97.88235294117644,1400.0,800912.0
1500.0,5.131194749,1.0585352910748412E-6,1500.0,41.93333333333334,-0.43726533888063324,-44.444444444444436,-93.55555555555553,1500.0,800912.0
1600.0,5.501363612,1.135232986558568E-6,1600.0,43.4375,-0.5717587833595412,-39.445300462249605,-87.75933609958506,1600.0,800912.0
1700.0,5.801181124,1.1973541278390667E-6,1700.0,45.23529411764706,0.2970865859988762,-35.51673944687044,-84.35643564356432,1700.0,800912.0
1800.0,6.092952776,1.2578081950302338E-6,1800.0,46.5,0.5685729232633062,-32.46217331499312,-81.01503759398494,1800.0,800912.0
1900.0,6.398074921,1.3210284377402522E-6,1900.0,47.68421052631579,0.7722385039021699,-29.76501305483027,-76.86832740213525,1900.0,800912.0
2000.0,6.693704918,1.3822819405389495E-6,2000.0,48.8,0.9307095450939381,-26.732673267326728,-73.85398981324279,2000.0,800912.0
2100.0,7.532059807,1.5559722648119804E-6,2100.0,50.23809523809524,1.924417669246856,-23.962040332147083,-71.59277504105088,2100.0,800848.0
2200.0,7.793473991,1.6101320424721184E-6,2200.0,50.772727272727266,1.1374217223814556,-22.78911564625852,-67.90697674418604,2200.0,800848.0
2300.0,8.068929917,1.667200987542549E-6,2300.0,51.56521739130435,1.0332374128507604,-21.086956521739115,-65.28189910979229,2300.0,800848.0
2400.0,8.314538633,1.7180861891272954E-6,2400.0,52.29166666666667,1.0457177426324546,-19.14672216441207,-62.642045454545446,2400.0,800848.0
2500.0,8.56773526,1.7705434537362307E-6,2500.0,53.04,1.0717952486148214,-16.815920398009947,-60.38251366120222,2500.0,800848.0
2600.0,8.81894994,1.8225900986641232E-6,2600.0,53.57692307692308,0.8110346222651946,-14.1911069063387,-57.984293193717264,2600.0,800848.0
2700.0,9.073840912,1.8753983975860228E-6,2700.0,54.148148148148145,0.7066917380339073,-11.632100991884588,-55.919395465994995,2700.0,800848.0
2800.0,9.401599219,1.9433033473548666E-6,2800.0,54.67857142857143,0.6891277904980051,-10.636442894507388,-54.19198055893073,2800.0,800848.0
2900.0,9.731856707,2.0117260773191893E-6,2900.0,55.27586206896552,0.7834344500132158,-8.900083963056234,-52.76796230859833,2900.0,800848.0
3000.0,10.04491755,2.0765860072263415E-6,3000.0,55.733333333333334,0.7180497276973246,-7.183212267958019,-51.59817351598171,3000.0,800848.0
3100.0,11.518363705,2.3818362117371215E-6,3100.0,56.06451612903226,0.503350960042977,-6.074766355140184,-49.5060373216246,3100.0,800800.0
3200.0,11.779094575,2.435851182776069E-6,3200.0,56.375,0.3741766797249973,-5.27903469079939,-47.56871035940803,3200.0,800800.0
3300.0,12.042513047,2.49042293769026E-6,3300.0,56.72727272727273,0.3094966606939171,-4.692082111436954,-46.0122699386503,3300.0,800800.0
3400.0,12.277006219,2.539002309570586E-6,3400.0,57.08823529411765,0.2519138859888664,-4.21428571428571,-44.885799404170804,3400.0,800800.0
3500.0,12.53734399,2.592935843259593E-6,3500.0,57.34285714285714,0.06655217652390427,-3.46500346500348,-43.695861405197334,3500.0,800800.0
3600.0,12.781728457,2.643564370320365E-6,3600.0,57.49999999999999,-0.2283707430692701,-2.9609690444145413,-42.458100558659225,3600.0,800800.0
3700.0,13.058957224,2.700997169975688E-6,3700.0,57.567567567567565,-0.6165861999562854,-2.6814911706998035,-41.18705035971221,3700.0,800800.0
3800.0,13.331551055,2.757469761375628E-6,3800.0,58.026315789473685,-0.416643748057444,-2.112676056338043,-40.28144239226034,3800.0,800800.0
3900.0,13.605534611,2.8142302586749615E-6,3900.0,58.30769230769231,-0.44626946667203377,-1.056556867619641,-39.21232876712328,3900.0,800800.0
4000.0,13.892924869,2.8737681893493986E-6,4000.0,58.550000000000004,-0.5092143549951481,-0.302480338777973,-38.28190158465389,4000.0,800800.0
4100.0,15.436184243,3.193532529205755E-6,4100.0,58.58536585365853,-0.8277030696704294,0.17636684303350983,-37.156704361873985,4100.0,800928.0
4200.0,15.715638674,3.2514356679484256E-6,4200.0,58.857142857142854,-0.8063003937746103,0.9174311926605259,-36.277602523659326,4200.0,800928.0
4300.0,16.054511331,3.321650301526264E-6,4300.0,59.16279069767442,-0.680528262096875,1.0704225352112524,-35.49382716049383,4300.0,800928.0
4400.0,16.384223699,3.3899669173020874E-6,4400.0,59.31818181818181,-0.7789253813694033,1.7023613399231001,-34.58646616541356,4400.0,800928.0
4500.0,16.720238334,3.459589366874099E-6,4500.0,59.51111111111111,-0.8140125944355054,2.4625267665952943,-33.77386196769457,4500.0,800928.0
4600.0,17.008918867,3.519404159914926E-6,4600.0,59.73913043478261,-0.7992760701817971,3.289817232375968,-33.14162473040977,4600.0,800928.0
4700.0,17.311737322,3.582148339532912E-6,4700.0,59.808510638297875,-0.9577356393099251,3.720693170234461,-32.282913165266116,4700.0,800928.0
4800.0,17.683281849,3.659132605693862E-6,4800.0,59.916666666666664,-0.95718677167007,4.373757455268384,-31.33105802047784,4800.0,800928.0
4900.0,18.009482207,3.726721530727521E-6,4900.0,60.10204081632653,-0.9528847896740399,5.097087378640784,-30.681818181818187,4900.0,800928.0
5000.0,18.304437481,3.787836454159543E-6,5000.0,60.260000000000005,-0.9791573327435478,5.200381679389323,-30.1244269810085,5000.0,800928.0
5100.0,20.418409715,4.225774115914405E-6,5100.0,60.31372549019608,-1.105139589620312,5.508870214752579,-29.41176470588236,5100.0,800784.0
5200.0,20.748323628,4.2941202016935125E-6,5200.0,60.40384615384615,-1.179361179361198,6.110351117191062,-28.767979987492186,5200.0,800784.0
5300.0,21.057424308,4.358154547494687E-6,5300.0,60.39622641509435,-1.349049160852771,6.586559857587909,-28.065893837705914,5300.0,800784.0
5400.0,21.412759562,4.431767004542612E-6,5400.0,60.46296296296296,-1.4279621293379234,6.727828746177365,-27.462686567164162,5400.0,800784.0
5500.0,21.724848502,4.496420408426039E-6,5500.0,60.56363636363636,-1.4630686167443845,7.029575653664817,-26.91632533645406,5500.0,800784.0
5600.0,22.085344747,4.571102033883334E-6,5600.0,60.82142857142857,-1.3308833050309867,7.504215851602028,-26.528258362168412,5600.0,800784.0
5700.0,22.396877969,4.635640313340053E-6,5700.0,60.78947368421053,-1.305412020669037,7.797029702970286,-25.84459459459459,5700.0,800784.0
5800.0,22.716415242,4.70183673916366E-6,5800.0,60.70689655172414,-1.471553235909435,8.067769261799128,-25.426527242707742,5800.0,800784.0
5900.0,23.021714446,4.765083558296376E-6,5900.0,60.66101694915255,-1.6285624804259355,8.441814595660771,-24.85207100591716,5900.0,800784.0
6000.0,23.332185243,4.8294017421847595E-6,6000.0,60.766666666666666,-1.6300966694772157,8.795040681906249,-24.418604651162777,6000.0,800784.0
6100.0,25.736894161,5.327579355609932E-6,6100.0,60.78688524590164,-1.7085775172406188,9.187547456340164,-23.937823834196926,6100.0,800800.0
6200.0,26.177816109,5.418924067694298E-6,6200.0,60.70967741935483,-1.8714061683220033,9.104477611940288,-23.40425531914896,6200.0,800800.0
6300.0,26.462739974,5.4779510418162345E-6,6300.0,60.57142857142858,-2.0389533567511178,9.044306114976209,-22.787938704893705,6300.0,800800.0
6400.0,26.779811856,5.543638041301545E-6,6400.0,60.546875,-2.1365241727320816,9.400789379260846,-22.335271317829452,6400.0,800800.0
6500.0,27.090484249,5.6079992744401285E-6,6500.0,60.52307692307692,-2.038631401273806,9.360649947015192,-21.95817490494295,6500.0,800800.0
6600.0,27.368902974,5.665678594758339E-6,6600.0,60.28787878787879,-2.265439665838064,9.558316080055215,-21.56771799628942,6600.0,800800.0
6700.0,27.691206381,5.732449396370205E-6,6700.0,60.447761194029844,-2.189308816954572,9.83327662470228,-21.281464530892475,6700.0,800800.0
6800.0,28.001248924,5.796680145038311E-6,6800.0,60.411764705882355,-2.2798181294799114,10.056799198128976,-20.88010776829815,6800.0,800800.0
6900.0,28.292712999,5.857062038329345E-6,6900.0,60.34782608695652,-2.035157766317327,10.02959552778692,-20.528634361233493,6900.0,800800.0
7000.0,28.591843471,5.919032160171636E-6,7000.0,60.357142857142854,-1.9722723611413184,10.194174757281537,-20.025951557093432,7000.0,800800.0
7100.0,31.243685604,6.468385798928176E-6,7100.0,60.3943661971831,-2.0311899042822326,10.274409700063813,-19.863597612958205,7100.0,800768.0
7200.0,31.539628939,6.5296931995176955E-6,7200.0,60.16666666666667,-1.869702919499159,9.924623115577885,-19.649561952440557,7200.0,800768.0
7300.0,31.859175463,6.595890219139227E-6,7300.0,60.150684931506845,-1.9369053676520036,10.132839048501689,-19.319114027891704,7300.0,800768.0
7400.0,32.179688213,6.6622874014183895E-6,7400.0,60.013513513513516,-1.5830865269705234,10.03344481605351,-19.170358437374148,7400.0,800768.0
7500.0,32.500181844,6.72868062301977E-6,7500.0,59.70666666666666,-1.3595551896405413,9.330933093309326,-19.920634920634942,7500.0,800768.0
7600.0,32.804133101,6.79164693875919E-6,7600.0,59.526315789473685,-1.4956119263769385,9.26253687315634,-19.87529228371007,7600.0,800768.0
7700.0,33.096773403,6.852270085495547E-6,7700.0,59.324675324675326,-0.9326277932105622,9.05923344947735,-20.00000000000002,7700.0,800768.0
7800.0,33.604338262,6.957416843187778E-6,7800.0,59.38461538461538,-0.6213338043850212,9.25236321970782,-19.63746223564958,7800.0,800768.0
7900.0,33.918131129,7.022421939515771E-6,7900.0,59.45569620253165,-0.6274416481971187,9.723788049605414,-19.3812896011927,7900.0,800768.0
8000.0,34.213773792,7.083667053117985E-6,8000.0,59.4,-0.7526436518118216,9.702529886016128,-19.06158357771263,8000.0,800768.0
8100.0,37.220468608,7.706569045102961E-6,8100.0,59.32098765432099,-0.8946639974632454,9.67653508771931,-18.738738738738746,8100.0,800816.0
8200.0,37.520133429,7.768651107085244E-6,8200.0,59.20731707317073,-0.6169588785543548,9.643435980551038,-18.617021276595764,8200.0,800816.0
8300.0,37.845599774,7.8360785139327E-6,8300.0,59.16867469879518,-0.29960766884952705,9.578441835645675,-18.001392757660163,8300.0,800816.0
8400.0,38.168604985,7.902996043534555E-6,8400.0,59.023809523809526,0.00587248652905438,9.301712779973636,-18.20054945054945,8400.0,800816.0
8500.0,38.489827361,7.969544220228703E-6,8500.0,58.89411764705882,-0.19604674488517107,9.293873312564891,-17.881241565452097,8500.0,800816.0
8600.0,38.812376241,8.03636721097434E-6,8600.0,58.73255813953489,0.18842984503755705,8.929946112394155,-17.946161515453632,8600.0,800816.0
8700.0,39.11413823,8.09888374675748E-6,8700.0,58.44827586206897,0.14201516496402533,8.20213306246826,-18.797239566217545,8700.0,800816.0
8800.0,39.444687853,8.167364264807032E-6,8800.0,58.23863636363637,0.34883454356808047,7.779171894604778,-19.202075900097306,8800.0,800816.0
8900.0,39.769474702,8.234650899332105E-6,8900.0,58.06741573033708,0.6650502222466425,7.578008915304611,-19.385796545105567,8900.0,800816.0
9000.0,40.091236736,8.301310877876378E-6,9000.0,58.01111111111111,1.3549446954245903,7.4455057555718875,-18.873859704309528,9000.0,800816.0
9100.0,43.473572066,9.00197894238335E-6,9100.0,57.86813186813187,1.7002015898976868,7.167070217917683,-18.92059553349875,9100.0,800752.0
9200.0,43.788349017,9.067186597890581E-6,9200.0,57.7391304347826,2.0625469465706683,6.851940584571146,-18.89908256880735,9200.0,800752.0
9300.0,44.092679537,9.130230221781889E-6,9300.0,57.56989247311828,2.260933355911421,6.492890995260655,-19.142512077294704,9300.0,800752.0
9400.0,44.439798609,9.20213771308663E-6,9400.0,57.361702127659576,2.308443757266527,6.201731804352914,-19.641791044776102,9400.0,800752.0
9500.0,44.772142576,9.270984465814859E-6,9500.0,57.22105263157895,2.556700375230409,5.991209808003709,-19.74071891573364,9500.0,800752.0
9600.0,45.101123635,9.339134574949362E-6,9600.0,56.9375,2.327830725593576,5.400457665903881,-20.735981308411215,9600.0,800752.0
9700.0,45.415512982,9.40426193630537E-6,9700.0,56.69072164948453,2.2064217567858804,4.696007259528124,-21.52155047729246,9700.0,800752.0
9800.0,45.737421263,9.470946883299386E-6,9800.0,56.60204081632653,2.5630677103852086,4.598474652310447,-21.340941512125543,9800.0,800752.0
9900.0,46.071532961,9.54015983054634E-6,9900.0,56.37373737373738,2.4713525379331567,4.00088908646366,-22.040124328906455,9900.0,800752.0
10000.0,46.397623461,9.607711145598568E-6,10000.0,56.28999999999999,2.802853500084586,3.9129479006374868,-21.85670476721495,10000.0,800752.0
