learning evaluation instances,evaluation time (cpu seconds),model cost (RAM-Hours),classified instances,classifications correct (percent),Kappa Statistic (percent),Kappa Temporal Statistic (percent),Kappa M Statistic (percent),model training instances,model serialized size (bytes)
100.0,0.61098808,1.2566897887024616E-7,100.0,35.0,0.0,-35.41666666666667,-91.17647058823532,100.0,795056.0
200.0,1.150351958,2.366061804401295E-7,200.0,27.500000000000004,0.0,-93.33333333333333,-168.51851851851848,200.0,795056.0
300.0,1.52785047,3.142506617008398E-7,300.0,30.0,0.0,-74.99999999999999,-135.9550561797753,300.0,795056.0
400.0,1.881835827,3.8705892065936075E-7,400.0,29.75,0.0,-86.0927152317881,-138.13559322033896,400.0,795056.0
500.0,2.253890127,4.6358362792580077E-7,500.0,28.999999999999996,0.0,-87.83068783068784,-146.52777777777774,500.0,795056.0
600.0,2.624759699,5.398646584939998E-7,600.0,29.833333333333336,0.0,-80.68669527896996,-136.5168539325843,600.0,795056.0
700.0,2.997930006,6.166189078164845E-7,700.0,29.714285714285715,0.0,-76.97841726618705,-137.68115942028987,700.0,795056.0
800.0,3.47725476,7.152071689531207E-7,800.0,29.625,0.0,-77.602523659306,-138.55932203389827,800.0,795056.0
900.0,3.903429989,8.028635530976743E-7,900.0,29.555555555555557,0.0,-78.59154929577463,-139.24528301886795,900.0,795056.0
1000.0,4.275648305,8.794219954301706E-7,1000.0,29.9,0.0,-75.6892230576441,-135.23489932885903,1000.0,795056.0
1100.0,5.731769464,1.199345419156365E-6,1100.0,29.454545454545457,0.0,-77.57437070938217,-140.2476780185759,1100.0,849280.0
1200.0,6.06739525,1.2730855402199552E-6,1200.0,29.166666666666668,0.0,-78.94736842105262,-143.5530085959885,1200.0,849280.0
1300.0,6.386152459,1.3431194773071135E-6,1300.0,30.0,0.0,-75.33718689788053,-133.93316195372756,1300.0,849280.0
1400.0,6.696346492,1.4112720046180611E-6,1400.0,30.428571428571427,0.0,-71.1775043936731,-129.17647058823528,1400.0,849280.0
1500.0,7.062851658,1.491796613985445E-6,1500.0,30.06666666666667,0.0,-73.96351575456052,-133.11111111111106,1500.0,849280.0
1600.0,7.613354374,1.6127472042469308E-6,1600.0,30.1875,0.0,-72.11093990755008,-131.7427385892116,1600.0,849280.0
1700.0,7.98905526,1.6952921992174247E-6,1700.0,29.764705882352942,0.0,-73.79912663755455,-136.43564356435638,1700.0,849280.0
1800.0,8.374645484,1.7800099741463655E-6,1800.0,29.61111111111111,0.0,-74.27785419532327,-138.1578947368421,1800.0,849280.0
1900.0,8.765240707,1.8658273941192157E-6,1900.0,29.578947368421055,0.0,-74.67362924281981,-138.50267379679138,1900.0,849280.0
2000.0,9.161378736,1.9528626203588107E-6,2000.0,29.45,0.0,-74.84510532837672,-139.9659863945578,2000.0,849280.0
2100.0,10.157775876,2.1717803817343174E-6,2100.0,28.952380952380953,0.0,-77.40784780023785,-145.79901153212523,2100.0,849280.0
2200.0,10.579775229,2.2644975824889002E-6,2200.0,29.272727272727273,0.0,-76.61748013620883,-141.99066874027997,2200.0,849280.0
2300.0,10.955357893,2.3470166029814008E-6,2300.0,29.304347826086957,0.0,-76.7391304347826,-141.6047548291233,2300.0,849280.0
2400.0,11.340726188,2.4316856180354742E-6,2400.0,29.375,0.0,-76.37877211238295,-140.76704545454547,2400.0,849280.0
2500.0,11.687946751,2.5079732199403763E-6,2500.0,29.360000000000003,0.0,-75.8964143426295,-140.9276944065484,2500.0,849280.0
2600.0,12.057219712,2.5891059397298218E-6,2600.0,29.46153846153846,0.0,-73.67424242424241,-139.7385620915033,2600.0,849280.0
2700.0,12.440914223,2.673407208800295E-6,2700.0,29.40740740740741,0.0,-72.17705510388436,-140.3530895334174,2700.0,849280.0
2800.0,12.833104075,2.7595749836636704E-6,2800.0,29.32142857142857,0.0,-73.44434706397898,-141.34146341463418,2800.0,849280.0
2900.0,13.235488573,2.8479826175057016E-6,2900.0,29.24137931034483,0.0,-72.87278854254421,-142.2668240850059,2900.0,849280.0
3000.0,13.57477044,2.9225260137251472E-6,3000.0,29.2,0.0,-71.98380566801622,-142.74285714285716,3000.0,849280.0
3100.0,15.71812627,3.3934413157649957E-6,3100.0,29.419354838709676,0.0,-71.33907595927954,-140.17563117453352,3100.0,849280.0
3200.0,15.983564742,3.451760628156012E-6,3200.0,29.531249999999996,0.0,-70.70401211203632,-138.87711864406776,3200.0,849280.0
3300.0,16.349521266,3.532164695749825E-6,3300.0,29.757575757575754,0.0,-69.69253294289898,-136.28950050968402,3300.0,849280.0
3400.0,16.754433958,3.6211277974355345E-6,3400.0,29.470588235294116,0.0,-72.14644651830584,-139.56043956043956,3400.0,849280.0
3500.0,17.172520479,3.7129853124406396E-6,3500.0,29.714285714285715,0.0,-70.59639389736475,-136.76612127045237,3500.0,849280.0
3600.0,17.551340937,3.7962157065268814E-6,3600.0,29.916666666666668,0.0,-70.47297297297297,-134.47955390334573,3600.0,849280.0
3700.0,17.887990929,3.870180855218218E-6,3700.0,29.81081081081081,0.0,-71.64573694646396,-135.6624319419238,3700.0,849280.0
3800.0,18.301416725,3.961014365393897E-6,3800.0,29.68421052631579,0.0,-71.83279742765272,-137.08961845607809,3800.0,849280.0
3900.0,18.702147761,4.049058718185604E-6,3900.0,29.641025641025642,0.0,-71.82216656230432,-137.57575757575762,3900.0,849280.0
4000.0,19.080376825,4.132159177484426E-6,4000.0,29.925,0.0,-70.3951367781155,-134.36454849498324,4000.0,849280.0
4100.0,21.403196528,4.642504369221608E-6,4100.0,29.926829268292682,0.0,-70.50445103857565,-134.33931484502443,4100.0,849280.0
4200.0,21.818833142,4.7338236167684E-6,4200.0,29.928571428571427,0.0,-71.20418848167542,-134.31528662420388,4200.0,849280.0
4300.0,22.198457408,4.817230614982526E-6,4300.0,30.023255813953487,0.0,-70.67498581962562,-133.25581395348834,4300.0,849280.0
4400.0,22.588406756,4.90290613018322E-6,4400.0,29.954545454545457,0.0,-70.37037037037037,-134.0167046317388,4400.0,849280.0
4500.0,22.976467953,4.988166800967501E-6,4500.0,30.0,0.0,-69.90291262135922,-133.50630096367678,4500.0,849280.0
4600.0,23.418031659,5.0851824728733765E-6,4600.0,29.84782608695652,0.0,-70.29023746701847,-135.2040816326531,4600.0,849280.0
4700.0,23.7493613,5.157978690739949E-6,4700.0,29.744680851063833,0.0,-70.82255561303671,-136.36363636363632,4700.0,849280.0
4800.0,24.123577578,5.240197503461586E-6,4800.0,29.770833333333336,0.0,-70.33855482566955,-136.06442577030813,4800.0,849280.0
4900.0,24.486261412,5.319882530484411E-6,4900.0,29.591836734693878,0.0,-71.81274900398405,-138.0952380952381,4900.0,849280.0
5000.0,24.862916807,5.402637240000546E-6,5000.0,29.599999999999998,0.0,-70.790878214459,-137.99864773495608,5000.0,849280.0
5100.0,27.856219454,6.060293799111724E-6,5100.0,29.843137254901958,0.0,-69.33270231897777,-135.23997370151218,5100.0,849280.0
5200.0,28.235237599,6.1435676268789305E-6,5200.0,29.96153846153846,0.0,-68.68920796665124,-133.91136801541427,5200.0,849280.0
5300.0,28.666591431,6.238340094072269E-6,5300.0,30.245283018867923,0.0,-66.98283649503162,-130.77403245942574,5300.0,849280.0
5400.0,29.113738789,6.336582546492729E-6,5400.0,30.5,0.0,-65.5491839435377,-128.0072904009721,5400.0,849280.0
5500.0,29.537363,6.429656743731578E-6,5500.0,30.636363636363633,0.0,-65.15151515151514,-126.54394299287408,5500.0,849280.0
5600.0,29.958242556,6.522127914622572E-6,5600.0,30.892857142857146,0.0,-64.61080391322841,-123.82880277617122,5600.0,849280.0
5700.0,30.388172964,6.616587642263519E-6,5700.0,30.982456140350877,0.0,-63.848396501457714,-122.88951841359777,5700.0,849280.0
5800.0,30.847183015,6.717436439173732E-6,5800.0,31.120689655172413,0.0,-63.06122448979592,-121.45232815964526,5800.0,849280.0
5900.0,31.270419839,6.810425523869177E-6,5900.0,31.35593220338983,0.0,-61.93522590963614,-119.03731746890212,5900.0,849280.0
6000.0,31.682668989,6.901000513924804E-6,6000.0,31.55,0.0,-60.995687965503706,-117.07188160676532,6000.0,849280.0
6100.0,34.849542845,7.596792289395114E-6,6100.0,31.639344262295083,0.0,-60.569888332691576,-116.17418351477447,6100.0,849280.0
6200.0,35.286300347,7.692751993375996E-6,6200.0,31.758064516129032,0.0,-59.53996983408749,-114.98983739837401,6200.0,849280.0
6300.0,35.717211451,7.787427189091159E-6,6300.0,32.03174603174603,0.0,-58.76900259547646,-112.29548834903318,6300.0,849280.0
6400.0,36.1378519,7.879845825940185E-6,6400.0,32.234375,0.0,-57.42286751361163,-110.32977691561594,6400.0,849280.0
6500.0,36.586060797,7.978321508397308E-6,6500.0,32.353846153846156,0.0,-57.20414730067931,-109.18173168411036,6500.0,849280.0
6600.0,37.125996669,8.09695046430195E-6,6600.0,32.59090909090909,0.0,-55.50506815798671,-106.9302325581395,6600.0,849280.0
6700.0,37.558922158,8.192068239222779E-6,6700.0,32.626865671641795,0.0,-55.1735991749742,-106.59038901601834,6700.0,849280.0
6800.0,37.994977653,8.287873705706644E-6,6800.0,32.76470588235294,0.0,-54.40729483282676,-105.29860799281545,6800.0,849280.0
6900.0,38.381079435,8.372703874707865E-6,6900.0,32.869565217391305,0.0,-54.09181636726548,-104.32289369210407,6900.0,849280.0
7000.0,38.787707688,8.462043901174413E-6,7000.0,33.02857142857143,0.0,-53.35296041871115,-102.85590653396794,7000.0,849280.0
7100.0,42.385358196,9.252481331999249E-6,7100.0,33.028169014084504,0.0,-53.23880116016757,-102.85836177474404,7100.0,849280.0
7200.0,42.812503179,9.346329075742411E-6,7200.0,33.263888888888886,0.0,-52.39454487789409,-100.71010860484544,7200.0,849280.0
7300.0,43.242497807,9.44080291311739E-6,7300.0,33.42465753424658,0.0,-51.6380655226209,-99.2619926199262,7300.0,849280.0
7400.0,43.667366266,9.534150483267322E-6,7400.0,33.56756756756757,0.0,-50.982800982801,-97.98630688683046,7400.0,849280.0
7500.0,44.109222836,9.631230500130337E-6,7500.0,33.6,0.0,-50.954834798423775,-97.69749900754267,7500.0,849280.0
7600.0,44.546298131,9.727260026202581E-6,7600.0,33.75,0.0,-49.98510574918082,-96.37285491419658,7600.0,849280.0
7700.0,44.923977175,9.810239640968357E-6,7700.0,33.87012987012987,0.0,-49.150556531927336,-95.32029152282318,7700.0,849280.0
7800.0,45.326754719,9.898733630688966E-6,7800.0,33.98717948717949,0.0,-48.7720312048541,-94.30188679245283,7800.0,849280.0
7900.0,45.763662016,9.99472624603094E-6,7900.0,33.98734177215189,0.0,-48.32195676905576,-94.29955290611029,7900.0,849280.0
8000.0,46.201001732,1.009081386786747E-5,8000.0,34.1,0.0,-47.840717891194615,-93.3259992665933,8000.0,849280.0
8100.0,50.497702155,1.1037115570306361E-5,8100.0,34.25925925925926,0.0,-47.221454243848505,-91.96106705118959,8100.0,851328.0
8200.0,50.933129585,1.113301374279517E-5,8200.0,34.40243902439024,0.0,-46.566757493188035,-90.74468085106385,8200.0,851328.0
8300.0,51.366656272,1.1228493297237634E-5,8300.0,34.6144578313253,0.0,-46.04413347685683,-88.96239554317546,8300.0,851328.0
8400.0,51.79300645,1.132239230334866E-5,8400.0,34.67857142857143,0.0,-45.737051792828694,-88.42719780219778,8400.0,851328.0
8500.0,52.220181566,1.1416472993113876E-5,8500.0,34.87058823529412,0.0,-44.84563055991627,-86.83766452919338,8500.0,851328.0
8600.0,52.637247059,1.1508327147976936E-5,8600.0,35.0,0.0,-44.55650374967674,-85.77600531738119,8600.0,851328.0
8700.0,53.050247026,1.1599285914798856E-5,8700.0,34.97701149425288,0.0,-44.79140005119018,-85.9631821170283,8700.0,851328.0
8800.0,53.480226929,1.1693984328503788E-5,8800.0,35.04545454545455,0.0,-44.52591656131478,-85.4038274408044,8800.0,851328.0
8900.0,53.914177443,1.1789557226249755E-5,8900.0,35.12359550561798,0.0,-44.061876247505,-84.76799999999999,8900.0,851328.0
9000.0,54.349374875,1.188540474417168E-5,9000.0,35.333333333333336,0.0,-43.597335307179854,-83.07643913180246,9000.0,851328.0
9100.0,58.945280815,1.2897603219073594E-5,9100.0,35.42857142857142,0.0,-43.35203708221517,-82.31461371393114,9100.0,851328.0
9200.0,59.375612958,1.2992379209821105E-5,9200.0,35.54347826086956,0.0,-43.0984555984556,-81.40104007341692,9200.0,851328.0
9300.0,59.811941299,1.3088475798193992E-5,9300.0,35.612903225806456,0.0,-42.91169451073984,-80.85170643310175,9300.0,851328.0
9400.0,60.249428521,1.3184827617547692E-5,9400.0,35.648936170212764,0.0,-42.59783121169261,-80.56716417910447,9400.0,851328.0
9500.0,60.685915794,1.3280959208971144E-5,9500.0,35.73684210526316,0.0,-42.2082459818309,-79.87625220978197,9500.0,851328.0
9600.0,61.126879815,1.3378076755624593E-5,9600.0,35.66666666666667,0.0,-42.3369439963125,-80.42652643879636,9600.0,851328.0
9700.0,61.568053932,1.3475240573645115E-5,9700.0,35.63917525773196,0.0,-42.63193968471556,-80.64236111111113,9700.0,851328.0
9800.0,61.997691316,1.3569863551252365E-5,9800.0,35.76530612244898,0.0,-42.16350496838302,-79.65182648401829,9800.0,851328.0
9900.0,62.427410358,1.3664504513149141E-5,9900.0,35.75757575757576,0.0,-42.31371671514881,-79.71178298954504,9900.0,851328.0
10000.0,62.860987653,1.375999521345514E-5,10000.0,35.88,0.0,-41.88979862801506,-78.75662113186506,10000.0,851328.0
