learning evaluation instances,evaluation time (cpu seconds),model cost (RAM-Hours),classified instances,classifications correct (percent),Kappa Statistic (percent),Kappa Temporal Statistic (percent),Kappa M Statistic (percent),model training instances,model serialized size (bytes)
100.0,0.587508795,1.2083972300235183E-7,100.0,35.0,0.0,-35.41666666666667,-91.17647058823532,100.0,795056.0
200.0,1.105363179,2.273528183818236E-7,200.0,27.500000000000004,0.0,-93.33333333333333,-168.51851851851848,200.0,795056.0
300.0,1.52577527,3.138238313362416E-7,300.0,30.0,0.0,-74.99999999999999,-135.9550561797753,300.0,795056.0
400.0,1.894806991,3.8972684985143025E-7,400.0,29.75,0.0,-86.0927152317881,-138.13559322033896,400.0,795056.0
500.0,2.25045461,4.6287700544426006E-7,500.0,28.999999999999996,0.0,-87.83068783068784,-146.52777777777774,500.0,795056.0
600.0,2.615607948,5.379823121100167E-7,600.0,29.833333333333336,0.0,-80.68669527896996,-136.5168539325843,600.0,795056.0
700.0,2.978731746,6.12670179831013E-7,700.0,29.714285714285715,0.0,-76.97841726618705,-137.68115942028987,700.0,795056.0
800.0,3.378673253,6.949307712201566E-7,800.0,29.625,0.0,-77.602523659306,-138.55932203389827,800.0,795056.0
900.0,3.766380359,7.746749719773273E-7,900.0,29.555555555555557,0.0,-78.59154929577463,-139.24528301886795,900.0,795056.0
1000.0,4.126928611,8.488330973900067E-7,1000.0,29.9,0.0,-75.6892230576441,-135.23489932885903,1000.0,795056.0
1100.0,5.598960691,1.1722522991216886E-6,1100.0,29.454545454545457,0.0,-77.57437070938217,-140.2476780185759,1100.0,849280.0
1200.0,5.948343866,1.2490150470890974E-6,1200.0,29.166666666666668,0.0,-78.94736842105262,-143.5530085959885,1200.0,849280.0
1300.0,6.366236576,1.3408299800066524E-6,1300.0,30.0,0.0,-75.33718689788053,-133.93316195372756,1300.0,849280.0
1400.0,6.744541221,1.423947045157357E-6,1400.0,30.428571428571427,0.0,-71.1775043936731,-129.17647058823528,1400.0,849280.0
1500.0,7.143413078,1.5115829189517471E-6,1500.0,30.06666666666667,0.0,-73.96351575456052,-133.11111111111106,1500.0,849280.0
1600.0,7.614744562,1.6151388498158958E-6,1600.0,30.1875,0.0,-72.11093990755008,-131.7427385892116,1600.0,849280.0
1700.0,7.955440517,1.6899929343813034E-6,1700.0,29.764705882352942,0.0,-73.79912663755455,-136.43564356435638,1700.0,849280.0
1800.0,8.296432812,1.7649121276135285E-6,1800.0,29.61111111111111,0.0,-74.27785419532327,-138.1578947368421,1800.0,849280.0
1900.0,8.670287421,1.8470514782766541E-6,1900.0,29.578947368421055,0.0,-74.67362924281981,-138.50267379679138,1900.0,849280.0
2000.0,9.102892467,1.942098848876361E-6,2000.0,29.45,0.0,-74.84510532837672,-139.9659863945578,2000.0,849280.0
2100.0,10.410459424,2.2293835264247366E-6,2100.0,28.952380952380953,0.0,-77.40784780023785,-145.79901153212523,2100.0,849280.0
2200.0,10.683500565,2.2893732162296813E-6,2200.0,29.272727272727273,0.0,-76.61748013620883,-141.99066874027997,2200.0,849280.0
2300.0,11.03406512,2.366395524421173E-6,2300.0,29.304347826086957,0.0,-76.7391304347826,-141.6047548291233,2300.0,849280.0
2400.0,11.405474359,2.4479976044472765E-6,2400.0,29.375,0.0,-76.37877211238295,-140.76704545454547,2400.0,849280.0
2500.0,11.796665601,2.533945975363259E-6,2500.0,29.360000000000003,0.0,-75.8964143426295,-140.9276944065484,2500.0,849280.0
2600.0,12.178073298,2.617744810031359E-6,2600.0,29.46153846153846,0.0,-73.67424242424241,-139.7385620915033,2600.0,849280.0
2700.0,12.522424394,2.6934019632258393E-6,2700.0,29.40740740740741,0.0,-72.17705510388436,-140.3530895334174,2700.0,849280.0
2800.0,12.874579993,2.77077383864986E-6,2800.0,29.32142857142857,0.0,-73.44434706397898,-141.34146341463418,2800.0,849280.0
2900.0,13.19151038,2.8404064058749255E-6,2900.0,29.24137931034483,0.0,-72.87278854254421,-142.2668240850059,2900.0,849280.0
3000.0,13.57082688,2.9237457850232765E-6,3000.0,29.2,0.0,-71.98380566801622,-142.74285714285716,3000.0,849280.0
3100.0,15.533183428,3.3548938536625812E-6,3100.0,29.419354838709676,0.0,-71.33907595927954,-140.17563117453352,3100.0,849280.0
3200.0,15.813240918,3.4164251008992436E-6,3200.0,29.531249999999996,0.0,-70.70401211203632,-138.87711864406776,3200.0,849280.0
3300.0,16.169102284,3.4946111679575554E-6,3300.0,29.757575757575754,0.0,-69.69253294289898,-136.28950050968402,3300.0,849280.0
3400.0,16.610290968,3.5915444440260574E-6,3400.0,29.470588235294116,0.0,-72.14644651830584,-139.56043956043956,3400.0,849280.0
3500.0,17.00936731,3.6792252450855286E-6,3500.0,29.714285714285715,0.0,-70.59639389736475,-136.76612127045237,3500.0,849280.0
3600.0,17.377299366,3.7600633555178886E-6,3600.0,29.916666666666668,0.0,-70.47297297297297,-134.47955390334573,3600.0,849280.0
3700.0,17.750255421,3.842005285471682E-6,3700.0,29.81081081081081,0.0,-71.64573694646396,-135.6624319419238,3700.0,849280.0
3800.0,18.12186241,3.923650813020439E-6,3800.0,29.68421052631579,0.0,-71.83279742765272,-137.08961845607809,3800.0,849280.0
3900.0,18.553026922,4.018381684840889E-6,3900.0,29.641025641025642,0.0,-71.82216656230432,-137.57575757575762,3900.0,849280.0
4000.0,18.933817359,4.102044901719694E-6,4000.0,29.925,0.0,-70.3951367781155,-134.36454849498324,4000.0,849280.0
4100.0,21.170897179,4.5935522400614335E-6,4100.0,29.926829268292682,0.0,-70.50445103857565,-134.33931484502443,4100.0,849280.0
4200.0,21.553261017,4.677561147840822E-6,4200.0,29.928571428571427,0.0,-71.20418848167542,-134.31528662420388,4200.0,849280.0
4300.0,21.926644793,4.759597052094676E-6,4300.0,30.023255813953487,0.0,-70.67498581962562,-133.25581395348834,4300.0,849280.0
4400.0,22.34844816,4.852271192893887E-6,4400.0,29.954545454545457,0.0,-70.37037037037037,-134.0167046317388,4400.0,849280.0
4500.0,22.729119536,4.93590825095856E-6,4500.0,30.0,0.0,-69.90291262135922,-133.50630096367678,4500.0,849280.0
4600.0,23.109873525,5.019563459871217E-6,4600.0,29.84782608695652,0.0,-70.29023746701847,-135.2040816326531,4600.0,849280.0
4700.0,23.474172611,5.099603372850357E-6,4700.0,29.744680851063833,0.0,-70.82255561303671,-136.36363636363632,4700.0,849280.0
4800.0,23.824263428,5.176521596376934E-6,4800.0,29.770833333333336,0.0,-70.33855482566955,-136.06442577030813,4800.0,849280.0
4900.0,24.226654267,5.264930623395912E-6,4900.0,29.591836734693878,0.0,-71.81274900398405,-138.0952380952381,4900.0,849280.0
5000.0,24.582131999,5.343032402479985E-6,5000.0,29.599999999999998,0.0,-70.790878214459,-137.99864773495608,5000.0,849280.0
5100.0,27.174942185,5.912697025956053E-6,5100.0,29.843137254901958,0.0,-69.33270231897777,-135.23997370151218,5100.0,849280.0
5200.0,27.560184465,5.99733835433722E-6,5200.0,29.96153846153846,0.0,-68.68920796665124,-133.91136801541427,5200.0,849280.0
5300.0,27.945627936,6.082023886260891E-6,5300.0,30.245283018867923,0.0,-66.98283649503162,-130.77403245942574,5300.0,849280.0
5400.0,28.374335071,6.176214849394233E-6,5400.0,30.5,0.0,-65.5491839435377,-128.0072904009721,5400.0,849280.0
5500.0,28.785616341,6.26657718717059E-6,5500.0,30.636363636363633,0.0,-65.15151515151514,-126.54394299287408,5500.0,849280.0
5600.0,29.203075538,6.358296873231568E-6,5600.0,30.892857142857146,0.0,-64.61080391322841,-123.82880277617122,5600.0,849280.0
5700.0,29.560286554,6.436779471005173E-6,5700.0,30.982456140350877,0.0,-63.848396501457714,-122.88951841359777,5700.0,849280.0
5800.0,29.952535387,6.522960204545331E-6,5800.0,31.120689655172413,0.0,-63.06122448979592,-121.45232815964526,5800.0,849280.0
5900.0,30.372975582,6.615334843719507E-6,5900.0,31.35593220338983,0.0,-61.93522590963614,-119.03731746890212,5900.0,849280.0
6000.0,30.785285885,6.70592326966061E-6,6000.0,31.55,0.0,-60.995687965503706,-117.07188160676532,6000.0,849280.0
6100.0,33.575955735,7.319059509995585E-6,6100.0,31.639344262295083,0.0,-60.569888332691576,-116.17418351477447,6100.0,849280.0
6200.0,33.980977026,7.408046471896277E-6,6200.0,31.758064516129032,0.0,-59.53996983408749,-114.98983739837401,6200.0,849280.0
6300.0,34.380970507,7.495928776963226E-6,6300.0,32.03174603174603,0.0,-58.76900259547646,-112.29548834903318,6300.0,849280.0
6400.0,34.804855711,7.589060316802733E-6,6400.0,32.234375,0.0,-57.42286751361163,-110.32977691561594,6400.0,849280.0
6500.0,35.191716677,7.674057285622099E-6,6500.0,32.353846153846156,0.0,-57.20414730067931,-109.18173168411036,6500.0,849280.0
6600.0,35.62776551,7.769861288402318E-6,6600.0,32.59090909090909,0.0,-55.50506815798671,-106.9302325581395,6600.0,849280.0
6700.0,35.976765369,7.84653981826306E-6,6700.0,32.626865671641795,0.0,-55.1735991749742,-106.59038901601834,6700.0,849280.0
6800.0,36.330191933,7.92419093657269E-6,6800.0,32.76470588235294,0.0,-54.40729483282676,-105.29860799281545,6800.0,849280.0
6900.0,36.703398177,8.006187835387395E-6,6900.0,32.869565217391305,0.0,-54.09181636726548,-104.32289369210407,6900.0,849280.0
7000.0,37.022532124,8.076304545333161E-6,7000.0,33.02857142857143,0.0,-53.35296041871115,-102.85590653396794,7000.0,849280.0
7100.0,40.352637068,8.807959715967218E-6,7100.0,33.028169014084504,0.0,-53.23880116016757,-102.85836177474404,7100.0,849280.0
7200.0,40.689206294,8.881907119613727E-6,7200.0,33.263888888888886,0.0,-52.39454487789409,-100.71010860484544,7200.0,849280.0
7300.0,41.030047384,8.956793091694686E-6,7300.0,33.42465753424658,0.0,-51.6380655226209,-99.2619926199262,7300.0,849280.0
7400.0,41.408959901,9.04004371200337E-6,7400.0,33.56756756756757,0.0,-50.982800982801,-97.98630688683046,7400.0,849280.0
7500.0,41.800719794,9.126117020857175E-6,7500.0,33.6,0.0,-50.954834798423775,-97.69749900754267,7500.0,849280.0
7600.0,42.203099043,9.214523501444863E-6,7600.0,33.75,0.0,-49.98510574918082,-96.37285491419658,7600.0,849280.0
7700.0,42.538485788,9.288211102967302E-6,7700.0,33.87012987012987,0.0,-49.150556531927336,-95.32029152282318,7700.0,849280.0
7800.0,42.884985157,9.364340251812015E-6,7800.0,33.98717948717949,0.0,-48.7720312048541,-94.30188679245283,7800.0,849280.0
7900.0,43.236553359,9.441583070626862E-6,7900.0,33.98734177215189,0.0,-48.32195676905576,-94.29955290611029,7900.0,849280.0
8000.0,43.577482845,9.516488464134939E-6,8000.0,34.1,0.0,-47.840717891194615,-93.3259992665933,8000.0,849280.0
8100.0,47.899950249,1.0468465064888008E-5,8100.0,34.25925925925926,0.0,-47.221454243848505,-91.96106705118959,8100.0,851328.0
8200.0,48.224114757,1.0539858784624346E-5,8200.0,34.40243902439024,0.0,-46.566757493188035,-90.74468085106385,8200.0,851328.0
8300.0,48.614529295,1.0625843355479845E-5,8300.0,34.6144578313253,0.0,-46.04413347685683,-88.96239554317546,8300.0,851328.0
8400.0,48.958232005,1.0701540152460345E-5,8400.0,34.67857142857143,0.0,-45.737051792828694,-88.42719780219778,8400.0,851328.0
8500.0,49.304112618,1.0777716608973452E-5,8500.0,34.87058823529412,0.0,-44.84563055991627,-86.83766452919338,8500.0,851328.0
8600.0,49.683304628,1.0861229539661714E-5,8600.0,35.0,0.0,-44.55650374967674,-85.77600531738119,8600.0,851328.0
8700.0,50.07971619,1.0948534890060136E-5,8700.0,34.97701149425288,0.0,-44.79140005119018,-85.9631821170283,8700.0,851328.0
8800.0,50.419046826,1.1023268785124728E-5,8800.0,35.04545454545455,0.0,-44.52591656131478,-85.4038274408044,8800.0,851328.0
8900.0,50.861091291,1.1120624287859806E-5,8900.0,35.12359550561798,0.0,-44.061876247505,-84.76799999999999,8900.0,851328.0
9000.0,51.286983002,1.1214422321582742E-5,9000.0,35.333333333333336,0.0,-43.597335307179854,-83.07643913180246,9000.0,851328.0
9100.0,55.947856265,1.2240929145288476E-5,9100.0,35.42857142857142,0.0,-43.35203708221517,-82.31461371393114,9100.0,851328.0
9200.0,56.3746001,1.2334914850087473E-5,9200.0,35.54347826086956,0.0,-43.0984555984556,-81.40104007341692,9200.0,851328.0
9300.0,56.800483865,1.2428711133790025E-5,9300.0,35.612903225806456,0.0,-42.91169451073984,-80.85170643310175,9300.0,851328.0
9400.0,57.226322565,1.2522497492414722E-5,9400.0,35.648936170212764,0.0,-42.59783121169261,-80.56716417910447,9400.0,851328.0
9500.0,57.652559828,1.2616371630220721E-5,9500.0,35.73684210526316,0.0,-42.2082459818309,-79.87625220978197,9500.0,851328.0
9600.0,58.018284524,1.2696918530953238E-5,9600.0,35.66666666666667,0.0,-42.3369439963125,-80.42652643879636,9600.0,851328.0
9700.0,58.348404947,1.2769623976420769E-5,9700.0,35.63917525773196,0.0,-42.63193968471556,-80.64236111111113,9700.0,851328.0
9800.0,58.782117404,1.2865144444692442E-5,9800.0,35.76530612244898,0.0,-42.16350496838302,-79.65182648401829,9800.0,851328.0
9900.0,59.211376087,1.2959684017508635E-5,9900.0,35.75757575757576,0.0,-42.31371671514881,-79.71178298954504,9900.0,851328.0
10000.0,59.582780655,1.3041481848493227E-5,10000.0,35.88,0.0,-41.88979862801506,-78.75662113186506,10000.0,851328.0
