learning evaluation instances,evaluation time (cpu seconds),model cost (RAM-Hours),classified instances,classifications correct (percent),Kappa Statistic (percent),Kappa Temporal Statistic (percent),Kappa M Statistic (percent),model training instances,model serialized size (bytes)
100.0,0.591725111,1.2170694143698034E-7,100.0,35.0,0.0,-35.41666666666667,-91.17647058823532,100.0,795056.0
200.0,1.062144728,2.1846358014083572E-7,200.0,27.500000000000004,0.0,-93.33333333333333,-168.51851851851848,200.0,795056.0
300.0,1.445072472,2.972247542861104E-7,300.0,30.0,0.0,-74.99999999999999,-135.9550561797753,300.0,795056.0
400.0,1.814525253,3.7321437707718465E-7,400.0,29.75,0.0,-86.0927152317881,-138.13559322033896,400.0,795056.0
500.0,2.163495785,4.4499117902763604E-7,500.0,28.999999999999996,0.0,-87.83068783068784,-146.52777777777774,500.0,795056.0
600.0,2.510569163,5.163777713917734E-7,600.0,29.833333333333336,0.0,-80.68669527896996,-136.5168539325843,600.0,795056.0
700.0,2.831457395,5.823785621877552E-7,700.0,29.714285714285715,0.0,-76.97841726618705,-137.68115942028987,700.0,795056.0
800.0,3.337309624,6.864230356538627E-7,800.0,29.625,0.0,-77.602523659306,-138.55932203389827,800.0,795056.0
900.0,3.722706661,7.656920978251058E-7,900.0,29.555555555555557,0.0,-78.59154929577463,-139.24528301886795,900.0,795056.0
1000.0,4.076179346,8.383949096090512E-7,1000.0,29.9,0.0,-75.6892230576441,-135.23489932885903,1000.0,795056.0
1100.0,5.556276024,1.1430501751008546E-6,1100.0,34.0,1.21227115289461,-66.13272311212816,-124.76780185758518,1100.0,795648.0
1200.0,5.944669809,1.2229950958910502E-6,1200.0,37.333333333333336,1.9130434782608647,-58.31578947368419,-115.47277936962746,1200.0,795648.0
1300.0,6.307864378,1.2977531434487221E-6,1300.0,39.07692307692307,-0.2531645569620354,-52.60115606936415,-103.59897172236508,1300.0,795648.0
1400.0,6.679780395,1.3743063676968134E-6,1400.0,40.85714285714286,-1.2932541069556065,-45.51845342706501,-94.82352941176468,1400.0,795648.0
1500.0,7.058596723,1.4522799154352065E-6,1500.0,43.13333333333333,-0.3923107100823878,-41.45936981757876,-89.55555555555551,1500.0,795648.0
1600.0,7.529689751,1.5492472106463627E-6,1600.0,44.6875,-0.6539664486778415,-36.36363636363635,-83.60995850622405,1600.0,795648.0
1700.0,7.896372849,1.6247233185473001E-6,1700.0,46.588235294117645,0.2971192352409253,-32.16885007278019,-79.80198019801978,1700.0,795648.0
1800.0,8.314150932,1.710716547695688E-6,1800.0,48.05555555555556,0.6141490492500277,-28.61072902338378,-75.75187969924811,1800.0,795648.0
1900.0,8.699071783,1.7899466181348679E-6,1900.0,49.26315789473684,0.6616769714719619,-25.848563968668394,-71.83600713012474,1900.0,795648.0
2000.0,9.072078393,1.866724324273161E-6,2000.0,50.449999999999996,0.8999999999999897,-22.800495662949217,-68.53741496598639,2000.0,795648.0
2100.0,10.361059138,2.1320466331285196E-6,2100.0,51.90476190476191,1.8419104035542435,-20.095124851367423,-66.39209225700165,2100.0,795664.0
2200.0,10.772596641,2.2167570377641834E-6,2200.0,52.45454545454545,1.1851597389213249,-18.728717366628818,-62.67496111975118,2200.0,795664.0
2300.0,11.144130051,2.2932330460680194E-6,2300.0,53.21739130434783,1.0950363679961579,-16.956521739130427,-59.88112927191677,2300.0,795664.0
2400.0,11.505237966,2.3675630825137887E-6,2400.0,53.87499999999999,0.9395973154362216,-15.192507804370466,-57.2443181818182,2400.0,795664.0
2500.0,11.873483721,2.4433623637069186E-6,2500.0,54.559999999999995,0.9417509591907897,-13.147410358565756,-54.979536152796726,2500.0,795664.0
2600.0,12.26098534,2.5231252497213795E-6,2600.0,55.07692307692308,0.7451954503856717,-10.60606060606059,-52.679738562091515,2600.0,795664.0
2700.0,12.64393521,2.601951208975146E-6,2700.0,55.7037037037037,0.8170035014435688,-8.039747064137309,-50.81967213114756,2700.0,795664.0
2800.0,13.015099336,2.6783512042866365E-6,2800.0,56.32142857142857,0.9372830363341742,-7.186678352322542,-49.14634146341467,2800.0,795664.0
2900.0,13.42682583,2.7631005106116135E-6,2900.0,56.896551724137936,1.0428041056999446,-5.307497893850034,-47.57969303423848,2900.0,795664.0
3000.0,13.829418854,2.8459697940133148E-6,3000.0,57.4,1.0835913312693592,-3.48178137651824,-46.05714285714289,3000.0,795664.0
3100.0,16.072123219,3.3075961890282366E-6,3100.0,57.612903225806456,0.7262624293234695,-2.897415818324176,-44.23710208562021,3100.0,795648.0
3200.0,16.454782295,3.386360707673841E-6,3200.0,57.90625,0.5445316105214615,-1.9682059046176987,-42.69067796610167,3200.0,795648.0
3300.0,16.812414619,3.4599738521637653E-6,3300.0,58.060606060606055,0.20539264956515912,-1.317715959004401,-41.08053007135579,3300.0,795648.0
3400.0,17.221590235,3.5441963950409626E-6,3400.0,58.705882352941174,0.6079786791038361,-0.7896625987078384,-40.259740259740255,3400.0,795648.0
3500.0,17.581580459,3.6182948771856363E-6,3500.0,58.8,0.2569169960474124,0.0,-38.787295476419665,3500.0,795648.0
3600.0,17.925605993,3.6891072720478113E-6,3600.0,58.916666666666664,-0.02254283137960678,0.06756756756755113,-37.45353159851304,3600.0,795648.0
3700.0,18.272689808,3.760549167282396E-6,3700.0,59.32432432432433,0.11838352675288143,0.5287508261731876,-36.56987295825772,3700.0,795648.0
3800.0,18.640338039,3.836223933051242E-6,3800.0,59.73684210526316,0.2812843029637772,1.6077170418006346,-35.758651286601605,3800.0,795648.0
3900.0,18.958269395,3.901665240440184E-6,3900.0,60.05128205128205,0.3313430877238981,2.442078897933628,-34.891774891774915,3900.0,795648.0
4000.0,19.309892057,3.9740413879154265E-6,4000.0,60.02499999999999,-0.031279324366576336,2.796352583586615,-33.69565217391305,4000.0,795648.0
4100.0,21.669530638,4.459756437061087E-6,4100.0,60.26829268292683,-0.03295040963349138,3.3234421364985187,-32.8711256117455,4100.0,795680.0
4200.0,22.019188702,4.531731096700684E-6,4200.0,60.5,-0.0344560254974499,3.4904013961605465,-32.08598726114652,4200.0,795680.0
4300.0,22.374528645,4.604875331274318E-6,4300.0,60.627906976744185,-0.14581871707045693,3.9705048213272844,-31.240310077519368,4300.0,795680.0
4400.0,22.725775685,4.677177070476923E-6,4400.0,60.909090909090914,-0.0634651999153892,4.919845218352689,-30.599848139711455,4400.0,795680.0
4500.0,23.08547366,4.751218375366368E-6,4500.0,61.06666666666667,-0.11428571428569216,5.50161812297736,-29.873980726464026,4500.0,795680.0
4600.0,23.449732448,4.826198491617976E-6,4600.0,61.41304347826087,0.05875296824892189,6.3324538258575105,-29.373177842565628,4600.0,795680.0
4700.0,23.814130685,4.901207312468005E-6,4700.0,61.702127659574465,0.17227951761736696,6.880496637351278,-28.847530422333556,4700.0,795680.0
4800.0,24.219086702,4.984564667820124E-6,4800.0,61.854166666666664,0.14088987865288943,7.478524507326918,-28.221288515406172,4800.0,795680.0
4900.0,24.58389416,5.059657723942338E-6,4900.0,62.204081632653065,0.3316858868753275,7.7689243027888555,-27.812284334023463,4900.0,795680.0
5000.0,24.951777416,5.135383911506274E-6,5000.0,62.36000000000001,0.317796610169486,8.685104318292105,-27.248140635564578,5000.0,795680.0
5100.0,27.93850393,5.7501682499751915E-6,5100.0,62.274509803921575,0.05907396467784541,8.944628490298165,-26.495726495726483,5100.0,795664.0
5200.0,28.357692101,5.836453459281848E-6,5200.0,62.30769230769231,-0.06283380458686569,9.21723019916627,-25.883108542068083,5200.0,795664.0
5300.0,28.758306531,5.918915471178212E-6,5300.0,62.16981132075472,-0.3456123287283245,9.439927732610666,-25.15605493133583,5300.0,795664.0
5400.0,29.152447909,6.0000450775218605E-6,5400.0,62.05555555555555,-0.5891016200294292,9.616232906925456,-24.483596597812912,5400.0,795664.0
5500.0,29.474646389,6.066366040775107E-6,5500.0,62.05454545454545,-0.7106821671419346,9.653679653679655,-23.93111638954869,5500.0,795664.0
5600.0,29.803844754,6.134127852277736E-6,5600.0,61.92857142857143,-0.9401420358471204,9.315185027647818,-23.308270676691727,5600.0,795664.0
5700.0,30.186737042,6.212941958919082E-6,5700.0,61.96491228070175,-1.0086478887054238,9.704289879217,-22.832861189801708,5700.0,795664.0
5800.0,30.562347316,6.2902571442033075E-6,5800.0,61.94827586206897,-1.1185717671221846,9.918367346938787,-22.33924611973392,5800.0,795664.0
5900.0,30.883778534,6.35642017513202E-6,5900.0,61.83050847457628,-1.309950438429261,9.956017592962828,-21.79556517036235,5900.0,795664.0
6000.0,31.190102387,6.419473523485512E-6,6000.0,61.61666666666667,-1.3167214384070984,9.721677773422186,-21.723044397463003,6000.0,795664.0
6100.0,34.486418591,7.09796980227694E-6,6100.0,61.21311475409836,-0.9292489643153674,8.89487870619946,-22.654224987039893,6100.0,795648.0
6200.0,34.893499988,7.181761282200665E-6,6200.0,60.854838709677416,-0.4128247398024282,8.484162895927593,-23.32317073170734,6200.0,795648.0
6300.0,35.306286761,7.266727126519532E-6,6300.0,60.66666666666667,0.6907891556178789,8.120133481646276,-22.85572632622705,6300.0,795648.0
6400.0,35.698967759,7.347554504539818E-6,6400.0,60.421875,1.4544992994730201,8.058076225045369,-22.84190106692532,6400.0,795648.0
6500.0,36.091478716,7.4283468822207555E-6,6500.0,60.107692307692304,1.86455311209512,7.293528780836602,-23.358705994291157,6500.0,795648.0
6600.0,36.607299534,7.534520708964517E-6,6600.0,59.92424242424242,2.6800694669296434,7.549807759524639,-23.023255813953472,6600.0,795648.0
6700.0,36.986118251,7.6124947484420245E-6,6700.0,59.55223880597015,2.742430975354636,6.840838776211763,-24.027459954233432,6700.0,795648.0
6800.0,37.397080359,7.697085013375928E-6,6800.0,59.29411764705882,3.1532013613215186,6.518068220195867,-24.292770543331844,6800.0,795648.0
6900.0,37.805608187,7.78117421900019E-6,6900.0,59.014492753623195,3.4334254202703876,5.921490352628083,-24.746360829289777,6900.0,795648.0
7000.0,38.239037903,7.870389097435325E-6,7000.0,58.8,3.8782378959332777,5.659142950605163,-24.79446127217654,7000.0,795648.0
7100.0,41.905128717,8.625012999318283E-6,7100.0,58.436619718309856,3.7922709085048223,4.89848533677087,-25.895904436860086,7100.0,795664.0
7200.0,42.311940149,8.708750594953969E-6,7200.0,58.31944444444444,4.449912176277169,4.820805581985405,-25.355054302422715,7200.0,795664.0
7300.0,42.70467656,8.7895910045119E-6,7300.0,58.136986301369866,4.849320303543171,4.64898595943838,-25.297252972529723,7300.0,795664.0
7400.0,43.04487936,8.859617956214006E-6,7400.0,57.945945945945944,5.178581545892821,4.422604422604403,-25.332259363673003,7400.0,795664.0
7500.0,43.453466644,8.943721091175746E-6,7500.0,57.653333333333336,5.170931188014747,3.728402546226123,-26.081778483525213,7500.0,795664.0
7600.0,43.86087601,9.027581764855877E-6,7600.0,57.48684210526316,5.501447749407749,3.7533512064343104,-26.014040561622476,7600.0,795664.0
7700.0,44.276419955,9.113116850888729E-6,7700.0,57.298701298701296,5.735180403926537,3.6906854130052706,-26.121979286536284,7700.0,795664.0
7800.0,44.657478857,9.191553575471863E-6,7800.0,57.11538461538461,5.95175340449534,3.351632476162942,-26.22641509433963,7800.0,795664.0
7900.0,45.029633998,9.26815756016716E-6,7900.0,56.82278481012658,5.843740631335319,2.986348122866885,-27.086438152011933,7900.0,795664.0
8000.0,45.429207854,9.350405381512357E-6,8000.0,56.65,6.0392792660009516,2.748177229388667,-27.17271727172716,8000.0,795664.0
8100.0,49.663871341,1.0222081154346967E-5,8100.0,56.53086419753086,6.27144378278187,2.6541332596073937,-26.928622927180957,8100.0,795680.0
8200.0,50.072796335,1.0306255495772348E-5,8200.0,56.39024390243902,6.45295093737504,2.561307901907335,-26.8085106382979,8200.0,795680.0
8300.0,50.45147969,1.038420480795325E-5,8300.0,56.34939759036145,6.856010206318139,2.5026910656620127,-26.149025069637855,8300.0,795680.0
8400.0,50.861497613,1.0468604121146438E-5,8400.0,56.20238095238095,6.946308312574836,2.2841965471447367,-26.339285714285722,8400.0,795680.0
8500.0,51.261775501,1.0550998516460761E-5,8500.0,56.16470588235294,7.272314606699464,2.511773940345361,-25.75092811339859,8500.0,795680.0
8600.0,51.669143797,1.0634852422523006E-5,8600.0,56.05813953488372,7.44777252577699,2.2756658908714895,-25.58989697573944,8600.0,795680.0
8700.0,52.045981242,1.071242176707938E-5,8700.0,55.781609195402304,7.137470471408666,1.5357051446122376,-26.46285338593031,8700.0,795680.0
8800.0,52.451190727,1.0795831297041231E-5,8800.0,55.68181818181818,7.213511443018046,1.3906447534766069,-26.500162179695113,8800.0,795680.0
8900.0,52.853673931,1.0878679641183967E-5,8900.0,55.606741573033716,7.393195850832571,1.4221556886227624,-26.431999999999977,8900.0,795680.0
9000.0,53.220998232,1.0954290771782195E-5,9000.0,55.611111111111114,7.765122364168081,1.4310387367382251,-25.668449197860966,9000.0,795680.0
9100.0,57.568738234,1.1849242552003144E-5,9100.0,55.560439560439555,7.9610983803130075,1.3417906806538131,-25.473161650636072,9100.0,795680.0
9200.0,57.935784967,1.1924796547175698E-5,9200.0,55.44565217391304,8.053700766129742,1.0859073359073235,-25.39002753135515,9200.0,795680.0
9300.0,58.321275871,1.2004147145563616E-5,9300.0,55.344086021505376,8.112412857281923,0.883054892601442,-25.43038356991843,9300.0,795680.0
9400.0,58.715274257,1.2085248949441648E-5,9400.0,55.180851063829785,8.025132455031423,0.6836397925506681,-25.761194029850742,9400.0,795680.0
9500.0,59.093604414,1.2163125558291917E-5,9500.0,55.06315789473685,8.027404343329884,0.559049615653395,-25.78078962875662,9500.0,795680.0
9600.0,59.47652857,1.224194780960965E-5,9600.0,54.885416666666664,7.895091282606742,0.18437427978797383,-26.526438796377448,9600.0,795680.0
9700.0,59.870402831,1.2323024063227163E-5,9700.0,54.74226804123712,7.819566808463292,-0.29700708247657126,-27.025462962962955,9700.0,795680.0
9800.0,60.281055027,1.2407553937068005E-5,9800.0,54.68367346938775,7.922914017691082,-0.29358626919604114,-26.740867579908706,9800.0,795680.0
9900.0,60.691187455,1.2491976820312195E-5,9900.0,54.55555555555556,7.8973978488486765,-0.6712911165808949,-27.12630686634641,9900.0,795680.0
10000.0,61.094190368,1.2574932142906845E-5,10000.0,54.459999999999994,7.931999877080931,-0.7745076344324096,-26.95846110956231,10000.0,795680.0
