learning evaluation instances,evaluation time (cpu seconds),model cost (RAM-Hours),classified instances,classifications correct (percent),Kappa Statistic (percent),Kappa Temporal Statistic (percent),Kappa M Statistic (percent),model training instances,model serialized size (bytes)
100.0,0.609352951,1.2533266299359087E-7,100.0,33.0,0.0,-42.55319148936171,-179.16666666666669,100.0,795056.0
200.0,1.082978695,2.2274874288690172E-7,200.0,41.5,0.0,-17.000000000000004,-58.10810810810811,200.0,795056.0
300.0,1.480257383,3.0446164152130895E-7,300.0,38.666666666666664,0.0,-26.027397260273965,-71.96261682242991,300.0,795056.0
400.0,1.773659814,3.6480911000517505E-7,400.0,38.0,0.0,-31.914893617021285,-73.4265734265734,400.0,795056.0
500.0,2.045335625,4.2068781348514474E-7,500.0,37.4,0.0,-28.80658436213992,-75.84269662921349,500.0,795056.0
600.0,2.341555016,4.8161467868444E-7,600.0,36.333333333333336,0.0,-32.63888888888889,-82.77511961722486,600.0,795056.0
700.0,2.657949955,5.466912819855123E-7,700.0,35.85714285714286,0.0,-34.029850746268664,-85.5371900826446,700.0,795056.0
800.0,2.994233269,6.158585571989377E-7,800.0,36.875,0.0,-32.89473684210527,-76.57342657342654,800.0,795056.0
900.0,3.351229999,6.892862000411957E-7,900.0,36.333333333333336,0.0,-36.10451306413302,-80.18867924528298,900.0,795056.0
1000.0,3.722770419,7.657052116697407E-7,1000.0,37.3,0.0,-32.27848101265823,-72.25274725274727,1000.0,795056.0
1100.0,4.962612375,1.0381100737179691E-6,1100.0,37.27272727272727,0.0,-31.931166347992345,-72.06982543640899,1100.0,849280.0
1200.0,5.298471576,1.1119014782379442E-6,1200.0,36.833333333333336,0.0,-33.21616871704746,-75.05773672055427,1200.0,849280.0
1300.0,5.611635234,1.1807064599077277E-6,1300.0,37.38461538461538,0.0,-31.502423263327955,-70.64989517819707,1300.0,849280.0
1400.0,5.933709547,1.2514691957366505E-6,1400.0,37.142857142857146,0.0,-32.330827067669176,-72.21135029354208,1400.0,849280.0
1500.0,6.261558274,1.32350062427392E-6,1500.0,37.13333333333333,0.0,-31.88811188811188,-72.08029197080293,1500.0,849280.0
1600.0,6.618191188,1.4018562076366979E-6,1600.0,37.625,0.0,-30.287206266318538,-68.29679595278247,1600.0,849280.0
1700.0,6.927299692,1.469770234083835E-6,1700.0,37.29411764705882,0.0,-32.09417596034696,-70.55999999999999,1700.0,849280.0
1800.0,7.282001947,1.5477016336254317E-6,1800.0,37.44444444444445,0.0,-30.02309468822169,-69.32330827067668,1800.0,849280.0
1900.0,7.65423727,1.6294852120247522E-6,1900.0,37.57894736842105,0.0,-28.913043478260885,-68.22695035460991,1900.0,849280.0
2000.0,8.021774451,1.7102365647301448E-6,2000.0,37.5,0.0,-30.072840790842864,-68.69095816464235,2000.0,849280.0
2100.0,8.817927904,1.8851589171188115E-6,2100.0,37.523809523809526,0.0,-30.158730158730158,-68.42105263157896,2100.0,849280.0
2200.0,9.091003211,1.945156113513182E-6,2200.0,38.31818181818182,0.0,-27.179006560449864,-62.70983213429254,2200.0,849280.0
2300.0,9.316539206,1.994708478883277E-6,2300.0,38.173913043478265,0.0,-27.877697841726608,-63.636363636363626,2300.0,849280.0
2400.0,9.595571997,2.0560145901754867E-6,2400.0,38.416666666666664,0.0,-27.744165946413148,-61.883899233296844,2400.0,849280.0
2500.0,9.815500946,2.1043350351506178E-6,2500.0,38.76,0.0,-26.11202635914332,-59.47916666666666,2500.0,849280.0
2600.0,10.048062757,2.1554310379407842E-6,2600.0,38.80769230769231,0.0,-27.076677316293914,-59.10000000000001,2600.0,849280.0
2700.0,10.279398377,2.2062576351114815E-6,2700.0,38.88888888888889,0.0,-26.436781609195414,-58.501440922190206,2700.0,849280.0
2800.0,10.601910745,2.277116615716819E-6,2800.0,39.285714285714285,0.0,-25.832716506291625,-55.82034830430796,2800.0,849280.0
2900.0,10.918471982,2.3466680772377757E-6,2900.0,39.310344827586206,0.0,-25.714285714285722,-55.614500442086644,2900.0,849280.0
3000.0,11.236595027,2.4165626825688985E-6,3000.0,39.7,0.0,-24.329896907216494,-53.04568527918781,3000.0,849280.0
3100.0,12.154195593,2.61816810041024E-6,3100.0,39.87096774193548,0.0,-24.101198402130503,-51.915240423797904,3100.0,849280.0
3200.0,12.486652103,2.691211901924879E-6,3200.0,39.875,0.0,-24.129032258064516,-51.854775059194935,3200.0,849280.0
3300.0,12.799870269,2.7600288595115516E-6,3300.0,40.15151515151515,0.0,-23.360399750156166,-50.07598784194529,3300.0,849280.0
3400.0,13.181758344,2.843933237714606E-6,3400.0,40.1764705882353,0.0,-23.04900181488202,-49.88946204863667,3400.0,849280.0
3500.0,13.581354675,2.9317282852158323E-6,3500.0,40.37142857142857,0.0,-22.118197776477466,-48.64672364672366,3500.0,849280.0
3600.0,13.968850192,3.0168646708187503E-6,3600.0,40.666666666666664,0.0,-21.501706484641648,-46.8041237113402,3600.0,849280.0
3700.0,14.30323079,3.090331212444475E-6,3700.0,40.72972972972973,0.0,-21.563192904656315,-46.39519359145528,3700.0,849280.0
3800.0,14.63804682,3.163893422549007E-6,3800.0,40.81578947368421,0.0,-20.58981233243967,-45.84954604409859,3800.0,849280.0
3900.0,14.979676201,3.238952589527969E-6,3900.0,41.05128205128205,0.0,-19.801980198019812,-44.40954773869346,3900.0,849280.0
4000.0,15.314811134,3.3125848656012328E-6,4000.0,41.025,0.0,-20.418580908626847,-44.54656862745097,4000.0,849280.0
4100.0,16.37301753,3.5450826980273307E-6,4100.0,41.02439024390244,0.0,-20.358387257341967,-44.53078302450687,4100.0,849280.0
4200.0,16.714842615,3.6201848630036295E-6,4200.0,41.04761904761905,0.0,-20.428015564202344,-44.373177842565596,4200.0,849280.0
4300.0,17.06078926,3.6961925732212314E-6,4300.0,41.18604651162791,0.0,-20.142517814726844,-43.530079455164596,4300.0,849280.0
4400.0,17.404122057,3.771625996611057E-6,4400.0,41.340909090909086,0.0,-19.823584029712176,-42.59668508287292,4400.0,849280.0
4500.0,17.744182829,3.846340525536608E-6,4500.0,41.31111111111111,0.0,-20.100045475216007,-42.756756756756765,4500.0,849280.0
4600.0,18.079524131,3.920018142807356E-6,4600.0,41.32608695652174,0.0,-20.276292335115862,-42.65327695560254,4600.0,849280.0
4700.0,18.42713889,3.996392353256582E-6,4700.0,41.42553191489362,0.0,-19.904181184668996,-42.053663570691455,4700.0,849280.0
4800.0,18.767417765,4.071154801449052E-6,4800.0,41.333333333333336,0.0,-20.187793427230037,-42.58227848101265,4800.0,849280.0
4900.0,19.108683407,4.146134051571162E-6,4900.0,41.55102040816326,0.0,-19.283631820074973,-41.29255056734091,4900.0,849280.0
5000.0,19.454743966,4.222166789758906E-6,5000.0,41.64,0.0,-18.859470468431773,-40.76218041485771,5000.0,849280.0
5100.0,20.728945587,4.502120791243055E-6,5100.0,41.431372549019606,0.0,-19.575660528422752,-41.96768060836501,5100.0,849280.0
5200.0,21.099598172,4.583556627315652E-6,5200.0,41.40384615384615,0.0,-19.724950884086436,-42.117537313432855,5200.0,849280.0
5300.0,21.435548514,4.657368056364892E-6,5300.0,41.16981132075472,0.0,-20.339637205712087,-43.48826507132995,5300.0,849280.0
5400.0,21.799539641,4.737340307874353E-6,5400.0,40.925925925925924,0.0,-21.43129044537494,-44.934120854157186,5400.0,849280.0
5500.0,22.113537987,4.806328678296545E-6,5500.0,40.74545454545454,0.0,-21.831775700934585,-46.01254480286737,5500.0,849280.0
5600.0,22.434484281,4.876843577811657E-6,5600.0,40.55357142857143,0.0,-22.479764532744674,-47.17064544650753,5600.0,849280.0
5700.0,22.687558886,4.932446433102461E-6,5700.0,40.29824561403509,0.0,-23.341790503805722,-48.732517482517466,5700.0,849280.0
5800.0,22.961902646,4.992722320472571E-6,5800.0,40.17241379310345,0.0,-23.795932929004625,-49.504523912106855,5800.0,849280.0
5900.0,23.236483441,5.053050286646889E-6,5900.0,40.016949152542374,0.0,-24.612676056338035,-50.46768707482991,5900.0,849280.0
6000.0,23.571431785,5.12664156737348E-6,6000.0,39.96666666666667,0.0,-24.593566240055342,-50.774382586856426,6000.0,849280.0
6100.0,25.02256421,5.445468919628235E-6,6100.0,39.885245901639344,0.0,-24.855294518215853,-51.27887788778877,6100.0,849280.0
6200.0,25.398016443,5.5279592832113695E-6,6200.0,39.66129032258065,0.0,-25.663419549882448,-52.69387755102042,6200.0,849280.0
6300.0,25.777401629,5.61131375331568E-6,6300.0,39.55555555555556,0.0,-25.967581872312273,-53.36286749899316,6300.0,849280.0
6400.0,26.163265583,5.696091669283184E-6,6400.0,39.46875,0.0,-26.47730982696701,-53.91338895510527,6400.0,849280.0
6500.0,26.548277269,5.780682334008024E-6,6500.0,39.36923076923077,0.0,-26.679524268723874,-54.54901960784312,6500.0,849280.0
6600.0,26.966722106,5.872618574386212E-6,6600.0,39.27272727272727,0.0,-27.44038155802861,-55.168408826945424,6600.0,849280.0
6700.0,27.329013129,5.952217297162154E-6,6700.0,39.08955223880597,0.0,-28.172110552763822,-56.36015325670499,6700.0,849280.0
6800.0,27.69793652,6.033273213156434E-6,6800.0,38.91176470588235,0.0,-28.646639826571697,-57.527493363670835,6800.0,849280.0
6900.0,28.069040622,6.114808251732627E-6,6900.0,38.7536231884058,0.0,-29.11701802627561,-58.57410881801125,6900.0,849280.0
7000.0,28.44457091,6.197315764728558E-6,7000.0,38.614285714285714,0.0,-29.701177180802894,-59.5025983667409,7000.0,849280.0
7100.0,30.12563232,6.566660663301785E-6,7100.0,38.45070422535211,0.0,-30.408833184124155,-60.60271958838664,7100.0,849280.0
7200.0,30.472378309,6.6428439968647614E-6,7200.0,38.34722222222222,0.0,-30.674124227259338,-61.30087209302325,7200.0,849280.0
7300.0,30.839533985,6.723511529357107E-6,7300.0,38.21917808219178,0.0,-31.371977861928347,-62.17188061848259,7300.0,849280.0
7400.0,31.202554803,6.803270594913303E-6,7400.0,38.13513513513514,0.0,-31.778929188255624,-62.744400995378626,7400.0,849280.0
7500.0,31.509366316,6.870679950976079E-6,7500.0,37.98666666666667,0.0,-32.658300057045054,-63.767605633802795,7500.0,849280.0
7600.0,31.880514275,6.952224625344944E-6,7600.0,37.82894736842105,0.0,-33.21116436425149,-64.86392184228892,7600.0,849280.0
7700.0,32.251066522,7.033638416221445E-6,7700.0,37.84415584415585,0.0,-33.166388425153045,-64.75043029259894,7700.0,849280.0
7800.0,32.536692243,7.096393055834908E-6,7800.0,37.705128205128204,0.0,-33.96746622553074,-65.72305593451571,7800.0,849280.0
7900.0,32.860818396,7.1676066000829525E-6,7900.0,37.68354430379747,0.0,-33.959183673469376,-65.86927223719675,7900.0,849280.0
8000.0,33.221823529,7.246922800811336E-6,8000.0,37.625,0.0,-34.139784946236574,-66.27790736421191,8000.0,849280.0
8100.0,34.769677702,7.58782090745996E-6,8100.0,37.641975308641975,0.0,-34.19234856535602,-66.15131578947368,8100.0,851328.0
8200.0,35.16180051,7.674181706269488E-6,8200.0,37.829268292682926,0.0,-33.31589958158997,-64.8237956676366,8200.0,851328.0
8300.0,35.558738607,7.761603020295308E-6,8300.0,37.78313253012048,0.0,-33.471181183768394,-65.1423089222897,8300.0,851328.0
8400.0,36.025504748,7.864403204246864E-6,8400.0,37.86904761904762,0.0,-33.34184977005619,-64.53341740226986,8400.0,851328.0
8500.0,36.416619753,7.950542045367763E-6,8500.0,37.96470588235294,0.0,-32.78771090405439,-63.85954008701056,8500.0,851328.0
8600.0,36.814651578,8.038204241132245E-6,8600.0,38.01162790697674,0.0,-32.97580444000999,-63.52760736196319,8600.0,851328.0
8700.0,37.205112551,8.124199038793252E-6,8700.0,38.03448275862069,0.0,-32.7178729689808,-63.36363636363637,8700.0,851328.0
8800.0,37.631247902,8.218050731585726E-6,8800.0,38.15909090909091,0.0,-32.5054784514244,-62.49626754255,8800.0,851328.0
8900.0,37.99590403,8.298362291796907E-6,8900.0,38.19101123595506,0.0,-32.26737196441452,-62.27138643067847,8900.0,851328.0
9000.0,38.330635784,8.372083332941635E-6,9000.0,38.32222222222222,0.0,-31.821420090239837,-61.36627906976743,9000.0,851328.0
9100.0,40.174882914,8.77728165890512E-6,9100.0,38.40659340659341,0.0,-31.60366283165063,-60.786001147446925,9100.0,849280.0
9200.0,40.520883177,8.853301149498294E-6,9200.0,38.42391304347826,0.0,-31.46901833372014,-60.663641520136125,9200.0,849280.0
9300.0,40.826643518,8.920479553251172E-6,9300.0,38.53763440860215,0.0,-31.130993347097945,-59.888111888111894,9300.0,849280.0
9400.0,41.223032758,9.007569972894627E-6,9400.0,38.57446808510638,0.0,-30.92970521541949,-59.63505667680396,9400.0,849280.0
9500.0,41.624806492,9.095843416179257E-6,9500.0,38.66315789473684,0.0,-30.41629364368844,-59.03384279475984,9500.0,849280.0
9600.0,42.069233133,9.193488101654123E-6,9600.0,38.77083333333333,0.0,-30.18826135105204,-58.30864530029628,9600.0,849280.0
9700.0,42.438943177,9.274716852662501E-6,9700.0,38.83505154639175,0.0,-30.081122560841916,-57.876530069185726,9700.0,849280.0
9800.0,42.837433361,9.362268869332674E-6,9800.0,38.87755102040816,0.0,-29.569543586415737,-57.59010786635095,9800.0,849280.0
9900.0,43.240812736,9.45089508694712E-6,9900.0,38.97979797979798,0.0,-29.219251336898395,-56.909090909090935,9900.0,849280.0
10000.0,43.641246971,9.538874229786002E-6,10000.0,39.0,0.0,-29.34690415606445,-56.772038036494465,10000.0,849280.0
