learning evaluation instances,evaluation time (cpu seconds),model cost (RAM-Hours),classified instances,classifications correct (percent),Kappa Statistic (percent),Kappa Temporal Statistic (percent),Kappa M Statistic (percent),model training instances,model serialized size (bytes)
100.0,0.105994017,8.338533702418208E-9,100.0,100.0,?,?,?,100.0,304096.0
200.0,0.239776954,1.961051118541716E-8,200.0,96.0,53.703703703703674,-100.0,-33.33333333333333,200.0,325688.0
300.0,0.313107629,2.5792834036902835E-8,300.0,91.66666666666666,26.122931442080354,-525.0000000000014,-316.66666666666646,300.0,325888.0
400.0,0.349086572,2.882649959784001E-8,400.0,91.5,20.671955202986478,-749.999999999999,-466.6666666666659,400.0,325928.0
500.0,0.379811187,3.1417386097521E-8,500.0,89.60000000000001,13.7244491637909,-766.6666666666657,-549.9999999999993,500.0,325960.0
600.0,0.41009519,3.3972308355157984E-8,600.0,88.66666666666667,14.572864321608103,-750.0000000000013,-579.9999999999976,600.0,326112.0
700.0,0.440172587,3.65159005519727E-8,700.0,88.28571428571429,20.07352122089791,-583.3333333333337,-272.72727272727207,700.0,326896.0
800.0,0.470466131,3.908404148697646E-8,800.0,88.5,62.344466273739364,-607.6923076923082,24.590163934426222,800.0,327696.0
900.0,0.500884572,4.166384080988251E-8,900.0,88.55555555555556,69.44708115804461,-267.8571428571432,48.75621890547264,900.0,327832.0
1000.0,0.528133926,4.3975376241476165E-8,1000.0,89.0,72.59195399434897,-71.87500000000013,57.19844357976655,1000.0,327904.0
1100.0,0.835033982,7.042416173834353E-8,1100.0,84.36363636363636,61.9660267363554,-79.16666666666666,47.076923076923066,1100.0,333128.0
1200.0,0.885781894,7.479816486546148E-8,1200.0,82.66666666666667,57.65026858824047,-77.77777777777773,42.061281337047355,1200.0,333168.0
1300.0,0.931860907,7.876975185324748E-8,1300.0,79.6923076923077,51.127958737871005,-111.19999999999999,36.992840095465404,1300.0,333168.0
1400.0,0.974905001,8.248064758790863E-8,1400.0,77.0,46.02852299175343,-122.06896551724145,32.63598326359833,1400.0,333248.0
1500.0,1.020499238,8.641148932752716E-8,1500.0,74.33333333333333,40.476190476190474,-115.08379888268168,28.037383177570085,1500.0,333256.0
1600.0,1.050031436,8.895774877521105E-8,1600.0,72.125,35.91677802204117,-100.0,24.915824915824896,1600.0,333280.0
1700.0,1.075919359,9.118996038809832E-8,1700.0,70.23529411764706,32.50146343606943,-110.83333333333323,22.511485451761118,1700.0,333304.0
1800.0,1.101724465,9.341519124292251E-8,1800.0,69.61111111111111,31.45363408521304,-92.60563380281687,21.85714285714285,1800.0,333328.0
1900.0,1.127309975,9.562159175715098E-8,1900.0,69.3157894736842,32.19087683556608,-93.04635761589407,24.08854166666666,1900.0,333344.0
2000.0,1.152781331,9.78182534805561E-8,2000.0,69.89999999999999,33.6326113031821,-80.23952095808382,25.49504950495049,2000.0,333360.0
2100.0,1.187380244,1.0080315410495423E-7,2100.0,71.0952380952381,37.781877818778206,-63.61185983827493,31.17913832199548,2100.0,333480.0
2200.0,1.213387535,1.0304684248744198E-7,2200.0,72.0,40.81553330218053,-54.77386934673368,35.49738219895287,2200.0,333480.0
2300.0,1.238854988,1.052440109356741E-7,2300.0,72.73913043478261,42.90205332467552,-54.05405405405405,38.22660098522167,2300.0,333488.0
2400.0,1.265238702,1.0752022850434812E-7,2400.0,73.45833333333334,44.690937822889445,-47.795823665893266,40.355805243445694,2400.0,333488.0
2500.0,1.293084013,1.0992260091353827E-7,2500.0,74.28,46.5787822554488,-40.08714596949891,42.48658318425761,2500.0,333496.0
2600.0,1.31832738,1.1210075012230416E-7,2600.0,74.96153846153845,48.93951296150824,-41.83006535947715,46.551724137931025,2600.0,333536.0
2700.0,1.344144563,1.1432851848222106E-7,2700.0,75.66666666666667,51.029812213312255,-43.13725490196072,50.15174506828528,2700.0,333552.0
2800.0,1.36910678,1.1648251170549333E-7,2800.0,76.21428571428571,52.56448868955076,-45.09803921568629,51.80897250361794,2800.0,333552.0
2900.0,1.395283791,1.18741492202522E-7,2900.0,76.72413793103449,53.852747476576305,-47.05882352941177,51.157742402315485,2900.0,333576.0
3000.0,1.420567585,1.2092344366038836E-7,3000.0,77.3,55.1341232772865,-48.36601307189539,50.72358900144718,3000.0,333584.0
3100.0,1.45666967,1.2403638143397658E-7,3100.0,78.03225806451613,56.60166200977207,-48.366013071895445,50.723589001447166,3100.0,333304.0
3200.0,1.485680117,1.265379558291079E-7,3200.0,78.625,57.7122578810379,-47.73218142548599,50.720461095100866,3200.0,333320.0
3300.0,1.511488549,1.287634200789241E-7,3300.0,78.87878787878788,58.16576114633928,-47.35729386892178,50.95003518648839,3300.0,333320.0
3400.0,1.537655622,1.3101980998606108E-7,3400.0,79.32352941176471,58.903280516145365,-47.37945492662479,50.73580939032936,3400.0,333320.0
3500.0,1.564498174,1.333344465300337E-7,3500.0,79.62857142857143,59.45954727255596,-46.70781893004112,51.5625,3500.0,333320.0
3600.0,1.588324259,1.3538897275543872E-7,3600.0,79.91666666666667,59.97416497508766,-46.65314401622718,52.27722772277228,3600.0,333320.0
3700.0,1.612436118,1.3746814130783698E-7,3700.0,80.2972972972973,60.694165547029144,-46.68008048289742,53.2991672005125,3700.0,333320.0
3800.0,1.637883057,1.3966248663715392E-7,3800.0,80.60526315789474,61.22406030028299,-42.27799227799233,53.50157728706625,3800.0,333328.0
3900.0,1.66304468,1.4183222854238204E-7,3900.0,81.05128205128204,62.11503799406479,-38.13084112149539,54.85644471594379,3900.0,333328.0
4000.0,1.688777442,1.4405122101550915E-7,4000.0,81.475,62.80146625475523,-38.504672897196244,54.73427000610873,4000.0,333328.0
4100.0,1.721511567,1.468727369258366E-7,4100.0,81.82926829268293,63.349248722593224,-38.73370577281195,54.76624165148755,4100.0,333184.0
4200.0,1.747093825,1.4907779809576556E-7,4200.0,82.16666666666667,63.90550305113123,-36.9287020109689,55.09592326139088,4200.0,333184.0
4300.0,1.773301306,1.5133675032409314E-7,4300.0,82.5813953488372,64.54051411685434,-36.678832116788335,55.14970059880239,4300.0,333184.0
4400.0,1.799626696,1.536059201946709E-7,4400.0,82.56818181818181,64.46079567042601,-37.455197132616476,55.09367681498829,4400.0,333192.0
4500.0,1.825525799,1.5583850620380076E-7,4500.0,82.82222222222222,64.91782591980144,-37.78966131907306,55.6002297530155,4500.0,333216.0
4600.0,1.851610155,1.5808706161758336E-7,4600.0,83.15217391304348,65.40753322041213,-37.90035587188611,55.63823697767602,4600.0,333216.0
4700.0,1.886171658,1.6106637437804076E-7,4700.0,83.38297872340425,65.85724389723929,-38.230088495575245,56.34432643935159,4700.0,333216.0
4800.0,1.914992868,1.6355097470955086E-7,4800.0,83.39583333333334,65.8125157505858,-38.128249566724385,56.08815426997247,4800.0,333232.0
4900.0,1.939921918,1.6570009380884254E-7,4900.0,83.48979591836735,65.85274669992867,-38.765008576329336,55.816493719279094,4900.0,333240.0
5000.0,1.964886693,1.6785229273988962E-7,5000.0,83.62,65.91335883352602,-38.57868020304567,55.464926590538354,5000.0,333240.0
5100.0,1.999219505,1.7081082576957007E-7,5100.0,83.84313725490196,66.19865129208277,-38.95446880269812,55.50755939524837,5100.0,333096.0
5200.0,2.024585454,1.7299666472577586E-7,5200.0,84.11538461538461,66.55987084847865,-38.358458961474085,55.495689655172406,5200.0,333096.0
5300.0,2.049579467,1.751504531484883E-7,5300.0,84.37735849056604,66.89748811948404,-37.31343283582094,55.531686358754015,5300.0,333096.0
5400.0,2.074968271,1.773382615697176E-7,5400.0,84.4074074074074,66.8164843864947,-38.259441707717585,55.307855626326976,5400.0,333096.0
5500.0,2.10116485,1.7959567771833175E-7,5500.0,84.56363636363636,66.98880185504623,-38.04878048780488,55.26870389884089,5500.0,333096.0
5600.0,2.126998861,1.8182185059437314E-7,5600.0,84.80357142857143,67.25798694606665,-37.925445705024224,55.21052631578949,5600.0,333096.0
5700.0,2.154652244,1.842048027099151E-7,5700.0,84.9298245614035,67.4044161114573,-37.00159489633174,55.33021320852834,5700.0,333096.0
5800.0,2.182475011,1.8660235101287971E-7,5800.0,85.01724137931035,67.41301689697336,-35.99374021909224,55.1830840639505,5800.0,333096.0
5900.0,2.208008932,1.8880266448139932E-7,5900.0,85.0677966101695,67.41964381301048,-36.16692426584239,55.210981189628875,5900.0,333096.0
6000.0,2.232453326,1.909090910403285E-7,6000.0,85.18333333333334,67.54670621579749,-35.312024353120194,55.25918470055361,6000.0,333096.0
6100.0,2.260775301,1.9334854349053356E-7,6100.0,85.1311475409836,67.44082418198064,-35.171385991058116,55.2540700542674,6100.0,332944.0
6200.0,2.28507401,1.9544146057018177E-7,6200.0,84.96774193548387,67.02705386178457,-35.26850507982584,54.86682808716707,6200.0,332944.0
6300.0,2.308817188,1.9748652818103006E-7,6300.0,85.01587301587301,67.07966541621207,-35.050071530758316,54.98330948974724,6300.0,332944.0
6400.0,2.333390866,1.9960312912456065E-7,6400.0,85.1875,67.3524313430865,-34.08769448373404,55.26191599811233,6400.0,332944.0
6500.0,2.359600915,2.018606753674708E-7,6500.0,85.35384615384616,67.7118907171686,-33.33333333333333,55.82366589327148,6500.0,332944.0
6600.0,2.384988539,2.040473838004697E-7,6600.0,85.22727272727273,67.40091854940927,-35.0415512465374,55.47945205479452,6600.0,332944.0
6700.0,2.408884943,2.061056492035318E-7,6700.0,85.29850746268657,67.51049933450555,-34.746922024623785,55.690508322087275,6700.0,332944.0
6800.0,2.432097822,2.0810508869118156E-7,6800.0,85.48529411764706,67.82073354305442,-33.55886332882277,55.99643334819439,6800.0,332952.0
6900.0,2.456124125,2.101745923904184E-7,6900.0,85.69565217391303,68.07523225300177,-33.19838056680168,56.03563474387527,6900.0,332952.0
7000.0,2.48089885,2.123085613591389E-7,7000.0,85.64285714285714,67.90784904217132,-34.17890520694261,55.90171127687583,7000.0,332952.0
7100.0,2.51971006,2.156510799042673E-7,7100.0,85.80281690140845,68.1175566202044,-34.04255319148933,56.02094240837696,7100.0,332904.0
7200.0,2.54719057,2.1801777020597618E-7,7200.0,85.875,68.11109727195367,-35.05976095617525,55.87852494577007,7200.0,332904.0
7300.0,2.572806505,2.2022398467164275E-7,7300.0,85.83561643835617,67.98959545230207,-36.591809775429276,55.75524176294395,7300.0,332920.0
7400.0,2.597113292,2.223174466160643E-7,7400.0,86.02702702702703,68.20108735358623,-36.591809775429326,55.75524176294395,7400.0,332920.0
7500.0,2.620781702,2.2435592729308534E-7,7500.0,86.18666666666667,68.36424069658278,-36.49538866930177,55.707567336468564,7500.0,332920.0
7600.0,2.644845683,2.2642847717204642E-7,7600.0,86.36842105263159,68.5601971041169,-36.49538866930163,55.707567336468585,7600.0,332920.0
7700.0,2.668947023,2.285042945365007E-7,7700.0,86.51948051948052,68.6958254598983,-36.75889328063248,55.622060709705,7700.0,332928.0
7800.0,2.694113196,2.3067182459542108E-7,7800.0,86.6923076923077,68.8777851487792,-36.758893280632414,55.62206070970499,7800.0,332928.0
7900.0,2.719284547,2.3283980062881066E-7,7900.0,86.8607594936709,69.05311405257024,-36.75889328063232,55.62206070970501,7900.0,332928.0
8000.0,2.743107618,2.3489165104278876E-7,8000.0,86.95,69.0671134750276,-37.54940711462439,55.36554082941431,8000.0,332928.0
8100.0,2.781320485,2.3818176884992457E-7,8100.0,87.1111111111111,69.23131780587757,-37.549407114624515,55.36554082941427,8100.0,332816.0
8200.0,2.805532835,2.4026649593242955E-7,8200.0,87.26829268292683,69.38984574424532,-37.54940711462455,55.365540829414286,8200.0,332824.0
8300.0,2.82932661,2.423151829511423E-7,8300.0,87.42168674698794,69.54298663050571,-37.54940711462449,55.36554082941427,8300.0,332824.0
8400.0,2.855979357,2.446100326247202E-7,8400.0,87.54761904761905,69.64075795276766,-37.81291172595524,55.28003420265073,8400.0,332824.0
8500.0,2.885779305,2.471758619908429E-7,8500.0,87.68235294117646,69.75927300741829,-37.94466403162055,55.23728088926889,8500.0,332824.0
8600.0,2.914695481,2.4966559699094326E-7,8600.0,87.82558139534883,69.89825944663505,-37.94466403162055,55.23728088926894,8600.0,332824.0
8700.0,2.939234194,2.5177842451742945E-7,8700.0,87.9655172413793,70.03282246339812,-37.94466403162058,55.23728088926892,8700.0,332824.0
8800.0,2.963851787,2.5389804375443807E-7,8800.0,88.10227272727272,70.20897946936441,-37.22149410222814,55.35181236673773,8800.0,332824.0
8900.0,2.987789846,2.5595915388624694E-7,8900.0,88.23595505617978,70.38131164798949,-36.86274509803926,55.465759251382366,8900.0,332824.0
9000.0,3.010967784,2.579548162265494E-7,9000.0,88.34444444444445,70.45586034812831,-37.124183006535965,55.380689068481516,9000.0,332824.0
9100.0,3.050879462,2.6139103601149793E-7,9100.0,88.45054945054946,70.52726673888296,-37.38562091503258,55.29561888558062,9100.0,332800.0
9200.0,3.078966609,2.6380921572882674E-7,9200.0,88.51086956521739,70.50008251385746,-38.16993464052285,55.0404083368779,9200.0,332800.0
9300.0,3.102961021,2.658750289788386E-7,9300.0,88.41935483870968,70.28374233128834,-38.4318766066839,54.7858942065491,9300.0,332800.0
9324.0,3.115402451,2.6694618133477443E-7,9324.0,88.42771342771343,70.28669104549446,-37.979539641943724,54.796816087138666,9324.0,332800.0
