learning evaluation instances,evaluation time (cpu seconds),model cost (RAM-Hours),classified instances,classifications correct (percent),Kappa Statistic (percent),Kappa Temporal Statistic (percent),Kappa M Statistic (percent),model training instances,model serialized size (bytes)
100.0,2.758747775,1.697728109019001E-5,100.0,100.0,?,?,?,100.0,2.3788032E7
200.0,6.315575941,4.035396988293225E-5,200.0,98.0,59.01639344262287,0.0,33.33333333333333,200.0,2.5405192E7
300.0,9.857560829,6.364593931290535E-5,300.0,98.66666666666667,59.3495934959351,0.0,33.33333333333352,300.0,2.54192E7
400.0,13.346427959,8.659473126506386E-5,400.0,99.0,59.51417004048588,0.0,33.33333333333333,400.0,2.5425984E7
500.0,16.837688787,1.0956403714505045E-4,500.0,98.8,49.46091644204845,0.0,25.0,500.0,2.5431264E7
600.0,20.273780996,1.3217600189727107E-4,600.0,98.66666666666667,42.3076923076929,0.0,20.0000000000004,600.0,2.5437584E7
700.0,23.749349844,1.5506083557459608E-4,700.0,97.28571428571429,28.800856531049252,-58.333333333333435,13.636363636363779,700.0,2.5452136E7
800.0,27.412911252,1.7922676721145685E-4,800.0,85.125,5.16039051603899,-815.3846153846164,2.459016393442571,800.0,2.5497784E7
900.0,31.108461801,2.0362037437439293E-4,900.0,78.0,2.8300343530181626,-607.1428571428576,1.4925373134328699,900.0,2.5515216E7
1000.0,34.723078459,2.274887147710563E-4,1000.0,74.6,2.0930501484022837,-296.87500000000034,1.1673151750972772,1000.0,2.55248E7
1100.0,38.702722378,2.5383532561516206E-4,1100.0,71.72727272727273,6.196874143131296,-223.95833333333331,4.307692307692299,1100.0,2.5590744E7
1200.0,42.137662318,2.765822566999352E-4,1200.0,71.91666666666666,8.58289930555555,-188.034188034188,6.128133704735369,1200.0,2.5598E7
1300.0,45.553200957,2.992049705810445E-4,1300.0,69.76923076923077,8.381094477401025,-214.4,6.2052505966587175,1300.0,2.5602824E7
1400.0,48.99357161,3.2200085943167233E-4,1400.0,68.21428571428572,9.486090205901004,-206.89655172413802,6.90376569037657,1400.0,2.56126E7
1500.0,52.433338019,3.447974217196803E-4,1500.0,66.73333333333333,9.16262135922333,-178.7709497206705,6.7289719626168285,1500.0,2.5617856E7
1600.0,55.849702355,3.674427930307377E-4,1600.0,65.1875,8.257258506174484,-149.77578475336318,6.228956228956217,1600.0,2.5622272E7
1700.0,59.371035315,3.907871044802744E-4,1700.0,63.70588235294118,7.418849165719303,-157.08333333333323,5.513016845329264,1700.0,2.5625736E7
1800.0,62.832007506,4.137412239967202E-4,1800.0,63.16666666666667,7.258315200497359,-133.45070422535207,5.285714285714285,1800.0,2.5636864E7
1900.0,66.294369741,4.367076081003014E-4,1900.0,61.78947368421053,7.136625088864494,-140.3973509933775,5.468750000000001,1900.0,2.5640264E7
2000.0,69.742770073,4.595844424419644E-4,2000.0,61.6,6.680146201104301,-129.94011976047898,4.950495049504955,2000.0,2.5643696E7
2100.0,73.429895888,4.8405033341012495E-4,2100.0,60.57142857142858,7.663484699794849,-123.18059299191376,6.122448979591857,2100.0,2.5649296E7
2200.0,76.900726108,5.070831159157649E-4,2200.0,59.54545454545455,8.13765277158742,-123.61809045226131,6.806282722513088,2200.0,2.5651656E7
2300.0,80.346096813,5.299494279238004E-4,2300.0,59.39130434782609,9.312349342913473,-129.48402948402943,7.980295566502472,2300.0,2.565444E7
2400.0,83.799150851,5.528714495089935E-4,2400.0,59.54166666666667,10.456570053209658,-125.29002320185614,9.082397003745317,2400.0,2.565972E7
2500.0,87.221480761,5.755918842387652E-4,2500.0,59.8,11.519726610922024,-118.95424836601309,10.10733452593918,2500.0,2.5662392E7
2600.0,90.818174189,5.994734628452089E-4,2600.0,58.73076923076923,12.81231990859327,-133.76906318082789,11.90476190476191,2600.0,2.5666224E7
2700.0,94.338250749,6.228503950651986E-4,2700.0,58.037037037037045,14.407401852925455,-146.84095860566438,14.03641881638847,2700.0,2.5670704E7
2800.0,97.831752921,6.460539332744474E-4,2800.0,58.14285714285714,17.121434676052303,-155.3376906318083,15.19536903039073,2800.0,2.567412E7
2900.0,101.337394689,6.693438695872033E-4,2900.0,57.62068965517242,18.16599621608715,-167.75599128540307,11.07091172214183,2900.0,2.568048E7
3000.0,104.845986485,6.926568247038571E-4,3000.0,57.06666666666666,18.873023684709995,-180.61002178649235,6.80173661360347,3000.0,2.5684248E7
3100.0,108.420763848,7.164125261747903E-4,3100.0,57.935483870967744,21.778369466783275,-184.0958605664488,5.6439942112879855,3100.0,2.5687464E7
3200.0,111.937651341,7.397848238975015E-4,3200.0,57.9375,22.74601748832724,-190.71274298056164,3.025936599423618,3200.0,2.5688888E7
3300.0,115.402117741,7.628109605505606E-4,3300.0,58.57575757575758,24.015798165100534,-189.0063424947146,3.800140745953578,3300.0,2.569136E7
3400.0,118.955621404,7.864297766679689E-4,3400.0,59.11764705882353,25.555881447662447,-191.4046121593292,2.5928521373510827,3400.0,2.5692344E7
3500.0,122.396682506,8.093020906556266E-4,3500.0,59.62857142857143,26.3139231000748,-190.74074074074062,4.008152173913055,3500.0,2.5693312E7
3600.0,125.837550344,8.321745086827719E-4,3600.0,60.27777777777777,27.313698995692175,-190.06085192697776,5.610561056105591,3600.0,2.5694872E7
3700.0,129.326872727,8.553713286101136E-4,3700.0,61.0,28.441306887358348,-190.34205231388339,7.5592568866111485,3700.0,2.5697432E7
3800.0,132.807243203,8.785097604278651E-4,3800.0,61.578947368421055,29.646673624223464,-181.8532818532819,7.886435331230294,3800.0,2.569868E7
3900.0,136.255895102,9.014381180633591E-4,3900.0,62.205128205128204,30.54476555747231,-175.5140186915889,9.957238851557713,3900.0,2.5699576E7
4000.0,139.748743402,9.246617322615291E-4,4000.0,63.05,32.400308177756074,-176.26168224299062,9.712889431887588,4000.0,2.5701144E7
4100.0,143.292123895,9.482237721990989E-4,4100.0,63.487804878048784,33.40050756111545,-178.7709497206704,9.107468123861574,4100.0,2.5703808E7
4200.0,146.804775863,9.715821632978221E-4,4200.0,64.21428571428571,34.69176449556045,-174.77148080438752,9.892086330935244,4200.0,2.570456E7
4300.0,150.374985311,9.953247402800845E-4,4300.0,64.81395348837209,35.89210473416394,-176.0948905109489,9.40119760479041,4300.0,2.570612E7
4400.0,153.822064345,0.0010182492825666562,4400.0,65.29545454545455,36.6153335270433,-173.6559139784946,10.597189695550352,4400.0,2.5707024E7
4500.0,157.262373265,0.0010411300680892653,4500.0,65.93333333333334,37.658328055731474,-173.2620320855614,11.947156806433071,4500.0,2.5708448E7
4600.0,160.750906635,0.0010643326602523756,4600.0,66.47826086956522,38.65729950634918,-174.37722419928826,11.73440183171151,4600.0,2.570964E7
4700.0,164.214937948,0.0010873731040153352,4700.0,67.14893617021276,39.683680100086136,-173.27433628318585,13.69480156512018,4700.0,2.5710552E7
4800.0,167.679463435,0.0011104390264711707,4800.0,67.70833333333334,40.56563303592186,-168.6308492201039,14.600550964187347,4800.0,2.5735312E7
4900.0,171.171078571,0.0011336869163222575,4900.0,68.24489795918367,41.447147226434524,-166.89536878216128,15.019115237575095,4900.0,2.5737096E7
5000.0,174.686788699,0.0011570961378135566,5000.0,68.67999999999999,42.11659860869889,-164.97461928934018,14.845024469820551,5000.0,2.5738088E7
5100.0,178.322004963,0.0011813029070213985,5100.0,69.29411764705883,43.10744234950178,-164.08094435075867,15.442764578833712,5100.0,2.5740024E7
5200.0,181.82537448,0.0012046328592635405,5200.0,69.84615384615384,43.9832565338211,-162.64656616415417,15.51724137931034,5200.0,2.5741288E7
5300.0,185.324786991,0.001227937300775602,5300.0,70.33962264150944,44.72336204247297,-160.69651741293535,15.574650912996777,5300.0,2.5742216E7
5400.0,188.867142727,0.0012515297474027015,5400.0,70.74074074074073,45.2561488663172,-159.44170771756987,16.135881104033967,5400.0,2.5744424E7
5500.0,192.455692519,0.0012754326956000211,5500.0,71.18181818181817,45.90451742423715,-157.72357723577238,16.49104320337197,5500.0,2.5747488E7
5600.0,196.037952529,0.0012992958463529513,5600.0,71.66071428571429,46.577862200795884,-157.21231766612632,16.47368421052633,5600.0,2.5749752E7
5700.0,199.582385717,0.001322908012154509,5700.0,72.01754385964912,47.03337989432194,-154.3859649122807,17.056682267290686,5700.0,2.575084E7
5800.0,203.178437537,0.0013468649048084473,5800.0,72.36206896551724,47.450310830727545,-150.86071987480423,17.328519855595694,5800.0,2.575176E7
5900.0,206.8181241,0.0013711139082154212,5900.0,72.79661016949153,48.11340914545342,-148.06800618238023,18.403660396542968,5900.0,2.5753264E7
6000.0,210.48459655,0.0013955444731438675,6000.0,73.15,48.6024612540404,-145.20547945205467,18.922999496728764,6000.0,2.5756536E7
6100.0,214.409347302,0.0014216977776545724,6100.0,73.40983606557377,48.9690291489574,-141.72876304023845,19.980266403552065,6100.0,2.575828E7
6200.0,218.080083767,0.0014461600821899612,6200.0,73.61290322580645,49.17979316588663,-137.44557329463004,20.77481840193702,6200.0,2.576004E7
6300.0,221.570271027,0.001469420207117404,6300.0,73.90476190476191,49.60125077187866,-135.19313304721038,21.602288984263236,6300.0,2.5761176E7
6400.0,225.086947384,0.0014928576092704874,6400.0,74.3125,50.23773946456194,-132.5318246110325,22.416234072675792,6400.0,2.5761992E7
6500.0,228.597393212,0.0015162548094283777,6500.0,74.64615384615385,50.76733013419028,-130.81232492997202,23.526682134570784,6500.0,2.5763448E7
6600.0,232.10265801,0.001539620459511254,6600.0,74.74242424242425,50.832946778816634,-130.88642659279782,23.881278538812783,6600.0,2.5766736E7
6700.0,235.624951931,0.001563100717029822,6700.0,75.08955223880596,51.39926548884108,-128.3173734610123,24.9212775528565,6700.0,2.5767936E7
6800.0,239.548389412,0.0015892572066695898,6800.0,75.45588235294117,51.96935301755293,-125.84573748308534,25.59072670530538,6800.0,2.577004E7
6900.0,243.237003789,0.0016138491870160729,6900.0,75.81159420289855,52.45116335914172,-125.23616734143057,25.657015590200444,6900.0,2.577108E7
7000.0,246.802535695,0.001637622008492548,7000.0,76.04285714285714,52.78225504130578,-123.89853137516691,26.415094339622662,7000.0,2.5772632E7
7100.0,250.379634326,0.0016614727642821918,7100.0,76.38028169014085,53.27824890924898,-123.00531914893608,26.8324607329843,7100.0,2.5773512E7
7200.0,253.905615656,0.0016849833020081645,7200.0,76.70833333333333,53.75858907476583,-122.70916334661348,27.24511930585683,7200.0,2.5774184E7
7300.0,257.414561495,0.0017083829302176675,7300.0,76.87671232876713,54.00275407128857,-122.98546895640679,27.770646127513928,7300.0,2.5777136E7
7400.0,260.979876961,0.0017321587432596174,7400.0,77.1891891891892,54.40107791482911,-122.98546895640685,27.770646127513913,7400.0,2.577744E7
7500.0,264.53418227,0.0017558617440532529,7500.0,77.46666666666667,54.74717002903821,-122.66139657444019,27.746900384779792,7500.0,2.5778104E7
7600.0,268.112473454,0.0017797251761461868,7600.0,77.76315789473685,55.1130355393345,-122.66139657443995,27.74690038477983,7600.0,2.5778616E7
7700.0,271.645197377,0.0018032856584703726,7700.0,78.02597402597402,55.4202708084074,-122.92490118577089,27.661393758016235,7700.0,2.577964E7
7800.0,275.21420675,0.0018270884463584731,7800.0,78.3076923076923,55.75720529392917,-122.92490118577068,27.66139375801625,7800.0,2.5779976E7
7900.0,278.75303872,0.0018506904921492806,7900.0,78.58227848101265,56.08074429713058,-122.92490118577071,27.66139375801624,7900.0,2.5780544E7
8000.0,282.295243951,0.0018743159887452405,8000.0,78.77499999999999,56.265115563572465,-123.7154150197628,27.40487387772552,8000.0,2.5781584E7
8100.0,285.911069838,0.0018984331875773934,8100.0,79.03703703703704,56.56531148088925,-123.71541501976276,27.404873877725542,8100.0,2.5782304E7
8200.0,289.447928434,0.0019220242021502183,8200.0,79.29268292682927,56.85424042596166,-123.71541501976286,27.404873877725542,8200.0,2.5782872E7
8300.0,292.962431251,0.001945466655413148,8300.0,79.5421686746988,57.13252502366877,-123.7154150197627,27.404873877725542,8300.0,2.578348E7
8400.0,296.571518154,0.0019695494153200337,8400.0,79.78571428571428,57.40074285277038,-123.71541501976301,27.404873877725528,8400.0,2.579356E7
8500.0,300.101638959,0.0019931059360275925,8500.0,80.0235294117647,57.65943044731977,-123.71541501976277,27.404873877725507,8500.0,2.5794312E7
8600.0,303.643643053,0.0020167421571857334,8600.0,80.25581395348837,57.909086878990564,-123.71541501976284,27.40487387772555,8600.0,2.5794752E7
8700.0,307.197341565,0.0020404569093763277,8700.0,80.48275862068965,58.15017697064802,-123.71541501976289,27.40487387772553,8700.0,2.5795288E7
8800.0,310.713084012,0.0020639191712794125,8800.0,80.70454545454545,58.42118253536066,-122.54259501965936,27.59061833688698,8800.0,2.5796168E7
8900.0,314.2252211,0.0020873582814580596,8900.0,80.92134831460675,58.68527525188334,-121.96078431372545,27.77541471714164,8900.0,2.5797168E7
9000.0,317.864721955,0.002111648740862917,9000.0,81.11111111111111,58.86525974383865,-122.2222222222223,27.690344534240758,9000.0,2.5798608E7
9100.0,321.466615729,0.002135689868512249,9100.0,81.2967032967033,59.03874961473703,-122.48366013071883,27.60527435133987,9100.0,2.5800392E7
9200.0,325.052470278,0.0021596246757825967,9200.0,81.42391304347825,59.1102816727054,-123.39869281045743,27.307528711186706,9200.0,2.5801184E7
9300.0,328.542635112,0.002182922710637287,9300.0,81.45161290322581,59.13556766829041,-121.72236503856044,27.58186397984888,9300.0,2.5803328E7
9324.0,330.110081955,0.002193385992489316,9324.0,81.4886314886315,59.188061422621544,-120.71611253196927,27.69166317553415,9324.0,2.5803432E7
