learning evaluation instances,evaluation time (cpu seconds),model cost (RAM-Hours),classified instances,classifications correct (percent),Kappa Statistic (percent),Kappa Temporal Statistic (percent),Kappa M Statistic (percent),model training instances,model serialized size (bytes)
100.0,2.730363987,1.6802607801226378E-5,100.0,100.0,?,?,?,100.0,2.3788032E7
200.0,6.313423908,4.035170064176159E-5,200.0,98.0,59.01639344262287,0.0,33.33333333333333,200.0,2.5405192E7
300.0,9.921334215,6.407719333413156E-5,300.0,98.66666666666667,59.3495934959351,0.0,33.33333333333352,300.0,2.54192E7
400.0,13.497305844,8.759893431276905E-5,400.0,99.0,59.51417004048588,0.0,33.33333333333333,400.0,2.5425984E7
500.0,16.897670086,1.0997022371958467E-4,500.0,98.8,49.46091644204845,0.0,25.0,500.0,2.5431264E7
600.0,20.342668252,1.326407960916012E-4,600.0,98.66666666666667,42.3076923076929,0.0,20.0000000000004,600.0,2.5437584E7
700.0,23.740649327,1.550147541804536E-4,700.0,97.28571428571429,28.800856531049252,-58.333333333333435,13.636363636363779,700.0,2.5452136E7
800.0,27.363369926,1.7891128779490566E-4,800.0,85.125,5.16039051603899,-815.3846153846164,2.459016393442571,800.0,2.5497784E7
900.0,30.996231359,2.0289109635089004E-4,900.0,78.0,2.8300343530181626,-607.1428571428576,1.4925373134328699,900.0,2.5515216E7
1000.0,34.568692932,2.26481074748639E-4,1000.0,74.6,2.0930501484022837,-296.87500000000034,1.1673151750972772,1000.0,2.55248E7
1100.0,38.540713636,2.527772172887774E-4,1100.0,71.72727272727273,6.196874143131296,-223.95833333333331,4.307692307692299,1100.0,2.5590744E7
1200.0,42.069856422,2.761479804298256E-4,1200.0,71.91666666666666,8.58289930555555,-188.034188034188,6.128133704735369,1200.0,2.5598E7
1300.0,45.509728233,2.98931864318409E-4,1300.0,69.76923076923077,8.381094477401025,-214.4,6.2052505966587175,1300.0,2.5602824E7
1400.0,49.010775755,3.22129797977878E-4,1400.0,68.21428571428572,9.486090205901004,-206.89655172413802,6.90376569037657,1400.0,2.56126E7
1500.0,52.445611792,3.4489368492720396E-4,1500.0,66.73333333333333,9.16262135922333,-178.7709497206705,6.7289719626168285,1500.0,2.5617856E7
1600.0,55.897855741,3.6777688425628635E-4,1600.0,65.1875,8.257258506174484,-149.77578475336318,6.228956228956217,1600.0,2.5622272E7
1700.0,59.393077706,3.9094809557400895E-4,1700.0,63.70588235294118,7.418849165719303,-157.08333333333323,5.513016845329264,1700.0,2.5625736E7
1800.0,62.826310482,4.137182396604059E-4,1800.0,63.16666666666667,7.258315200497359,-133.45070422535207,5.285714285714285,1800.0,2.5636864E7
1900.0,66.313136654,4.368468968410639E-4,1900.0,61.78947368421053,7.136625088864494,-140.3973509933775,5.468750000000001,1900.0,2.5640264E7
2000.0,69.802620823,4.599962831032354E-4,2000.0,61.6,6.680146201104301,-129.94011976047898,4.950495049504955,2000.0,2.5643696E7
2100.0,73.521310406,4.8467161517679324E-4,2100.0,60.57142857142858,7.663484699794849,-123.18059299191376,6.122448979591857,2100.0,2.5649296E7
2200.0,77.001949862,5.077694927706438E-4,2200.0,59.54545454545455,8.13765277158742,-123.61809045226131,6.806282722513088,2200.0,2.5651656E7
2300.0,80.443303163,5.306091419835284E-4,2300.0,59.39130434782609,9.312349342913473,-129.48402948402943,7.980295566502472,2300.0,2.565444E7
2400.0,83.894970553,5.535219587387254E-4,2400.0,59.54166666666667,10.456570053209658,-125.29002320185614,9.082397003745317,2400.0,2.565972E7
2500.0,87.3437954,5.764182901536819E-4,2500.0,59.8,11.519726610922024,-118.95424836601309,10.10733452593918,2500.0,2.5662392E7
2600.0,90.857723455,5.997503174011458E-4,2600.0,58.73076923076923,12.81231990859327,-133.76906318082789,11.90476190476191,2600.0,2.5666224E7
2700.0,94.41516538,6.233753941117713E-4,2700.0,58.037037037037045,14.407401852925455,-146.84095860566438,14.03641881638847,2700.0,2.5670704E7
2800.0,97.957370064,6.469024101786083E-4,2800.0,58.14285714285714,17.121434676052303,-155.3376906318083,15.19536903039073,2800.0,2.567412E7
2900.0,101.538161209,6.706916057768535E-4,2900.0,57.62068965517242,18.16599621608715,-167.75599128540307,11.07091172214183,2900.0,2.568048E7
3000.0,105.117137057,6.944722300726563E-4,3000.0,57.06666666666666,18.873023684709995,-180.61002178649235,6.80173661360347,3000.0,2.5684248E7
3100.0,108.751582512,7.186244478121446E-4,3100.0,57.935483870967744,21.778369466783275,-184.0958605664488,5.6439942112879855,3100.0,2.5687464E7
3200.0,112.36468227,7.426361466264836E-4,3200.0,57.9375,22.74601748832724,-190.71274298056164,3.025936599423618,3200.0,2.5688888E7
3300.0,115.857549456,7.658510455026343E-4,3300.0,58.57575757575758,24.015798165100534,-189.0063424947146,3.800140745953578,3300.0,2.569136E7
3400.0,119.422096372,7.895432620120729E-4,3400.0,59.11764705882353,25.555881447662447,-191.4046121593292,2.5928521373510827,3400.0,2.5692344E7
3500.0,122.886684005,8.125719539855094E-4,3500.0,59.62857142857143,26.3139231000748,-190.74074074074062,4.008152173913055,3500.0,2.5693312E7
3600.0,126.33205062,8.354742766509609E-4,3600.0,60.27777777777777,27.313698995692175,-190.06085192697776,5.610561056105591,3600.0,2.5694872E7
3700.0,129.861547838,8.589381766330566E-4,3700.0,61.0,28.441306887358348,-190.34205231388339,7.5592568866111485,3700.0,2.5697432E7
3800.0,133.360227276,8.821983313167536E-4,3800.0,61.578947368421055,29.646673624223464,-181.8532818532819,7.886435331230294,3800.0,2.569868E7
3900.0,136.833709301,9.052917720124508E-4,3900.0,62.205128205128204,30.54476555747231,-175.5140186915889,9.957238851557713,3900.0,2.5699576E7
4000.0,140.406376631,9.290460953050846E-4,4000.0,63.05,32.400308177756074,-176.26168224299062,9.712889431887588,4000.0,2.5701144E7
4100.0,144.014348334,9.530376405336166E-4,4100.0,63.487804878048784,33.40050756111545,-178.7709497206704,9.107468123861574,4100.0,2.5703808E7
4200.0,147.51681654,9.763283117734356E-4,4200.0,64.21428571428571,34.69176449556045,-174.77148080438752,9.892086330935244,4200.0,2.570456E7
4300.0,151.062663631,9.999088744131316E-4,4300.0,64.81395348837209,35.89210473416394,-176.0948905109489,9.40119760479041,4300.0,2.570612E7
4400.0,154.547505643,0.0010230845565713132,4400.0,65.29545454545455,36.6153335270433,-173.6559139784946,10.597189695550352,4400.0,2.5707024E7
4500.0,158.080782162,0.0010465836504327183,4500.0,65.93333333333334,37.658328055731474,-173.2620320855614,11.947156806433071,4500.0,2.5708448E7
4600.0,161.662528732,0.0010704062131205248,4600.0,66.47826086956522,38.65729950634918,-174.37722419928826,11.73440183171151,4600.0,2.570964E7
4700.0,165.137185829,0.0010935173325664006,4700.0,67.14893617021276,39.683680100086136,-173.27433628318585,13.69480156512018,4700.0,2.5710552E7
4800.0,168.641605649,0.001116848861263223,4800.0,67.70833333333334,40.56563303592186,-168.6308492201039,14.600550964187347,4800.0,2.5735312E7
4900.0,172.179080151,0.0011404020921808025,4900.0,68.24489795918367,41.447147226434524,-166.89536878216128,15.019115237575095,4900.0,2.5737096E7
5000.0,175.693264896,0.0011638011569677074,5000.0,68.67999999999999,42.11659860869889,-164.97461928934018,14.845024469820551,5000.0,2.5738088E7
5100.0,179.294286508,0.001187780225266169,5100.0,69.29411764705883,43.10744234950178,-164.08094435075867,15.442764578833712,5100.0,2.5740024E7
5200.0,182.844135883,0.0012114197003439981,5200.0,69.84615384615384,43.9832565338211,-162.64656616415417,15.51724137931034,5200.0,2.5741288E7
5300.0,186.40827396,0.0012351551836844925,5300.0,70.33962264150944,44.72336204247297,-160.69651741293535,15.574650912996777,5300.0,2.5742216E7
5400.0,190.093208491,0.0012596972194725586,5400.0,70.74074074074073,45.2561488663172,-159.44170771756987,16.135881104033967,5400.0,2.5744424E7
5500.0,193.650908115,0.0012833946779845387,5500.0,71.18181818181817,45.90451742423715,-157.72357723577238,16.49104320337197,5500.0,2.5747488E7
5600.0,197.259530042,0.0013074334381007623,5600.0,71.66071428571429,46.577862200795884,-157.21231766612632,16.47368421052633,5600.0,2.5749752E7
5700.0,200.820788247,0.0013311576881397554,5700.0,72.01754385964912,47.03337989432194,-154.3859649122807,17.056682267290686,5700.0,2.575084E7
5800.0,204.385718375,0.0013549072481211482,5800.0,72.36206896551724,47.450310830727545,-150.86071987480423,17.328519855595694,5800.0,2.575176E7
5900.0,207.945515399,0.0013786239964369597,5900.0,72.79661016949153,48.11340914545342,-148.06800618238023,18.403660396542968,5900.0,2.5753264E7
6000.0,211.508726938,0.0014023665097230825,6000.0,73.15,48.6024612540404,-145.20547945205467,18.922999496728764,6000.0,2.5756536E7
6100.0,215.110003063,0.0014263642810659533,6100.0,73.40983606557377,48.9690291489574,-141.72876304023845,19.980266403552065,6100.0,2.575828E7
6200.0,218.699690812,0.001450286465548623,6200.0,73.61290322580645,49.17979316588663,-137.44557329463004,20.77481840193702,6200.0,2.576004E7
6300.0,222.260855906,0.0014740196176127015,6300.0,73.90476190476191,49.60125077187866,-135.19313304721038,21.602288984263236,6300.0,2.5761176E7
6400.0,225.845324534,0.0014979088312369014,6400.0,74.3125,50.23773946456194,-132.5318246110325,22.416234072675792,6400.0,2.5761992E7
6500.0,229.43663335,0.001521844985022992,6500.0,74.64615384615385,50.76733013419028,-130.81232492997202,23.526682134570784,6500.0,2.5763448E7
6600.0,232.973812875,0.0015454233746238636,6600.0,74.74242424242425,50.832946778816634,-130.88642659279782,23.881278538812783,6600.0,2.5766736E7
6700.0,236.518047394,0.001569049892194178,6700.0,75.08955223880596,51.39926548884108,-128.3173734610123,24.9212775528565,6700.0,2.5767936E7
6800.0,240.163028871,0.0015933499914571325,6800.0,75.45588235294117,51.96935301755293,-125.84573748308534,25.59072670530538,6800.0,2.577004E7
6900.0,243.85302546,0.0016179511870066333,6900.0,75.81159420289855,52.45116335914172,-125.23616734143057,25.657015590200444,6900.0,2.577108E7
7000.0,247.547693163,0.0016425850082804002,7000.0,76.04285714285714,52.78225504130578,-123.89853137516691,26.415094339622662,7000.0,2.5772632E7
7100.0,251.22653934,0.0016671141786518534,7100.0,76.38028169014085,53.27824890924898,-123.00531914893608,26.8324607329843,7100.0,2.5773512E7
7200.0,254.910558727,0.0016916784825080167,7200.0,76.70833333333333,53.75858907476583,-122.70916334661348,27.24511930585683,7200.0,2.5774184E7
7300.0,258.49858452,0.0017156054604137898,7300.0,76.87671232876713,54.00275407128857,-122.98546895640679,27.770646127513928,7300.0,2.5777136E7
7400.0,262.103326331,0.0017396441936423507,7400.0,77.1891891891892,54.40107791482911,-122.98546895640685,27.770646127513913,7400.0,2.577744E7
7500.0,265.689162781,0.0017635574697486486,7500.0,77.46666666666667,54.74717002903821,-122.66139657444019,27.746900384779792,7500.0,2.5778104E7
7600.0,269.286880277,0.0017875504548749692,7600.0,77.76315789473685,55.1130355393345,-122.66139657443995,27.74690038477983,7600.0,2.5778616E7
7700.0,272.907870797,0.001811699605785708,7700.0,78.02597402597402,55.4202708084074,-122.92490118577089,27.661393758016235,7700.0,2.577964E7
7800.0,276.634270628,0.0018365520775764977,7800.0,78.3076923076923,55.75720529392917,-122.92490118577068,27.66139375801625,7800.0,2.5779976E7
7900.0,280.257911868,0.0018607197541435031,7900.0,78.58227848101265,56.08074429713058,-122.92490118577071,27.66139375801624,7900.0,2.5780544E7
8000.0,283.86794123,0.0018847976183103876,8000.0,78.77499999999999,56.265115563572465,-123.7154150197628,27.40487387772552,8000.0,2.5781584E7
8100.0,287.547309174,0.001909338636339251,8100.0,79.03703703703704,56.56531148088925,-123.71541501976276,27.404873877725542,8100.0,2.5782304E7
8200.0,291.148191215,0.0019333566903265737,8200.0,79.29268292682927,56.85424042596166,-123.71541501976286,27.404873877725542,8200.0,2.5782872E7
8300.0,294.746165832,0.0019573559175834828,8300.0,79.5421686746988,57.13252502366877,-123.7154150197627,27.404873877725542,8300.0,2.578348E7
8400.0,298.328128957,0.001981257685607685,8400.0,79.78571428571428,57.40074285277038,-123.71541501976301,27.404873877725528,8400.0,2.579356E7
8500.0,301.909753019,0.0020051578879077573,8500.0,80.0235294117647,57.65943044731977,-123.71541501976277,27.404873877725507,8500.0,2.5794312E7
8600.0,305.590703701,0.0020297213164309886,8600.0,80.25581395348837,57.909086878990564,-123.71541501976284,27.40487387772555,8600.0,2.5794752E7
8700.0,309.251163763,0.0020541485161444054,8700.0,80.48275862068965,58.15017697064802,-123.71541501976289,27.40487387772553,8700.0,2.5795288E7
8800.0,312.835021425,0.002078065344056806,8800.0,80.70454545454545,58.42118253536066,-122.54259501965936,27.59061833688698,8800.0,2.5796168E7
8900.0,316.47157455,0.0021023347752412015,8900.0,80.92134831460675,58.68527525188334,-121.96078431372545,27.77541471714164,8900.0,2.5797168E7
9000.0,320.049617252,0.002126215055659978,9000.0,81.11111111111111,58.86525974383865,-122.2222222222223,27.690344534240758,9000.0,2.5798608E7
9100.0,323.70389198,0.0021506058041700356,9100.0,81.2967032967033,59.03874961473703,-122.48366013071883,27.60527435133987,9100.0,2.5800392E7
9200.0,327.294826316,0.0021745745179251996,9200.0,81.42391304347825,59.1102816727054,-123.39869281045743,27.307528711186706,9200.0,2.5801184E7
9300.0,330.863209827,0.0021983946889968624,9300.0,81.45161290322581,59.13556766829041,-121.72236503856044,27.58186397984888,9300.0,2.5803328E7
9324.0,332.453691935,0.0022090117396808663,9324.0,81.4886314886315,59.188061422621544,-120.71611253196927,27.69166317553415,9324.0,2.5803432E7
