learning evaluation instances,evaluation time (cpu seconds),model cost (RAM-Hours),classified instances,classifications correct (percent),Kappa Statistic (percent),Kappa Temporal Statistic (percent),Kappa M Statistic (percent),model training instances,model serialized size (bytes)
100.0,2.645523857,1.6280503262424074E-5,100.0,100.0,?,?,?,100.0,2.3788032E7
200.0,6.654304734,4.262757954115069E-5,200.0,98.0,59.01639344262287,0.0,33.33333333333333,200.0,2.5405192E7
300.0,10.58721723,6.849027532450751E-5,300.0,98.66666666666667,59.3495934959351,0.0,33.33333333333352,300.0,2.54192E7
400.0,14.066347841,9.137502317852657E-5,400.0,99.0,59.51417004048588,0.0,33.33333333333333,400.0,2.5425984E7
500.0,17.44414866,1.1359786588080783E-4,500.0,98.8,49.46091644204845,0.0,25.0,500.0,2.5431264E7
600.0,20.831836462,1.3589129472701598E-4,600.0,98.66666666666667,42.3076923076929,0.0,20.0000000000004,600.0,2.5437584E7
700.0,24.422004453,1.5953070483249265E-4,700.0,97.28571428571429,28.800856531049252,-58.333333333333435,13.636363636363779,700.0,2.5452136E7
800.0,28.216368653,1.845594502664635E-4,800.0,85.125,5.16039051603899,-815.3846153846164,2.459016393442571,800.0,2.5497784E7
900.0,31.926850721,2.0905161746910205E-4,900.0,78.0,2.8300343530181626,-607.1428571428576,1.4925373134328699,900.0,2.5515216E7
1000.0,35.659266378,2.3369781811279753E-4,1000.0,74.6,2.0930501484022837,-296.87500000000034,1.1673151750972772,1000.0,2.55248E7
1100.0,39.770785177,2.609174859977317E-4,1100.0,71.72727272727273,6.196874143131296,-223.95833333333331,4.307692307692299,1100.0,2.5590744E7
1200.0,43.22651207,2.838020728772532E-4,1200.0,71.91666666666666,8.58289930555555,-188.034188034188,6.128133704735369,1200.0,2.5598E7
1300.0,46.689361718,3.0673814975411734E-4,1300.0,69.76923076923077,8.381094477401025,-214.4,6.2052505966587175,1300.0,2.5602824E7
1400.0,50.116835165,3.294485817443911E-4,1400.0,68.21428571428572,9.486090205901004,-206.89655172413802,6.90376569037657,1400.0,2.56126E7
1500.0,53.587673072,3.524510659629364E-4,1500.0,66.73333333333333,9.16262135922333,-178.7709497206705,6.7289719626168285,1500.0,2.5617856E7
1600.0,57.067789193,3.755190159866489E-4,1600.0,65.1875,8.257258506174484,-149.77578475336318,6.228956228956217,1600.0,2.5622272E7
1700.0,60.637599346,3.991847019566999E-4,1700.0,63.70588235294118,7.418849165719303,-157.08333333333323,5.513016845329264,1700.0,2.5625736E7
1800.0,64.223598333,4.229680335730306E-4,1800.0,63.16666666666667,7.258315200497359,-133.45070422535207,5.285714285714285,1800.0,2.5636864E7
1900.0,68.016727413,4.48128445307288E-4,1900.0,61.78947368421053,7.136625088864494,-140.3973509933775,5.468750000000001,1900.0,2.5640264E7
2000.0,71.942805439,4.741742137697779E-4,2000.0,61.6,6.680146201104301,-129.94011976047898,4.950495049504955,2000.0,2.5643696E7
2100.0,76.29257864,5.030370956489234E-4,2100.0,60.57142857142858,7.663484699794849,-123.18059299191376,6.122448979591857,2100.0,2.5649296E7
2200.0,80.136647153,5.285467254448481E-4,2200.0,59.54545454545455,8.13765277158742,-123.61809045226131,6.806282722513088,2200.0,2.5651656E7
2300.0,84.340612688,5.564476962909847E-4,2300.0,59.39130434782609,9.312349342913473,-129.48402948402943,7.980295566502472,2300.0,2.565444E7
2400.0,88.279277334,5.825932923456412E-4,2400.0,59.54166666666667,10.456570053209658,-125.29002320185614,9.082397003745317,2400.0,2.565972E7
2500.0,92.066417466,6.077356580568432E-4,2500.0,59.8,11.519726610922024,-118.95424836601309,10.10733452593918,2500.0,2.5662392E7
2600.0,95.988921541,6.337805771683666E-4,2600.0,58.73076923076923,12.81231990859327,-133.76906318082789,11.90476190476191,2600.0,2.5666224E7
2700.0,99.869644292,6.595525713759867E-4,2700.0,58.037037037037045,14.407401852925455,-146.84095860566438,14.03641881638847,2700.0,2.5670704E7
2800.0,103.965908437,6.867596022934081E-4,2800.0,58.14285714285714,17.121434676052303,-155.3376906318083,15.19536903039073,2800.0,2.567412E7
2900.0,108.489440816,7.168119544696272E-4,2900.0,57.62068965517242,18.16599621608715,-167.75599128540307,11.07091172214183,2900.0,2.568048E7
3000.0,112.48355673,7.433509907690196E-4,3000.0,57.06666666666666,18.873023684709995,-180.61002178649235,6.80173661360347,3000.0,2.5684248E7
3100.0,116.67389831,7.711973413322837E-4,3100.0,57.935483870967744,21.778369466783275,-184.0958605664488,5.6439942112879855,3100.0,2.5687464E7
3200.0,120.63841878,7.97544488614377E-4,3200.0,57.9375,22.74601748832724,-190.71274298056164,3.025936599423618,3200.0,2.5688888E7
3300.0,124.298422114,8.218702367063013E-4,3300.0,58.57575757575758,24.015798165100534,-189.0063424947146,3.800140745953578,3300.0,2.569136E7
3400.0,127.925778974,8.459799275335878E-4,3400.0,59.11764705882353,25.555881447662447,-191.4046121593292,2.5928521373510827,3400.0,2.5692344E7
3500.0,131.518043937,8.698572751670962E-4,3500.0,59.62857142857143,26.3139231000748,-190.74074074074062,4.008152173913055,3500.0,2.5693312E7
3600.0,135.089521993,8.935978961143655E-4,3600.0,60.27777777777777,27.313698995692175,-190.06085192697776,5.610561056105591,3600.0,2.5694872E7
3700.0,138.770668847,9.180699543897383E-4,3700.0,61.0,28.441306887358348,-190.34205231388339,7.5592568866111485,3700.0,2.5697432E7
3800.0,142.348714252,9.418577552044271E-4,3800.0,61.578947368421055,29.646673624223464,-181.8532818532819,7.886435331230294,3800.0,2.569868E7
3900.0,145.857731929,9.651874546359227E-4,3900.0,62.205128205128204,30.54476555747231,-175.5140186915889,9.957238851557713,3900.0,2.5699576E7
4000.0,149.506022592,9.894445902350548E-4,4000.0,63.05,32.400308177756074,-176.26168224299062,9.712889431887588,4000.0,2.5701144E7
4100.0,153.163753959,0.0010137670170024913,4100.0,63.487804878048784,33.40050756111545,-178.7709497206704,9.107468123861574,4100.0,2.5703808E7
4200.0,156.809487834,0.0010380103745767403,4200.0,64.21428571428571,34.69176449556045,-174.77148080438752,9.892086330935244,4200.0,2.570456E7
4300.0,160.451666993,0.001062231563928584,4300.0,64.81395348837209,35.89210473416394,-176.0948905109489,9.40119760479041,4300.0,2.570612E7
4400.0,164.116350955,0.0010866032715758853,4400.0,65.29545454545455,36.6153335270433,-173.6559139784946,10.597189695550352,4400.0,2.5707024E7
4500.0,167.916659058,0.0011118783374628684,4500.0,65.93333333333334,37.658328055731474,-173.2620320855614,11.947156806433071,4500.0,2.5708448E7
4600.0,171.84515116,0.0011380071401403977,4600.0,66.47826086956522,38.65729950634918,-174.37722419928826,11.73440183171151,4600.0,2.570964E7
4700.0,175.556666745,0.0011626936854930957,4700.0,67.14893617021276,39.683680100086136,-173.27433628318585,13.69480156512018,4700.0,2.5710552E7
4800.0,179.350485557,0.0011879519584824096,4800.0,67.70833333333334,40.56563303592186,-168.6308492201039,14.600550964187347,4800.0,2.5735312E7
4900.0,183.039433215,0.0012125137287460864,4900.0,68.24489795918367,41.447147226434524,-166.89536878216128,15.019115237575095,4900.0,2.5737096E7
5000.0,186.745248709,0.001237188759549688,5000.0,68.67999999999999,42.11659860869889,-164.97461928934018,14.845024469820551,5000.0,2.5738088E7
5100.0,190.862716986,0.0012646068268842231,5100.0,69.29411764705883,43.10744234950178,-164.08094435075867,15.442764578833712,5100.0,2.5740024E7
5200.0,194.886753516,0.0012914040515589204,5200.0,69.84615384615384,43.9832565338211,-162.64656616415417,15.51724137931034,5200.0,2.5741288E7
5300.0,198.616086933,0.0013162396581706765,5300.0,70.33962264150944,44.72336204247297,-160.69651741293535,15.574650912996777,5300.0,2.5742216E7
5400.0,202.33251968,0.0013409914752554872,5400.0,70.74074074074073,45.2561488663172,-159.44170771756987,16.135881104033967,5400.0,2.5744424E7
5500.0,206.084751844,0.001365984694310258,5500.0,71.18181818181817,45.90451742423715,-157.72357723577238,16.49104320337197,5500.0,2.5747488E7
5600.0,209.812624463,0.0013908178404377267,5600.0,71.66071428571429,46.577862200795884,-157.21231766612632,16.47368421052633,5600.0,2.5749752E7
5700.0,213.453607213,0.0014150731963193598,5700.0,72.01754385964912,47.03337989432194,-154.3859649122807,17.056682267290686,5700.0,2.575084E7
5800.0,217.159136114,0.0014397594251477652,5800.0,72.36206896551724,47.450310830727545,-150.86071987480423,17.328519855595694,5800.0,2.575176E7
5900.0,220.83131995,0.0014642249379903884,5900.0,72.79661016949153,48.11340914545342,-148.06800618238023,18.403660396542968,5900.0,2.5753264E7
6000.0,224.870026601,0.001491135786608439,6000.0,73.15,48.6024612540404,-145.20547945205467,18.922999496728764,6000.0,2.5756536E7
6100.0,228.794598651,0.0015172879003052253,6100.0,73.40983606557377,48.9690291489574,-141.72876304023845,19.980266403552065,6100.0,2.575828E7
6200.0,232.625076138,0.0015428147414980988,6200.0,73.61290322580645,49.17979316588663,-137.44557329463004,20.77481840193702,6200.0,2.576004E7
6300.0,236.41680177,0.0015680844492016641,6300.0,73.90476190476191,49.60125077187866,-135.19313304721038,21.602288984263236,6300.0,2.5761176E7
6400.0,240.395533174,0.0015946012845621407,6400.0,74.3125,50.23773946456194,-132.5318246110325,22.416234072675792,6400.0,2.5761992E7
6500.0,244.323382097,0.0016207804857075814,6500.0,74.64615384615385,50.76733013419028,-130.81232492997202,23.526682134570784,6500.0,2.5763448E7
6600.0,248.041330868,0.0016455638601501662,6600.0,74.74242424242425,50.832946778816634,-130.88642659279782,23.881278538812783,6600.0,2.5766736E7
6700.0,251.768176234,0.0016704076951305014,6700.0,75.08955223880596,51.39926548884108,-128.3173734610123,24.9212775528565,6700.0,2.5767936E7
6800.0,255.646660752,0.0016962644956031345,6800.0,75.45588235294117,51.96935301755293,-125.84573748308534,25.59072670530538,6800.0,2.577004E7
6900.0,259.236519382,0.0017201980716977474,6900.0,75.81159420289855,52.45116335914172,-125.23616734143057,25.657015590200444,6900.0,2.577108E7
7000.0,262.805586128,0.0017439944613605362,7000.0,76.04285714285714,52.78225504130578,-123.89853137516691,26.415094339622662,7000.0,2.5772632E7
7100.0,266.9290911,0.0017714884502688206,7100.0,76.38028169014085,53.27824890924898,-123.00531914893608,26.8324607329843,7100.0,2.5773512E7
7200.0,270.684745478,0.0017965304019060642,7200.0,76.70833333333333,53.75858907476583,-122.70916334661348,27.24511930585683,7200.0,2.5774184E7
7300.0,274.556286596,0.0018223480197649996,7300.0,76.87671232876713,54.00275407128857,-122.98546895640679,27.770646127513928,7300.0,2.5777136E7
7400.0,278.326735208,0.0018474917923534508,7400.0,77.1891891891892,54.40107791482911,-122.98546895640685,27.770646127513913,7400.0,2.577744E7
7500.0,281.953147539,0.0018716756614606117,7500.0,77.46666666666667,54.74717002903821,-122.66139657444019,27.746900384779792,7500.0,2.5778104E7
7600.0,285.743700816,0.0018969546580735205,7600.0,77.76315789473685,55.1130355393345,-122.66139657443995,27.74690038477983,7600.0,2.5778616E7
7700.0,289.582843368,0.0019225587109822498,7700.0,78.02597402597402,55.4202708084074,-122.92490118577089,27.661393758016235,7700.0,2.577964E7
7800.0,293.257091444,0.001947063367165816,7800.0,78.3076923076923,55.75720529392917,-122.92490118577068,27.66139375801625,7800.0,2.5779976E7
7900.0,296.843043523,0.0019709796779400174,7900.0,78.58227848101265,56.08074429713058,-122.92490118577071,27.66139375801624,7900.0,2.5780544E7
8000.0,300.411635055,0.0019947811636229448,8000.0,78.77499999999999,56.265115563572465,-123.7154150197628,27.40487387772552,8000.0,2.5781584E7
8100.0,304.187131037,0.0020199633460989477,8100.0,79.03703703703704,56.56531148088925,-123.71541501976276,27.404873877725542,8100.0,2.5782304E7
8200.0,308.131135588,0.002046270043500748,8200.0,79.29268292682927,56.85424042596166,-123.71541501976286,27.404873877725542,8200.0,2.5782872E7
8300.0,312.100092434,0.0020727437981709353,8300.0,79.5421686746988,57.13252502366877,-123.7154150197627,27.404873877725542,8300.0,2.578348E7
8400.0,315.954478435,0.002098463392945277,8400.0,79.78571428571428,57.40074285277038,-123.71541501976301,27.404873877725528,8400.0,2.579356E7
8500.0,319.957096561,0.002125172891565274,8500.0,80.0235294117647,57.65943044731977,-123.71541501976277,27.404873877725507,8500.0,2.5794312E7
8600.0,323.819796049,0.002150949151824392,8600.0,80.25581395348837,57.909086878990564,-123.71541501976284,27.40487387772555,8600.0,2.5794752E7
8700.0,327.497743926,0.0021754930522645812,8700.0,80.48275862068965,58.15017697064802,-123.71541501976289,27.40487387772553,8700.0,2.5795288E7
8800.0,331.209791628,0.0022002653547565872,8800.0,80.70454545454545,58.42118253536066,-122.54259501965936,27.59061833688698,8800.0,2.5796168E7
8900.0,335.018909652,0.002225686440212807,8900.0,80.92134831460675,58.68527525188334,-121.96078431372545,27.77541471714164,8900.0,2.5797168E7
9000.0,338.65535977,0.002249956538637902,9000.0,81.11111111111111,58.86525974383865,-122.2222222222223,27.690344534240758,9000.0,2.5798608E7
9100.0,342.69712616,0.0022769336311918736,9100.0,81.2967032967033,59.03874961473703,-122.48366013071883,27.60527435133987,9100.0,2.5800392E7
9200.0,346.539230766,0.002302578852435655,9200.0,81.42391304347825,59.1102816727054,-123.39869281045743,27.307528711186706,9200.0,2.5801184E7
9300.0,350.167234798,0.002326797010720638,9300.0,81.45161290322581,59.13556766829041,-121.72236503856044,27.58186397984888,9300.0,2.5803328E7
9324.0,351.857418958,0.0023380796091238268,9324.0,81.4886314886315,59.188061422621544,-120.71611253196927,27.69166317553415,9324.0,2.5803432E7
