learning evaluation instances,evaluation time (cpu seconds),model cost (RAM-Hours),classified instances,classifications correct (percent),Kappa Statistic (percent),Kappa Temporal Statistic (percent),Kappa M Statistic (percent),model training instances,model serialized size (bytes)
100.0,0.545357772,1.1217003501310945E-7,100.0,56.00000000000001,3.0409872190392555,12.00000000000001,-4.76190476190474,100.0,795056.0
200.0,1.452633083,3.001430442980843E-7,200.0,53.5,5.8894960534304825,3.1250000000000027,0.0,200.0,800864.0
300.0,1.818967007,3.7604008848144784E-7,300.0,53.666666666666664,7.979521581781255,7.333333333333325,-0.724637681159437,300.0,800848.0
400.0,2.172541024,4.4929499928378404E-7,400.0,52.5,5.220362656822883,9.090909090909099,-2.1505376344086042,400.0,800864.0
500.0,2.544868377,5.264368440730333E-7,500.0,52.0,3.5137090938329276,5.138339920948621,-2.5641025641025665,500.0,800880.0
600.0,2.912235182,6.02553962926219E-7,600.0,50.33333333333333,0.6666666666666599,0.6666666666666599,-6.0498220640569365,600.0,800912.0
700.0,3.224348891,6.672189575629186E-7,700.0,49.857142857142854,0.3730435487794857,2.2284122562674034,-8.668730650154806,700.0,800864.0
800.0,3.540519921,7.327284906532699E-7,800.0,50.125,0.9679821295606776,1.2376237623762332,-7.547169811320761,800.0,800912.0
900.0,3.876307451,8.022997142357215E-7,900.0,49.333333333333336,-0.704736852437127,-1.5590200445434175,-8.313539192399057,900.0,800880.0
1000.0,4.211889787,8.718298130830048E-7,1000.0,48.3,-2.7301991018559053,-4.655870445344134,-10.23454157782517,1000.0,800896.0
1100.0,4.53453428,9.38679289602596E-7,1100.0,48.90909090909091,-1.121132713716953,-4.850746268656713,-10.196078431372554,1100.0,800896.0
1200.0,4.860774409,1.0062710537056627E-6,1200.0,48.91666666666667,-1.2369737906888367,-6.055363321799298,-9.464285714285706,1200.0,800864.0
1300.0,5.246776487,1.0862477382907439E-6,1300.0,48.84615384615385,-1.6795652889840191,-6.06060606060606,-8.306188925081434,1300.0,800896.0
1400.0,5.629308356,1.1655085888163167E-6,1400.0,48.42857142857142,-2.88564303526898,-7.121661721068254,-7.440476190476199,1400.0,800928.0
1500.0,5.960626388,1.2341578992108422E-6,1500.0,48.4,-3.0636811044591803,-7.202216066482009,-6.758620689655187,1500.0,800928.0
1600.0,6.28455088,1.3012752633381801E-6,1600.0,48.25,-3.5627849383688805,-7.812500000000007,-7.253886010362688,1600.0,800928.0
1700.0,6.601927063,1.3670344999207599E-6,1700.0,48.58823529411765,-2.9653294155965684,-6.715506715506702,-6.715506715506702,1700.0,800912.0
1800.0,6.920808584,1.4331029974429972E-6,1800.0,48.333333333333336,-3.48511149686207,-6.896551724137942,-7.142857142857142,1800.0,800880.0
1900.0,7.226048232,1.4963450594613122E-6,1900.0,48.526315789473685,-2.8752132853079213,-6.535947712418298,-6.652126499454745,1900.0,800880.0
2000.0,7.549875892,1.5634356579798793E-6,2000.0,48.4,-3.2884148831399673,-6.721820062047564,-7.0539419087137,2000.0,800848.0
2100.0,7.861659117,1.6280308910532337E-6,2100.0,48.238095238095234,-3.812507162776483,-6.0487804878048745,-8.266932270916334,2100.0,800848.0
2200.0,8.191831877,1.6964347004198574E-6,2200.0,48.0,-4.178998460992062,-6.319702602230478,-8.026440037771494,2200.0,800832.0
2300.0,8.526937239,1.765863199750719E-6,2300.0,48.21739130434783,-3.794074496204862,-5.398230088495559,-7.6853526220614725,2300.0,800864.0
2400.0,8.835933122,1.829880951446924E-6,2400.0,48.41666666666667,-3.31130249015286,-4.472573839662438,-6.724137931034489,2400.0,800848.0
2500.0,9.200712893,1.905457516189524E-6,2500.0,48.6,-2.834091558033325,-4.217356042173568,-5.674342105263149,2500.0,800864.0
2600.0,9.564022476,1.9807294813698697E-6,2600.0,48.57692307692308,-2.781200992508852,-4.9450549450549435,-5.942947702060212,2600.0,800864.0
2700.0,9.888286085,2.0479103997806087E-6,2700.0,48.96296296296296,-2.0445105615492327,-3.375843960990235,-4.870624048706233,2700.0,800848.0
2800.0,10.200621611,2.112621351370501E-6,2800.0,49.07142857142857,-1.84306149506879,-3.0346820809248465,-4.698972099853156,2800.0,800864.0
2900.0,10.512278968,2.1771917971335643E-6,2900.0,49.51724137931034,-0.96551724137931,-2.808988764044938,-4.199288256227753,2900.0,800864.0
3000.0,10.821293483,2.2412121299301875E-6,3000.0,49.96666666666666,-0.1166805106195341,-1.5561569688768582,-3.73185901865931,3000.0,800832.0
3100.0,11.130142101,2.3051980928812715E-6,3100.0,50.096774193548384,0.1935483870967758,-0.847457627118636,-3.340013360053437,3100.0,800832.0
3200.0,11.439065553,2.369199559627006E-6,3200.0,50.09375,0.16511514691184218,-0.9481668773704082,-3.701298701298703,3200.0,800832.0
3300.0,11.756594914,2.4349865911926705E-6,3300.0,50.24242424242424,0.44184374958660927,-0.6127450980392196,-3.7926675094816704,3300.0,800864.0
3400.0,12.076838824,2.5013360341214515E-6,3400.0,50.17647058823529,0.2802389146689122,-0.5341246290801257,-3.990178023327204,3400.0,800864.0
3500.0,12.389345571,2.566081166446838E-6,3500.0,49.885714285714286,-0.23861983878876963,-1.0368663594470104,-4.094955489614248,3500.0,800848.0
3600.0,12.709901614,2.6324966052162857E-6,3600.0,50.0,-0.0470900655401051,-0.6148686416992801,-3.9861351819757362,3600.0,800880.0
3700.0,12.99211861,2.690968644745222E-6,3700.0,50.21621621621621,0.3340915199599454,-0.38147138964577265,-3.7746478873239515,3700.0,800880.0
3800.0,13.301738063,2.7551168692234454E-6,3800.0,50.421052631578945,0.7830423152175657,-0.10626992561105689,-3.00710770913067,3800.0,800864.0
3900.0,13.606622569,2.818282826036948E-6,3900.0,50.33333333333333,0.5864037500361786,-0.4147226542250036,-3.2515991471215373,3900.0,800848.0
4000.0,13.915218284,2.8822189482896986E-6,4000.0,50.575,1.1109388208342437,0.15151515151515726,-2.3821853961677792,4000.0,800864.0
4100.0,14.224917146,2.9463810612311427E-6,4100.0,50.853658536585364,1.632180678162255,1.031434184675836,-1.9736842105263177,4100.0,800832.0
4200.0,14.534735051,3.0105691194044886E-6,4200.0,51.023809523809526,1.988767858795965,1.4846743295019151,-1.4299802761341125,4200.0,800848.0
4300.0,14.843091634,3.074454420958439E-6,4300.0,51.162790697674424,2.2754136412267436,1.823281907433387,-1.0101010101009944,4300.0,800848.0
4400.0,15.151995776,3.1384518871392604E-6,4400.0,51.36363636363637,2.692189642753446,2.5500910746812546,-0.4223369310182839,4400.0,800832.0
4500.0,15.484488716,3.207333629162192E-6,4500.0,51.37777777777778,2.7488512294477094,2.8850421660008845,-0.1831501831501935,4500.0,800800.0
4600.0,15.768684958,3.266211039770813E-6,4600.0,51.54347826086957,3.0604951521738655,2.9603831084022647,-0.04488330341113309,4600.0,800816.0
4700.0,16.066031509,3.32781405266148E-6,4700.0,51.829787234042556,3.666011270591439,3.6185610898254685,0.6145741878841076,4700.0,800832.0
4800.0,16.409676547,3.3990104145700204E-6,4800.0,51.9375,3.881341161520583,3.5938152946092825,0.6887645286267916,4800.0,800848.0
4900.0,16.729595777,3.4652912647552673E-6,4900.0,52.0,4.012089439464178,3.882304863097673,0.5496828752642772,4900.0,800848.0
5000.0,17.032565065,3.5280604267986334E-6,5000.0,52.1,4.176389062264948,4.161664665866355,0.6636250518457032,5000.0,800848.0
5100.0,17.360063351,3.5959142165989146E-6,5100.0,52.33333333333333,4.632435540876961,4.778691735213475,1.138674257828386,5100.0,800880.0
5200.0,17.687764051,3.6638167263097696E-6,5200.0,52.38461538461539,4.741681950919244,5.243015690776886,1.3545816733067637,5200.0,800960.0
5300.0,17.99622012,3.7277302999576023E-6,5300.0,52.471698113207545,4.948729113667382,5.371900826446271,1.5246286161063167,5300.0,800944.0
5400.0,18.322597286,3.79535721066725E-6,5400.0,52.61111111111111,5.217047515076944,5.780559646539019,1.7658349328214893,5400.0,800944.0
5500.0,18.651322925,3.863470736221378E-6,5500.0,52.89090909090909,5.776834477195492,6.292947558770343,2.3369770071616913,5500.0,800944.0
5600.0,18.971960746,3.929908427180748E-6,5600.0,53.089285714285715,6.202499362407557,6.678507992895207,2.487008166295481,5600.0,800944.0
5700.0,19.284928827,3.994756911307719E-6,5700.0,53.315789473684205,6.676962265195733,7.055536150890658,2.847754654983561,5700.0,800944.0
5800.0,19.610924391,4.062304752256767E-6,5800.0,53.241379310344826,6.49593368829719,6.995884773662548,3.0042918454935728,5800.0,800944.0
5900.0,19.935602021,4.1295795109738954E-6,5900.0,53.22033898305085,6.449406846497066,7.070707070707082,3.0558482613277227,5900.0,800944.0
6000.0,20.25622229,4.1960135650748685E-6,6000.0,53.25,6.487469320889007,6.96517412935323,3.142265193370165,6000.0,800944.0
6100.0,20.573872615,4.261832232566042E-6,6100.0,53.442622950819676,6.868987394305664,7.280444009141365,3.2367972742759856,6100.0,800944.0
6200.0,20.894813633,4.328332747394795E-6,6200.0,53.58064516129032,7.149493187427863,7.5786769428387855,3.6168787675820337,6200.0,800944.0
6300.0,21.217704641,4.395237309483444E-6,6300.0,53.65079365079365,7.2978222244753255,7.62416956659285,3.8841342988808383,6300.0,800944.0
6400.0,21.506526364,4.455082552677716E-6,6400.0,53.640625,7.281249999999995,7.742537313432832,3.6375446573562766,6400.0,800944.0
6500.0,21.824312823,4.5209294277851745E-6,6500.0,53.61538461538462,7.213024407981475,7.515337423312896,3.458213256484167,6500.0,800944.0
6600.0,22.1337835,4.5850532330661275E-6,6600.0,53.590909090909086,7.146774402460422,7.629674306393245,3.3143939393939323,6600.0,800944.0
6700.0,22.446700283,4.649891088002006E-6,6700.0,53.88059701492537,7.743971808504218,8.199643493761132,4.126590133416065,6700.0,800944.0
6800.0,22.761267794,4.715070981679228E-6,6800.0,53.970588235294116,7.914666090722303,8.399180567749482,4.281345565749221,6800.0,800944.0
6900.0,23.077236297,4.7805411676034535E-6,6900.0,54.028985507246375,8.036066561537652,8.535178777393307,4.486600421559774,6900.0,800944.0
7000.0,23.398814343,4.847173677682376E-6,7000.0,54.1,8.200000000000006,8.53970964987191,4.799999999999998,7000.0,800944.0
7100.0,23.716398597,4.912978654946159E-6,7100.0,54.07042253521127,8.134940630978846,8.32161934214226,4.649122807017555,7100.0,800944.0
7200.0,24.021155435,4.9761257302277075E-6,7200.0,54.05555555555556,8.097034923944772,8.264004437049367,4.586097490625903,7200.0,800944.0
7300.0,24.322065436,5.038475722473387E-6,7300.0,54.109589041095894,8.20522541425888,8.344733242134078,4.748365083878321,7300.0,800944.0
7400.0,24.624057938,5.101050014106697E-6,7400.0,54.31081081081081,8.599776367295368,8.572201189832333,5.134680134680117,7400.0,800944.0
7500.0,24.927573828,5.16393995902395E-6,7500.0,54.36,8.701639696857795,8.67129135538954,5.311203319502066,7500.0,800944.0
7600.0,25.230054763,5.226615456312311E-6,7600.0,54.40789473684211,8.820878834602462,8.911671924290236,5.534351145038177,7600.0,800944.0
7700.0,25.532572005,5.289298476584822E-6,7700.0,54.467532467532465,8.942344632930325,8.958712022851204,5.676620930858223,7700.0,800944.0
7800.0,25.832826746,5.351512695822682E-6,7800.0,54.42307692307692,8.824465938051528,8.752566735112923,5.401809473123992,7800.0,800944.0
7900.0,26.130229543,5.4131359786154446E-6,7900.0,54.31645569620254,8.626024304091134,8.563465923486199,5.374934452018884,7900.0,800944.0
8000.0,26.4476069,5.4788980858306995E-6,8000.0,54.35,8.697757388665842,8.517034068136269,5.413105413105404,8000.0,800944.0
8100.0,26.767393837,5.5451594695532685E-6,8100.0,54.44444444444444,8.891049619368863,8.708560118753079,5.408869520635714,8100.0,800944.0
8200.0,27.078161088,5.609551931171921E-6,8200.0,54.36585365853659,8.714851332453064,8.664876739077382,5.0253807106599035,8200.0,800944.0
8300.0,27.4036767,5.677000323769706E-6,8300.0,54.445783132530124,8.857019516528023,8.715596330275234,5.02386335091687,8300.0,800944.0
8400.0,27.729145406,5.744438997219816E-6,8400.0,54.547619047619044,9.047224929622688,9.051929490233434,5.119284294234588,8400.0,800944.0
8500.0,28.055667087,5.812095852129057E-6,8500.0,54.6,9.151463619317727,8.899905571293676,5.2541124478271675,8500.0,800944.0
8600.0,28.311563208,5.865118753019777E-6,8600.0,54.52325581395348,8.991128619752809,8.7919776119403,5.049769361495512,8600.0,800944.0
8700.0,28.588434692,5.922487849504044E-6,8700.0,54.54022988505747,9.020301863755806,8.912943344081063,5.064810369659141,8700.0,800944.0
8800.0,28.897689162,5.986566855659914E-6,8800.0,54.44318181818182,8.816742204714362,8.637192342752966,4.774346793349166,8800.0,800944.0
8900.0,29.199746724,6.0491546280365755E-6,8900.0,54.42696629213483,8.790259641423205,8.483754512635361,4.833411543876113,8900.0,800944.0
9000.0,29.510465989,6.113537146726386E-6,9000.0,54.34444444444444,8.626348700888595,8.342627704662037,4.707792207792207,9000.0,800944.0
9100.0,29.829961552,6.179738156361752E-6,9100.0,54.318681318681314,8.574944971487836,8.375578576151636,4.677826186654435,9100.0,800944.0
9200.0,30.149327466,6.245912302103869E-6,9200.0,54.27173913043478,8.478704020387957,8.503697259678116,4.581537763665229,9200.0,800944.0
9300.0,30.467517374,6.311842773774877E-6,9300.0,54.25806451612903,8.445705583316533,8.437365475677996,4.490345756623256,9300.0,800944.0
9400.0,30.783127793,6.377238762980652E-6,9400.0,54.32978723404255,8.590568416428804,8.542820622070728,4.6847246891651855,9400.0,800944.0
9500.0,30.999900064,6.422155014919811E-6,9500.0,54.26315789473685,8.448205116830994,8.526315789473692,4.463500439753741,9500.0,800944.0
9600.0,31.225817126,6.46896611131759E-6,9600.0,54.17708333333333,8.279261396807387,8.29685219929121,4.348771472059129,9600.0,800944.0
9700.0,31.441783809,6.5137154415679165E-6,9700.0,54.26804123711341,8.454540951940716,8.441692466460278,4.478897502153337,9700.0,800944.0
9800.0,31.676152076,6.562277668085883E-6,9800.0,54.40816326530612,8.74259084808216,8.667211774325422,4.895700297999138,9800.0,800944.0
9900.0,31.993448764,6.628023060298287E-6,9900.0,54.39393939393939,8.716685066896364,8.658709285858802,4.927353126974108,9900.0,800944.0
10000.0,32.312127969,6.694054916649281E-6,10000.0,54.43,8.79135272371398,8.659049909801567,5.042717232756824,10000.0,800944.0
