learning evaluation instances,evaluation time (cpu seconds),model cost (RAM-Hours),classified instances,classifications correct (percent),Kappa Statistic (percent),Kappa Temporal Statistic (percent),Kappa M Statistic (percent),model training instances,model serialized size (bytes)
100.0,0.577718745,1.1882609028698255E-7,100.0,56.00000000000001,3.0409872190392555,12.00000000000001,-4.76190476190474,100.0,795056.0
200.0,1.462378769,3.1340654737877764E-7,200.0,53.5,6.1175045427013925,3.1250000000000027,0.0,200.0,850208.0
300.0,1.848761983,3.9839770757280705E-7,300.0,53.333333333333336,7.2110286320254415,6.666666666666665,-1.44927536231885,300.0,850272.0
400.0,2.23549369,4.834719274264119E-7,400.0,51.5,3.1476997578692734,7.177033492822973,-4.3010752688172085,400.0,850336.0
500.0,2.622070253,5.685056178216429E-7,500.0,49.8,-0.6318557957534247,0.7905138339920955,-7.264957264957273,500.0,850272.0
600.0,2.989499029,6.493274465900949E-7,600.0,49.5,-1.0000000000000009,-1.0000000000000009,-7.829181494661912,600.0,850272.0
700.0,3.357743604,7.303409173178383E-7,700.0,49.0,-1.7856270059792485,0.5571030640668482,-10.52631578947369,700.0,850400.0
800.0,3.718377935,8.096741703377458E-7,800.0,49.5,-0.8185266520263511,0.0,-8.894878706199464,800.0,850336.0
900.0,4.085005861,8.903274271080602E-7,900.0,48.888888888888886,-2.133454380390377,-2.449888641425383,-9.263657957244668,900.0,850352.0
1000.0,4.448307893,9.702535428825061E-7,1000.0,49.6,-0.7516392131776718,-2.0242914979757103,-7.462686567164186,1000.0,850400.0
1100.0,4.809845194,1.0497809440907337E-6,1100.0,50.18181818181818,0.43242850394273125,-2.238805970149245,-7.450980392156863,1100.0,850288.0
1200.0,5.180788331,1.1313712064650281E-6,1200.0,51.0,2.0878489577406953,-1.7301038062283676,-4.9999999999999964,1200.0,850224.0
1300.0,5.585731038,1.2204414713358672E-6,1300.0,50.53846153846154,1.1260675167372596,-2.551834130781485,-4.723127035830607,1300.0,850240.0
1400.0,5.934900239,1.2972497054659783E-6,1400.0,50.71428571428571,1.438427585812841,-2.3738872403560882,-2.6785714285714377,1400.0,850304.0
1500.0,6.299594494,1.3774745612978025E-6,1500.0,50.93333333333333,1.8652709727427261,-1.9390581717451696,-1.5172413793103616,1500.0,850320.0
1600.0,6.651072383,1.4547950118698222E-6,1600.0,50.6875,1.3777737501132754,-2.734375000000011,-2.2020725388601026,1600.0,850352.0
1700.0,7.034250015,1.5390842252018925E-6,1700.0,50.70588235294118,1.423361957416781,-2.3199023199023068,-2.3199023199023068,1700.0,850304.0
1800.0,7.409157244,1.6215557146330427E-6,1800.0,51.0,2.0087103368589503,-1.3793103448275952,-1.6129032258064506,1800.0,850320.0
1900.0,7.753728304,1.69735532863684E-6,1900.0,51.421052631578945,2.8388755304885454,-0.5446623093681934,-0.6543075245365388,1900.0,850336.0
2000.0,8.100470286,1.7736368132726682E-6,2000.0,51.300000000000004,2.607012295114761,-0.7238883143743428,-1.03734439834025,2000.0,850384.0
2100.0,8.513510816,1.8644985146062738E-6,2100.0,51.19047619047619,2.414410297421812,0.0,-2.09163346613546,2100.0,850336.0
2200.0,8.878228388,1.9447300093174147E-6,2200.0,50.95454545454545,1.9309740801639184,-0.27881040892192915,-1.8885741265344789,2200.0,850336.0
2300.0,9.232072745,2.0225637281226534E-6,2300.0,51.21739130434783,2.4631033408824927,0.7079646017699208,-1.4466546112115695,2300.0,850272.0
2400.0,9.588943449,2.10106166313159E-6,2400.0,51.29166666666667,2.602271780487148,1.3502109704641436,-0.7758620689655238,2400.0,850256.0
2500.0,9.946801074,2.179779645591714E-6,2500.0,51.4,2.8046031739936765,1.459854014598537,0.08223684210527692,2500.0,850288.0
2600.0,10.287429168,2.254716105748974E-6,2600.0,51.57692307692307,3.145364209410058,1.1773940345368876,0.23771790808241258,2600.0,850384.0
2700.0,10.62977199,2.3300326314637442E-6,2700.0,51.59259259259259,3.1814665035145224,1.9504876219054814,0.5327245053272447,2700.0,850416.0
2800.0,10.971201104,2.4051481384696196E-6,2800.0,51.857142857142854,3.712664549964372,2.6011560693641704,1.027900146842879,2800.0,850416.0
2900.0,11.329929504,2.484065089668992E-6,2900.0,52.206896551724135,4.413793103448271,2.6685393258426973,1.3523131672597868,2900.0,850368.0
3000.0,11.684196124,2.5620004902732004E-6,3000.0,52.53333333333333,5.073079507517716,3.6535859269282844,1.5894955079474637,3000.0,850368.0
3100.0,12.04679651,2.6417617384097524E-6,3100.0,52.774193548387096,5.548387096774188,4.563233376792699,2.2044088176352656,3100.0,850288.0
3200.0,12.371484903,2.713178105319805E-6,3200.0,52.81249999999999,5.626769498071898,4.551201011377995,1.9480519480519296,3200.0,850224.0
3300.0,12.694524753,2.7842358807241095E-6,3300.0,53.090909090909086,6.185126254501211,5.147058823529401,2.1491782553729366,3300.0,850272.0
3400.0,13.032064659,2.8584803807785285E-6,3400.0,53.294117647058826,6.594796282475665,5.756676557863508,2.5168815224063894,3400.0,850240.0
3500.0,13.370873184,2.933008130545745E-6,3500.0,53.37142857142857,6.743618419441464,5.990783410138245,3.145400593471806,3500.0,850288.0
3600.0,13.712954538,3.0082487251449425E-6,3600.0,53.41666666666667,6.8373588795545945,6.260480715483506,3.119584055459275,3600.0,850208.0
3700.0,14.051908619,3.082800074866365E-6,3700.0,53.67567567567567,7.358795129682781,6.59400544959128,3.4366197183098475,3700.0,850192.0
3800.0,14.393919773,3.1580223977034794E-6,3800.0,53.973684210526315,7.9527229717938965,7.06695005313497,4.373974849644627,3800.0,850176.0
3900.0,14.749062785,3.2361344263612235E-6,3900.0,54.02564102564102,8.058777588151917,7.050285121824769,4.424307036247337,3900.0,850192.0
4000.0,15.104562623,3.3143264087018873E-6,4000.0,53.949999999999996,7.903108270095885,6.969696969696964,4.609010875194198,4000.0,850208.0
4100.0,15.453340628,3.3910355967909723E-6,4100.0,54.1219512195122,8.24805065327208,7.612966601178789,4.807692307692312,4100.0,850160.0
4200.0,15.787112476,3.4644429941755494E-6,4200.0,54.142857142857146,8.288376210395732,7.758620689655177,5.029585798816582,4200.0,850144.0
4300.0,16.124814737,3.5387204098195873E-6,4300.0,54.62790697674419,9.258287389029539,8.789153810191687,6.156806156806175,4300.0,850208.0
4400.0,16.463220232,3.6131482991767014E-6,4400.0,54.93181818181818,9.864008826409815,9.699453551912576,6.94509619896763,4400.0,850160.0
4500.0,16.800659841,3.687365151198515E-6,4500.0,55.00000000000001,10.000177777426622,10.119840213049274,7.280219780219779,4500.0,850176.0
4600.0,17.144735937,3.763045912342676E-6,4600.0,55.086956521739125,10.174592252610557,10.056595559425327,7.271095152603217,4600.0,850224.0
4700.0,17.502294423,3.841693653132427E-6,4700.0,55.06382978723404,10.127513109573194,10.08939974457216,7.287093942054425,4700.0,850240.0
4800.0,17.86302859,3.921041402553374E-6,4800.0,55.145833333333336,10.29138632724894,10.029251984956131,7.318123116659511,4800.0,850256.0
4900.0,18.209446021,3.997242884238553E-6,4900.0,55.16326530612245,10.325544604072268,10.21659174499386,7.103594080338259,4900.0,850288.0
5000.0,18.547382434,4.071492070433378E-6,5000.0,55.26,10.521546187681874,10.484193677470989,7.2169224388220545,5000.0,849296.0
5100.0,18.890787076,4.146942700265402E-6,5100.0,55.509803921568626,11.021660399990754,11.124167645906772,7.726718178121182,5100.0,849296.0
5200.0,19.215636647,4.2183165308282775E-6,5200.0,55.65384615384615,11.308938705743046,11.748947569843093,8.127490039840628,5200.0,849296.0
5300.0,19.532584282,4.287952887600098E-6,5300.0,55.88679245283019,11.773321073655064,12.171299774605563,8.600469116497262,5300.0,849280.0
5400.0,19.847662878,4.357178599040475E-6,5400.0,56.166666666666664,12.333501691491941,12.849779086892482,9.136276391554695,5400.0,849280.0
5500.0,20.166144123,4.4271519042583965E-6,5500.0,56.43636363636364,12.872946170449302,13.345388788426776,9.687146626460612,5500.0,849280.0
5600.0,20.482276391,4.4966091172820325E-6,5600.0,56.67857142857143,13.356203479246922,13.818827708703383,9.9480326651819,5600.0,849280.0
5700.0,20.795547663,4.565437742753095E-6,5700.0,56.771929824561404,13.541943681115734,13.93643031784841,10.040160642570289,5700.0,849280.0
5800.0,21.107073187,4.633882811077369E-6,5800.0,56.896551724137936,13.792642172282733,14.266117969821677,10.586552217453521,5800.0,849280.0
5900.0,21.422102327,4.70309765657246E-6,5900.0,57.11864406779661,14.237091036118436,14.814814814814813,11.134527572883734,5900.0,849280.0
6000.0,21.756041032,4.7764671101773105E-6,6000.0,57.25,14.500170999658007,14.925373134328362,11.42955801104973,6000.0,849280.0
6100.0,22.09158408,4.850189052929248E-6,6100.0,57.50819672131148,15.016393442622956,15.37708129285015,11.686541737649069,6100.0,849280.0
6200.0,22.427275472,4.92394358824402E-6,6200.0,57.774193548387096,15.54867709611403,15.928066795118824,12.324179504353646,6200.0,849280.0
6300.0,22.743132394,4.9933403051787935E-6,6300.0,57.98412698412698,15.96835559382544,16.260677000949066,12.870309414088213,6300.0,849280.0
6400.0,23.054823459,5.061821744407481E-6,6400.0,58.296875,16.593750000000007,17.008706467661703,13.316011692107832,6400.0,849280.0
6500.0,23.370263972,5.131126972394287E-6,6500.0,58.599999999999994,17.200156780768225,17.453987730061346,13.832853025936597,6500.0,849280.0
6600.0,23.697715468,5.203071125569376E-6,6600.0,58.71212121212122,17.42386328679195,17.822677925211106,13.983585858585862,6600.0,849280.0
6700.0,24.031879903,5.276490174164308E-6,6700.0,58.92537313432836,17.850563267015517,18.24123588829472,14.613713931120085,6700.0,849280.0
6800.0,24.365107983,5.349703496817019E-6,6800.0,59.044117647058826,18.087498365037188,18.49575651155985,14.831804281345562,6800.0,849280.0
6900.0,24.686156695,5.420240898523661E-6,6900.0,59.2463768115942,18.492130458632356,18.915801614763556,15.326708822643791,6900.0,849280.0
7000.0,25.014840119,5.492455717790723E-6,7000.0,59.34285714285714,18.685714285714283,18.98662112154853,15.674074074074063,7000.0,849280.0
7100.0,25.343653483,5.564699086089862E-6,7100.0,59.436619718309856,18.873007691194356,19.032892887264545,15.789473684210527,7100.0,849280.0
7200.0,25.673922666,5.637262311425573E-6,7200.0,59.54166666666667,19.082646534808564,19.217970049916815,15.979232766080193,7200.0,849280.0
7300.0,26.007566187,5.710566910347607E-6,7300.0,59.73972602739725,19.478847655077146,19.58960328317373,16.43446118851293,7300.0,849280.0
7400.0,26.328745211,5.781132942818204E-6,7400.0,59.851351351351354,19.701248057671187,19.659275283937276,16.63860830527498,7400.0,849280.0
7500.0,26.652931026,5.852359595365093E-6,7500.0,60.01333333333333,20.025313139521934,19.983991462113124,17.040110650069145,7500.0,849280.0
7600.0,26.964735146,5.920865873833596E-6,7600.0,59.973684210526315,19.947723223387367,20.03154574132492,17.066521264994538,7600.0,849280.0
7700.0,27.27308695,5.988613646220597E-6,7700.0,60.064935064935064,20.130355086391788,20.150610231108804,17.271993543179995,7700.0,849280.0
7800.0,27.588465578,6.057905277494688E-6,7800.0,60.11538461538461,20.22916437372112,20.148870636550303,17.216604576902604,7800.0,849280.0
7900.0,27.903716426,6.127168834308881E-6,7900.0,60.22784810126582,20.45531383743233,20.39523688877628,17.619297325642368,7900.0,849280.0
8000.0,28.219106367,6.196462951154774E-6,8000.0,60.4,20.799866349774465,20.641282565130258,17.948717948717942,8000.0,849280.0
8100.0,28.534620887,6.265784439170955E-6,8100.0,60.55555555555555,21.11120730229257,20.954972785749614,18.097923609330923,8100.0,849280.0
8200.0,28.850529132,6.335192432248359E-6,8200.0,60.65853658536585,21.316099568632378,21.25945814010251,18.12182741116751,8200.0,849280.0
8300.0,29.165225606,6.404334187915025E-6,8300.0,60.74698795180723,21.49157358451323,21.342346692419124,18.161266013564443,8300.0,849280.0
8400.0,29.474851567,6.47236190449986E-6,8400.0,60.976190476190474,21.94877041931189,21.91519771319675,18.538767395626238,8400.0,849280.0
8500.0,29.785958422,6.540714987333051E-6,8500.0,61.11764705882353,22.231849715143102,21.978281397544855,18.855880186594657,8500.0,849280.0
8600.0,30.099739277,6.609655572950441E-6,8600.0,61.13953488372093,22.27455925376307,22.0615671641791,18.863801893663506,8600.0,849280.0
8700.0,30.413583947,6.678610179319578E-6,8700.0,61.2183908045977,22.43205928034303,22.29387379087978,19.011041766682666,8700.0,849280.0
8800.0,30.726029789,6.747257450107334E-6,8800.0,61.26136363636364,22.51740434647629,22.310847766636293,19.02612826603326,8800.0,849280.0
8900.0,31.048270449,6.8180567339263996E-6,8900.0,61.40449438202247,22.8043576102432,22.49548736462092,19.40403566400751,8900.0,849280.0
9000.0,31.382629599,6.891518563226128E-6,9000.0,61.488888888888894,22.974491356075646,22.685701539147892,19.61966604823749,9000.0,849280.0
9100.0,31.707200651,6.962829855941333E-6,9100.0,61.5934065934066,23.182969088563024,22.966718095657928,19.85783077275855,9100.0,849280.0
9200.0,32.039244197,7.035782925406692E-6,9200.0,61.55434782608695,23.103026499118073,23.075250108742924,19.777727375822174,9200.0,849280.0
9300.0,32.366171383,7.107611882775953E-6,9300.0,61.67741935483871,23.34828755395536,23.288850624192854,19.98203861697351,9300.0,849280.0
9400.0,32.687079944,7.1781184919984115E-6,9400.0,61.829787234042556,23.652883294796688,23.56199403493823,20.33747779751333,9400.0,849280.0
9500.0,33.016492184,7.250493438950277E-6,9500.0,61.88421052631578,23.759466485814404,23.768421052631574,20.38258575197888,9500.0,849280.0
9600.0,33.349420164,7.3236408268290396E-6,9600.0,61.958333333333336,23.90841350370424,23.8690848446946,20.59143292020004,9600.0,849280.0
9700.0,33.683933379,7.397136505648756E-6,9700.0,62.051546391752574,24.093160112523176,24.024767801857585,20.73643410852714,9700.0,849280.0
9800.0,34.018426355,7.470627737771071E-6,9800.0,62.19387755102041,24.3800387794673,24.264104660670473,21.136653895274574,9800.0,849280.0
9900.0,34.353041122,7.544145728514026E-6,9900.0,62.19191919191919,24.37657927617415,24.27675500708072,21.183407033059588,9900.0,849280.0
10000.0,34.680984462,7.616197944411401E-6,10000.0,62.33,24.65232056451192,24.4938865504109,21.504480100020828,10000.0,849280.0
