learning evaluation instances,evaluation time (cpu seconds),model cost (RAM-Hours),classified instances,classifications correct (percent),Kappa Statistic (percent),Kappa Temporal Statistic (percent),Kappa M Statistic (percent),model training instances,model serialized size (bytes)
100.0,2.632428875,1.2182490081990189E-5,100.0,53.0,6.000000000000005,52.52525252525253,6.000000000000005,100.0,1.7888824E7
200.0,7.047767412,3.264381011692694E-5,200.0,44.0,-12.0,43.71859296482412,-12.0,200.0,1.7913152E7
300.0,10.727988331,4.970836708477746E-5,300.0,45.666666666666664,-8.666666666666668,45.48494983277592,-8.666666666666668,300.0,1.7923528E7
400.0,14.102171253,6.536442271105231E-5,400.0,46.5,-6.999999999999995,46.365914786967416,-6.999999999999995,400.0,1.7935608E7
500.0,17.615773286,8.167997139220455E-5,500.0,45.800000000000004,-8.399999999999997,45.69138276553106,-8.399999999999997,500.0,1.7949464E7
600.0,20.986315198,9.73386508858456E-5,600.0,47.0,-6.000000000000005,46.91151919866444,-6.000000000000005,600.0,1.7957992E7
700.0,24.439661324,1.1338819988471672E-4,700.0,47.85714285714286,-4.285714285714281,47.78254649499285,-4.285714285714281,700.0,1.7964912E7
800.0,27.669728708,1.2841191879989355E-4,800.0,48.5,-3.0000000000000027,48.43554443053817,-3.0000000000000027,800.0,1.7979112E7
900.0,31.015496605,1.4397967075510012E-4,900.0,48.888888888888886,-2.2222222222222254,48.832035595105665,-2.2222222222222254,900.0,1.7985912E7
1000.0,34.336300066,1.5944045972567734E-4,1000.0,49.3,-1.4000000000000012,49.249249249249246,-1.4000000000000012,1000.0,1.7996616E7
1100.0,37.760736125,1.7538870301167108E-4,1100.0,49.36363636363637,-1.2727272727272698,49.31756141947224,-1.2727272727272698,1100.0,1.8002128E7
1200.0,41.184687715,1.91339388204701E-4,1200.0,49.416666666666664,-1.1666666666666714,49.37447873227689,-1.1666666666666714,1200.0,1.8007528E7
1300.0,44.341325153,2.0605023586607065E-4,1300.0,49.69230769230769,-0.6153846153846176,49.65357967667436,-0.6153846153846176,1300.0,1.8014216E7
1400.0,47.634363699,2.2139998277189056E-4,1400.0,49.642857142857146,-0.7142857142857117,49.60686204431737,-0.7142857142857117,1400.0,1.8018008E7
1500.0,51.229641361,2.3816255886718887E-4,1500.0,49.6,-0.8000000000000007,49.566377585056706,-0.8000000000000007,1500.0,1.802232E7
1600.0,54.853902748,2.5506330612805713E-4,1600.0,49.8125,-0.3750000000000031,49.78111319574734,-0.3750000000000031,1600.0,1.802556E7
1700.0,58.44865166,2.718300085718334E-4,1700.0,49.8235294117647,-0.3529411764705892,49.79399646851089,-0.3529411764705892,1700.0,1.8029408E7
1800.0,62.108884621,2.8890531710051105E-4,1800.0,49.77777777777778,-0.4444444444444473,49.74986103390773,-0.4444444444444473,1800.0,1.803276E7
1900.0,65.41654247,3.0433896699816196E-4,1900.0,49.94736842105263,-0.10526315789474161,49.92101105845181,-0.10526315789474161,1900.0,1.8036424E7
2000.0,68.872791594,3.204691822917151E-4,2000.0,49.85,-0.30000000000000027,49.82491245622811,-0.30000000000000027,2000.0,1.804004E7
2100.0,72.304062003,3.3648576261053275E-4,2100.0,49.857142857142854,-0.28571428571428914,49.83325393044307,-0.28571428571428914,2100.0,1.8043352E7
2200.0,75.782087122,3.527238034458149E-4,2200.0,49.90909090909091,-0.181818181818183,49.88631195998182,-0.181818181818183,2200.0,1.8046928E7
2300.0,79.276812225,3.6904265483681263E-4,2300.0,49.913043478260875,-0.17391304347825765,49.891257068290564,-0.17391304347825765,2300.0,1.8050072E7
2400.0,82.807821771,3.8553421274190096E-4,2400.0,50.0,0.0,49.9791579824927,0.0,2400.0,1.8053656E7
2500.0,86.139949423,4.01099224922682E-4,2500.0,50.0,0.0,49.97999199679872,0.0,2500.0,1.805636E7
2600.0,89.600418964,4.1726600999964896E-4,2600.0,50.03846153846154,0.07692307692308553,50.01923816852636,0.07692307692308553,2600.0,1.8058888E7
2700.0,92.986994708,4.3308987345649344E-4,2700.0,50.14814814814815,0.2962962962963056,50.129677658392005,0.2962962962963056,2700.0,1.8061512E7
2800.0,96.560205388,4.497885223232964E-4,2800.0,50.142857142857146,0.28571428571428914,50.125044658806715,0.28571428571428914,2800.0,1.8064464E7
2900.0,100.164404835,4.6663488487492795E-4,2900.0,50.06896551724138,0.13793103448276334,50.0517419799931,0.13793103448276334,2900.0,1.8067568E7
3000.0,103.798832896,4.83624720104094E-4,3000.0,50.06666666666667,0.13333333333334085,50.05001667222408,0.13333333333334085,3000.0,1.8069888E7
3100.0,107.424535988,5.00584656760976E-4,3100.0,50.16129032258064,0.3225806451612856,49.62504075643952,-0.7170795306388511,3100.0,1.8081496E7
3200.0,110.909229087,5.168908404291458E-4,3200.0,49.625,-0.7499999999999951,48.54771784232366,-2.871729419272479,3200.0,1.8087984E7
3300.0,114.461835061,5.335174313535429E-4,3300.0,49.63636363636363,-0.727272727272732,48.0625,-3.875000000000002,3300.0,1.8090832E7
3400.0,117.869906839,5.494700195827364E-4,3400.0,49.705882352941174,-0.588235294117645,47.658402203856745,-4.651162790697672,3400.0,1.8093592E7
3500.0,121.113618706,5.646559060896502E-4,3500.0,49.68571428571428,-0.6285714285714339,47.16471647164716,-5.638872225554889,3500.0,1.8096736E7
3600.0,123.959463006,5.779808815018263E-4,3600.0,49.72222222222222,-0.5555555555555536,46.76470588235294,-6.470588235294119,3600.0,1.8099128E7
3700.0,127.24055889,5.933470084157433E-4,3700.0,49.810810810810814,-0.3783783783783745,46.437842515142776,-7.093425605536331,3700.0,1.8102888E7
3800.0,130.71716725,6.096320246662399E-4,3800.0,49.78947368421053,-0.42105263157894424,45.994905179733934,-7.979626485568765,3800.0,1.8106512E7
3900.0,134.20508205,6.259730628666696E-4,3900.0,49.43589743589744,-1.1282051282051286,45.22222222222222,-9.55555555555555,3900.0,1.8109904E7
4000.0,137.599147688,6.418762398471781E-4,4000.0,49.475,-1.0499999999999954,44.886828470139086,-10.19629225736095,4000.0,1.8111984E7
4100.0,140.858491863,6.571497466625135E-4,4100.0,49.48780487804878,-1.02439024390244,44.521832306455934,-10.926620246384584,4100.0,1.8113856E7
4200.0,144.286756043,6.732168603331984E-4,4200.0,49.5,-1.0000000000000009,44.18421052631579,-11.631578947368434,4200.0,1.8116152E7
4300.0,147.377873823,6.877053095774673E-4,4300.0,49.46511627906977,-1.0697674418604697,43.80656839927592,-12.35780765253361,4300.0,1.8117936E7
4400.0,150.759765402,7.035582191998115E-4,4400.0,49.47727272727273,-1.0454545454545494,43.47826086956522,-13.014743263853596,4400.0,1.8119728E7
4500.0,153.203973941,7.150168825446316E-4,4500.0,49.44444444444444,-1.1111111111111072,43.12500000000001,-13.750000000000002,4500.0,1.8121664E7
4600.0,156.048367122,7.283555435253771E-4,4600.0,49.34782608695652,-1.30434782608696,42.68142681426814,-13.658536585365862,4600.0,1.812696E7
4700.0,158.687811764,7.407353630973608E-4,4700.0,49.234042553191486,-1.5530070256330295,42.25556631171345,-13.67317770366842,4700.0,1.8130264E7
4800.0,161.319301767,7.53080029602614E-4,4800.0,49.270833333333336,-1.477747999704111,41.996188661267276,-13.308515588645866,4800.0,1.8133432E7
4900.0,163.811320401,7.647720369835606E-4,4900.0,49.28571428571429,-1.4285714285714235,41.73505275498242,-12.954545454545435,4900.0,1.8135944E7
5000.0,166.727487451,7.784557339514631E-4,5000.0,49.3,-1.417849541519304,41.48199445983379,-12.716763005780354,5000.0,1.8138168E7
5100.0,170.127261502,7.944112276972033E-4,5100.0,49.333333333333336,-1.3497456796925298,41.24602091859937,-12.396694214876025,5100.0,1.8141056E7
5200.0,172.559628446,8.058278879740907E-4,5200.0,49.36538461538461,-1.269230769230767,41.03023516237402,-12.042553191489372,5200.0,1.8143136E7
5300.0,175.229951787,8.18363834486314E-4,5300.0,49.43396226415094,-1.1486251007818775,40.86496028243601,-11.713213839099614,5300.0,1.8146616E7
5400.0,178.131899761,8.319889724749071E-4,5400.0,49.48148148148148,-1.0536297935339958,40.66985645933015,-11.392405063291132,5400.0,1.814904E7
5500.0,180.672733274,8.439197526551942E-4,5500.0,49.49090909090909,-1.018181818181818,40.450160771704184,-11.11999999999999,5500.0,1.8150768E7
5600.0,183.378320144,8.566254337288707E-4,5600.0,49.5,-1.0166857918495407,40.23668639053255,-10.945468811298548,5600.0,1.81526E7
5700.0,186.112358724,8.694660619886206E-4,5700.0,49.526315789473685,-0.9628562288533297,40.03751563151313,-10.696421700654087,5700.0,1.8154488E7
5800.0,189.225956131,8.84091657418192E-4,5800.0,49.55172413793104,-0.8965517241379284,39.85611510791367,-10.415094339622646,5800.0,1.8157392E7
5900.0,192.416730172,8.990819561913875E-4,5900.0,49.59322033898305,-0.8291196216779031,39.699918896999186,-10.18895887365692,5900.0,1.8160032E7
5995.0,195.001739065,9.112284594433267E-4,5995.0,49.591326105087575,-0.8251270853987306,39.4994994994995,-10.010921004732424,5995.0,1.8163168E7
