learning evaluation instances,evaluation time (cpu seconds),model cost (RAM-Hours),classified instances,classifications correct (percent),Kappa Statistic (percent),Kappa Temporal Statistic (percent),Kappa M Statistic (percent),model training instances,model serialized size (bytes)
100.0,0.531163364,1.0925050709199575E-7,100.0,35.0,0.0,-35.41666666666667,-91.17647058823532,100.0,795056.0
200.0,1.443663945,2.983287713816762E-7,200.0,57.49999999999999,14.999999999999991,-13.333333333333345,-57.40740740740742,200.0,800960.0
300.0,1.785313509,3.691216102044781E-7,300.0,60.0,7.69230769230769,0.0,-34.83146067415733,300.0,800960.0
400.0,2.120364489,4.385471635312836E-7,400.0,62.74999999999999,6.583072100313478,1.32450331125825,-26.27118644067797,400.0,800960.0
500.0,2.457744596,5.08455332759536E-7,500.0,65.0,6.417112299465274,7.407407407407414,-21.527777777777757,500.0,800960.0
600.0,2.787381296,5.767589989488489E-7,600.0,65.16666666666666,4.711246200607881,10.300429184549337,-17.41573033707868,600.0,800960.0
700.0,3.110518596,6.43715931452165E-7,700.0,66.0,4.25287356321841,14.388489208633098,-14.975845410628011,700.0,800960.0
800.0,3.424329281,7.0874030608909E-7,800.0,66.625,3.8703870387038988,15.772870662460567,-13.135593220338965,800.0,800960.0
900.0,3.726220193,7.712947973785467E-7,900.0,67.11111111111111,3.5481535119478926,16.61971830985916,-11.698113207547191,900.0,800960.0
1000.0,4.040671563,8.36451927665472E-7,1000.0,67.10000000000001,3.00707547169811,17.543859649122822,-10.40268456375836,1000.0,800960.0
1100.0,4.363282473,9.032997874628504E-7,1100.0,67.81818181818183,3.0378486055777176,18.993135011441648,-9.597523219814247,1100.0,800960.0
1200.0,4.704760984,9.740571825774345E-7,1200.0,68.33333333333333,2.978723404255309,20.00000000000001,-8.882521489971321,1200.0,800960.0
1300.0,5.052284929,1.046067245571249E-6,1300.0,67.6923076923077,2.3255813953488293,19.07514450867054,-7.96915167095116,1300.0,800960.0
1400.0,5.365621952,1.1109934732144242E-6,1400.0,67.42857142857143,1.9656019656019559,19.859402460456945,-7.294117647058819,1400.0,800960.0
1500.0,5.673053155,1.1746959622451994E-6,1500.0,67.93333333333334,2.010050251256286,20.232172470978448,-6.88888888888887,1500.0,800960.0
1600.0,5.969697945,1.2361634102355441E-6,1600.0,67.9375,1.8416646735230375,20.9553158705701,-6.4315352697095545,1600.0,800960.0
1700.0,6.285131903,1.301524141525494E-6,1700.0,67.64705882352942,1.398766588207535,19.941775836972365,-8.910891089108878,1700.0,800960.0
1800.0,6.589517888,1.3645956342086364E-6,1800.0,65.66666666666666,0.5611981285052322,14.993122420907824,-16.165413533834595,1800.0,800960.0
1900.0,6.876896613,1.4241430708329879E-6,1900.0,64.73684210526316,-0.10112336578821571,12.53263707571803,-19.21708185053382,1900.0,800960.0
2000.0,7.20399289,1.4919203387038744E-6,2000.0,64.8,-0.47095761381473644,12.871287128712883,-19.524617996604412,2000.0,800960.0
2100.0,7.527672174,1.558989575129102E-6,2100.0,64.57142857142857,-1.357137296624048,11.743772241992884,-22.16748768472906,2100.0,800960.0
2200.0,7.843825861,1.6244994406913059E-6,2200.0,64.54545454545455,-1.5403841966238314,11.564625850340143,-20.930232558139505,2200.0,800960.0
2300.0,8.225236273,1.703531082078252E-6,2300.0,64.82608695652175,-1.4724327861700404,12.065217391304367,-20.02967359050445,2300.0,800960.0
2400.0,8.582501706,1.777559668326726E-6,2400.0,65.04166666666666,-1.4387619393060278,12.695109261186252,-19.17613636363637,2400.0,800960.0
2500.0,8.891079314,1.8414997027049631E-6,2500.0,64.60000000000001,-1.9780750595506096,11.940298507462696,-20.90163934426231,2500.0,800960.0
2600.0,9.207631522,1.9070921453750966E-6,2600.0,63.46153846153846,-2.875944938461879,10.122989593188256,-24.345549738219898,2600.0,800960.0
2700.0,9.517795486,1.9713608868744807E-6,2700.0,62.74074074074074,-2.5240343785032526,9.287646528403968,-26.700251889168776,2700.0,800960.0
2800.0,9.834382,2.036960438053989E-6,2800.0,62.5,-2.379095163806541,8.456843940714922,-27.5820170109356,2800.0,800960.0
2900.0,10.144444391,2.101208132721252E-6,2900.0,62.89655172413793,-2.2076645922044036,9.65575146935349,-26.73733804475854,2900.0,800960.0
3000.0,10.466406525,2.1679215603412195E-6,3000.0,62.866666666666674,-2.66505204214981,10.088781275221969,-27.168949771689466,3000.0,800960.0
3100.0,10.786168039,2.2341789998570418E-6,3100.0,62.87096774193548,-2.478956214450763,10.358255451713383,-26.344676180021985,3100.0,800960.0
3200.0,11.097192562,2.298626056861563E-6,3200.0,62.0625,-2.2414264110700985,8.44645550527904,-28.329809725158555,3200.0,800960.0
3300.0,11.418828219,2.3652718355333805E-6,3300.0,61.212121212121204,-1.9817388948791637,6.158357771260984,-30.87934560327199,3300.0,800960.0
3400.0,11.721696426,2.4280288310690226E-6,3400.0,60.6764705882353,-1.8998226425718339,4.500000000000006,-32.770605759682226,3400.0,800960.0
3500.0,12.024168969,2.490703841492633E-6,3500.0,60.71428571428571,-1.6406114699186285,4.712404712404695,-32.33878729547645,3500.0,800960.0
3600.0,12.348525555,2.557913420937061E-6,3600.0,60.16666666666667,-1.260261075095855,3.4993270524899147,-33.51955307262569,3600.0,800960.0
3700.0,12.694936603,2.6296928817400666E-6,3700.0,59.56756756756757,-0.4385750032208188,2.158273381294969,-34.5323741007194,3700.0,800960.0
3800.0,13.077789157,2.709023347820275E-6,3800.0,59.23684210526316,-0.4108414094842184,0.8322663252240554,-36.235708003518035,3800.0,800960.0
3900.0,13.449750207,2.7860969970669346E-6,3900.0,59.07692307692308,-0.3812112124283891,0.8079552517091547,-36.643835616438324,3900.0,800960.0
4000.0,13.772920862,2.853060841023938E-6,4000.0,58.5,-0.9241245136186833,-0.42347247428917834,-38.44870725604674,4000.0,800960.0
4100.0,14.092110686,2.919199821269528E-6,4100.0,58.02439024390244,-0.516936920817836,-1.1757789535567322,-39.01453957996768,4100.0,800960.0
4200.0,14.413436127,2.9857813204175227E-6,4200.0,57.30952380952381,-0.849964886116914,-2.8096330275229473,-41.403785488958995,4200.0,800960.0
4300.0,14.724641643,3.0502658807869747E-6,4300.0,56.95348837209302,-0.6985755718183208,-4.2816901408450905,-42.82407407407408,4300.0,800960.0
4400.0,14.940165502,3.094924347884141E-6,4400.0,56.61363636363637,-0.6936202758656994,-4.832509610104343,-43.53383458646617,4400.0,800960.0
4500.0,15.237018965,3.1564350347824554E-6,4500.0,56.13333333333333,-0.7421325758752839,-5.674518201284796,-44.93392070484582,4500.0,800960.0
4600.0,15.556818401,3.222700332075125E-6,4600.0,55.69565217391305,-0.7090065314541072,-6.422976501305482,-46.51329978432779,4600.0,800960.0
4700.0,15.873521883,3.288324120068152E-6,4700.0,55.425531914893625,-0.6277725907382206,-6.778797145769608,-46.70868347338935,4700.0,800960.0
4800.0,16.194837489,3.354903581316371E-6,4800.0,55.104166666666664,-0.316116020669939,-7.107355864811131,-47.09897610921504,4800.0,800960.0
4900.0,16.515149023,3.421274989885025E-6,4900.0,54.63265306122449,-0.4291660304963429,-7.912621359223289,-48.596256684491976,4900.0,800960.0
5000.0,16.836362869,3.4878333655530537E-6,5000.0,54.17999999999999,-0.46800284871301234,-9.303435114503825,-50.03274394237067,5000.0,800960.0
5100.0,17.156265455,3.554120036446319E-6,5100.0,53.86274509803921,-0.23035701160638639,-9.85060690943044,-50.44757033248085,5100.0,800960.0
5200.0,17.480607765,3.6213266577761363E-6,5200.0,53.57692307692308,-0.038253108065029046,-10.077519379844958,-50.96935584740463,5200.0,800960.0
5300.0,17.79919394,3.687340556561466E-6,5300.0,53.35849056603773,0.4455845790046175,-10.013351134846472,-50.82367297132401,5300.0,800960.0
5400.0,18.118434245,3.7534899969207903E-6,5400.0,53.05555555555556,0.6548405600544417,-10.747051114023595,-51.343283582089526,5400.0,800960.0
5500.0,18.437857133,3.819677270107235E-6,5500.0,52.69090909090909,0.7121032577475219,-11.53021860265752,-52.25277940315974,5500.0,800960.0
5600.0,18.754362711,3.885260050625204E-6,5600.0,52.160714285714285,0.28487377419864335,-12.94266441821248,-54.4982698961938,5600.0,800960.0
5700.0,19.072673562,3.951216899820516E-6,5700.0,52.0,0.7348265628287932,-12.871287128712883,-54.05405405405405,5700.0,800960.0
5800.0,19.392220891,4.017429958292775E-6,5800.0,51.8448275862069,1.1329605867207202,-12.666397741024598,-53.71491469455145,5800.0,800960.0
5900.0,19.664274358,4.073801864684306E-6,5900.0,51.69491525423729,1.5148497918428576,-12.426035502958577,-53.308230231307185,5900.0,800960.0
6000.0,19.98062278,4.139352081076485E-6,6000.0,51.416666666666664,1.5742714132516558,-12.940720650910492,-54.06976744186046,6000.0,800960.0
6100.0,20.301686953,4.205879443163109E-6,6100.0,51.18032786885246,1.7103751722630445,-13.059984813971132,-54.30051813471505,6100.0,800960.0
6200.0,20.614998208,4.270800331446709E-6,6200.0,51.08064516129033,2.0695760858244032,-13.171641791044767,-53.64741641337386,6200.0,800960.0
6300.0,20.93068186,4.336212801561934E-6,6300.0,51.06349206349206,2.5802449394934253,-12.88905162943976,-52.39742956005931,6300.0,800960.0
6400.0,21.247054119,4.4017679571932544E-6,6400.0,50.875,2.7097436760318074,-12.809472551130249,-52.32558139534882,6400.0,800960.0
6500.0,21.567338983,4.468133839499883E-6,6500.0,50.723076923076924,2.898742690413062,-13.140233133168483,-52.233840304182486,6500.0,800960.0
6600.0,21.846692031,4.5260182842220855E-6,6600.0,50.74242424242424,3.3911565397711474,-12.180814354727394,-50.78849721706864,6600.0,800960.0
6700.0,22.171828138,4.593389387374801E-6,6700.0,50.417910447761194,3.22475732055878,-13.031643416127924,-52.036613272311236,6700.0,800960.0
6800.0,22.484699495,4.658219124866789E-6,6800.0,50.294117647058826,3.4085713209861277,-12.930170397594381,-51.773686573866186,6800.0,800960.0
6900.0,22.794194182,4.7223491861985945E-6,6900.0,50.17391304347826,3.548414246350769,-13.054916146004608,-51.45374449339211,6900.0,800960.0
7000.0,23.090069366,4.783657164957142E-6,7000.0,50.05714285714286,3.706580509396592,-13.139158576051793,-51.21107266435986,7000.0,800960.0
7100.0,23.335024358,4.834414025479571E-6,7100.0,49.802816901408455,3.5905255947792285,-13.720485003190818,-51.91815856777492,7100.0,800960.0
7200.0,23.64687266,4.899031776844974E-6,7200.0,49.861111111111114,3.9961704843628016,-13.379396984924632,-50.60492282019192,7200.0,800960.0
7300.0,23.966967947,4.965358377105262E-6,7300.0,49.726027397260275,4.065130433966791,-13.376583256101334,-50.53322395406068,7300.0,800960.0
7400.0,24.287738003,5.031824795524543E-6,7400.0,49.648648648648646,4.214926746950971,-13.286713286713303,-50.060410793395114,7400.0,800960.0
7500.0,24.608328393,5.098253985545137E-6,7500.0,49.480000000000004,4.21699368329317,-13.681368136813674,-50.35714285714287,7500.0,800960.0
7600.0,24.928546539,5.1646060432867195E-6,7600.0,49.434210526315795,4.387387625684948,-13.362831858407077,-49.766173031956356,7600.0,800960.0
7700.0,25.236404612,5.228396983591234E-6,7700.0,49.36363636363637,4.521456347768166,-13.211382113821138,-49.38697318007665,7700.0,800960.0
7800.0,25.557679423,5.2949679917513646E-6,7800.0,49.205128205128204,4.497814367232669,-13.491836150100239,-49.622356495468296,7800.0,800960.0
7900.0,25.877449255,5.361227154831024E-6,7900.0,49.025316455696206,4.432525066361597,-13.500563697857949,-50.09317927692882,7900.0,800960.0
8000.0,26.195781218,5.427188378621156E-6,8000.0,48.9875,4.584391493444833,-13.455657492354725,-49.5967741935484,8000.0,800960.0
8100.0,26.519683828,5.494303890186729E-6,8100.0,48.97530864197531,4.763375936099599,-13.29495614035087,-48.93693693693695,8100.0,800960.0
8200.0,26.814765415,5.555447428564163E-6,8200.0,48.9390243902439,4.896948195159952,-13.101026472177216,-48.475177304964554,8200.0,800960.0
8300.0,27.056550749,5.605547507660354E-6,8300.0,48.975903614457835,5.12706045439038,-12.993596584845237,-47.458217270194964,8300.0,800960.0
8400.0,27.302355014,5.6564803451279944E-6,8400.0,48.857142857142854,5.114709065927936,-13.201581027668002,-47.52747252747253,8400.0,800960.0
8500.0,27.567590333,5.711439470403159E-6,8500.0,48.90588235294118,5.340648531498596,-12.7466251298027,-46.52496626180836,8500.0,800960.0
8600.0,27.896150721,5.779520115140178E-6,8600.0,48.860465116279066,5.427490108377771,-12.856043110084684,-46.16151545363908,8600.0,800960.0
8700.0,28.223419035,5.847333030612864E-6,8700.0,48.689655172413794,5.337088182404233,-13.357034027425088,-46.69733815313835,8700.0,800960.0
8800.0,28.547935431,5.914575724115569E-6,8800.0,48.59090909090909,5.340742132842529,-13.525721455457958,-46.74018812844632,8800.0,800960.0
8900.0,28.873664654,5.98206972619694E-6,8900.0,48.528089887640455,5.387322338857305,-13.447251114413067,-46.5451055662188,8900.0,800960.0
9000.0,29.115380493,6.0321554053089006E-6,9000.0,48.577777777777776,5.575686351320466,-13.348028410482495,-45.580371185907524,9000.0,800960.0
9100.0,29.432216876,6.097805420122463E-6,9100.0,48.53846153846153,5.640495364537537,-13.389830508474567,-45.25434243176178,9100.0,800944.0
9200.0,29.757371001,6.165178910883912E-6,9200.0,48.51086956521739,5.7149132455354845,-13.488260661236223,-44.862385321100916,9200.0,800944.0
9300.0,30.080648374,6.2321621915361515E-6,9300.0,48.44086021505377,5.730222467669418,-13.625592417061613,-44.77657004830919,9300.0,800928.0
9400.0,30.400907443,6.2985200776485585E-6,9400.0,48.329787234042556,5.690224328360091,-13.667212731102271,-44.985074626865654,9400.0,800928.0
9500.0,30.72706402,6.366098581199682E-6,9500.0,48.28421052631579,5.728726728335293,-13.647929678464024,-44.755450795521504,9500.0,800912.0
9600.0,31.051938018,6.433408649417471E-6,9600.0,48.09375,5.585884303392749,-14.027459954233407,-45.531542056074755,9600.0,800880.0
9700.0,31.376060361,6.500560300345345E-6,9700.0,47.93814432989691,5.485291400510212,-14.564428312159706,-46.08041654613827,9700.0,800848.0
9800.0,31.701302561,6.567941270698398E-6,9800.0,47.93877551020408,5.570593873552406,-14.445939883355766,-45.563480741797434,9800.0,800816.0
9900.0,32.028170713,6.635655033316569E-6,9900.0,47.7979797979798,5.483952489259545,-14.869971104689931,-46.02995196383157,9900.0,800768.0
10000.0,32.353103147,6.702966449073303E-6,10000.0,47.8,5.563489991321973,-14.750494614200935,-45.525508781711736,10000.0,800752.0
