learning evaluation instances,evaluation time (cpu seconds),model cost (RAM-Hours),classified instances,classifications correct (percent),Kappa Statistic (percent),Kappa Temporal Statistic (percent),Kappa M Statistic (percent),model training instances,model serialized size (bytes)
100.0,0.564780197,1.1616486960453706E-7,100.0,33.0,0.0,-42.55319148936171,-179.16666666666669,100.0,795056.0
200.0,1.465323133,3.1446987127399694E-7,200.0,43.0,-9.71032624386487,-14.000000000000002,-54.054054054054056,200.0,851200.0
300.0,1.847730713,3.9868783067418057E-7,300.0,48.0,-5.9206952743074455,-6.849315068493149,-45.79439252336448,300.0,851296.0
400.0,2.208593569,4.781639638371559E-7,400.0,52.0,-3.716508210890232,-2.1276595744680873,-34.265734265734245,400.0,851328.0
500.0,2.546743645,5.52637853356132E-7,500.0,54.6,-2.355529904047305,6.584362139917702,-27.528089887640444,500.0,851328.0
600.0,2.85971103,6.215655281011553E-7,600.0,56.99999999999999,-0.891600187705335,10.416666666666654,-23.444976076555022,600.0,851328.0
700.0,3.158763045,6.874284934122653E-7,700.0,58.42857142857143,-0.33296556072187194,13.134328358208952,-20.247933884297503,700.0,851328.0
800.0,3.52380566,7.678251731966228E-7,800.0,58.12500000000001,-1.139708657257123,11.8421052631579,-17.13286713286711,800.0,851328.0
900.0,3.874806019,8.451291982807011E-7,900.0,59.22222222222222,-0.6251370914674405,12.826603325415666,-15.408805031446526,900.0,851328.0
1000.0,4.226888726,9.226715987817735E-7,1000.0,58.699999999999996,-1.2125905521845413,12.869198312236277,-13.461538461538474,1000.0,851328.0
1100.0,4.624568069,1.0102561642057986E-6,1100.0,59.09090909090909,-1.0946818070418882,13.95793499043978,-12.219451371571076,1100.0,851328.0
1200.0,4.96549542,1.0853417184446545E-6,1200.0,59.833333333333336,-0.7651461303675204,15.28998242530756,-11.316397228637399,1200.0,851328.0
1300.0,5.265525507,1.1514200935138555E-6,1300.0,59.53846153846154,-0.9948837923741541,15.024232633279485,-10.272536687631026,1300.0,851328.0
1400.0,5.509148149,1.2050753401405903E-6,1400.0,60.0,-0.8126735932517554,15.789473684210517,-9.58904109589042,1400.0,851328.0
1500.0,5.744956195,1.2570095066894384E-6,1500.0,60.199999999999996,-0.7574530136098778,16.5034965034965,-8.941605839416077,1500.0,851328.0
1600.0,6.048644417,1.3238935463471503E-6,1600.0,59.875,-0.9188012355479492,16.187989556135772,-8.263069139966277,1600.0,851328.0
1700.0,6.37526724,1.395828683320114E-6,1700.0,60.35294117647059,-0.7371093777474748,16.480793060718714,-7.839999999999995,1700.0,851328.0
1800.0,6.725613652,1.472988683664629E-6,1800.0,60.333333333333336,-0.754482680765375,17.551963048498862,-7.368421052631559,1800.0,851328.0
1900.0,7.031880123,1.5404405547226756E-6,1900.0,60.31578947368421,-0.7641362390767471,18.04347826086956,-6.950354609929063,1900.0,851328.0
2000.0,7.390548528,1.6194333838353843E-6,2000.0,60.5,-0.7010834926704985,17.793964620187307,-6.612685560053971,2000.0,851328.0
2100.0,7.792780311,1.7080205748320907E-6,2100.0,59.42857142857143,-0.5444189193441578,15.476190476190476,-9.370988446726576,2100.0,851328.0
2200.0,8.174491013,1.7920882201368898E-6,2200.0,59.22727272727273,2.70823514099272,15.932521087160262,-7.5539568345323564,2200.0,851328.0
2300.0,8.517582682,1.8676504419593305E-6,2300.0,58.173913043478265,1.9963927443845013,13.489208633093538,-10.70195627157651,2300.0,851328.0
2400.0,8.859211626,1.9428905144528837E-6,2400.0,57.58333333333333,2.7360656834113097,12.013828867761442,-11.500547645125977,2400.0,851328.0
2500.0,9.205363177,2.019126642124185E-6,2500.0,57.16,3.723621530814187,11.77924217462933,-11.562499999999998,2500.0,851328.0
2600.0,9.547122244,2.0943868851200284E-6,2600.0,56.49999999999999,3.6789744624483554,9.664536741214054,-13.100000000000023,2600.0,851232.0
2700.0,9.888549325,2.1695711935644885E-6,2700.0,55.925925925925924,3.738989753729982,8.812260536398453,-14.31316042267052,2700.0,851200.0
2800.0,10.236205896,2.2461200782673145E-6,2800.0,55.714285714285715,4.688700999231362,8.216136195410819,-13.657195233730507,2800.0,851120.0
2900.0,10.576314591,2.3209999923219617E-6,2900.0,55.172413793103445,4.546329211355184,7.142857142857134,-14.942528735632182,2900.0,851040.0
3000.0,10.924949541,2.397752757159778E-6,3000.0,55.03333333333333,5.361758012330343,7.2852233676975935,-14.128595600676814,3000.0,850992.0
3100.0,11.273438773,2.474469114441781E-6,3100.0,54.70967741935484,5.568679454223246,6.524633821571239,-14.425427872860643,3100.0,850944.0
3200.0,11.619250603,2.5505917747609153E-6,3200.0,54.25,5.361858372469596,5.5483870967741895,-15.548539857932111,3200.0,850896.0
3300.0,11.964068244,2.626491305017281E-6,3300.0,54.090909090909086,5.797784142297258,5.371642723297928,-15.121580547112462,3300.0,850848.0
3400.0,12.303014785,2.7010985181787445E-6,3400.0,53.70588235294118,5.645207927523339,4.779189352692089,-15.99115696389091,3400.0,850848.0
3500.0,12.647622903,2.776950502877012E-6,3500.0,53.51428571428571,5.86844029733306,4.798127559976602,-15.883190883190887,3500.0,850832.0
3600.0,13.022781829,2.859519287486747E-6,3600.0,53.44444444444445,6.286344794679885,4.664391353811151,-15.189003436426102,3600.0,850752.0
3700.0,13.434612047,2.950157357631657E-6,3700.0,53.16216216216216,6.211531530688196,3.935698447893575,-15.687583444592795,3700.0,850736.0
3800.0,13.805136005,3.031699896727138E-6,3800.0,52.921052631578945,6.1867455348246905,4.07506702412869,-16.018158236057083,3800.0,850688.0
3900.0,14.147970774,3.1071445192879977E-6,3900.0,52.84615384615384,6.447908438145343,4.1688379364252075,-15.515075376884427,3900.0,850640.0
4000.0,14.494535237,3.1834055991871612E-6,4000.0,52.525,6.211616029664582,3.06278713629403,-16.36029411764705,4000.0,850592.0
4100.0,14.838238704,3.259034275145179E-6,4100.0,52.243902439024396,6.034716051093672,2.5385764061722274,-17.035265989240873,4100.0,850560.0
4200.0,15.186090948,3.3355700906509618E-6,4200.0,52.0,5.909294568626476,1.9455252918287873,-17.55102040816326,4200.0,850496.0
4300.0,15.532575003,3.4118034376741783E-6,4300.0,51.883720930232556,5.987380306074926,1.7102137767220897,-17.423382519863797,4300.0,850480.0
4400.0,15.867144,3.4854138513552232E-6,4400.0,51.79545454545455,6.089585809629656,1.5320334261838342,-17.18232044198895,4400.0,850464.0
4500.0,16.199993888,3.558640523216501E-6,4500.0,51.53333333333333,5.88695349322466,0.8185538881309693,-17.891891891891902,4500.0,850400.0
4600.0,16.531818228,3.6316415754528927E-6,4600.0,51.32608695652174,5.765337996421432,0.2228163992869976,-18.34038054968287,4600.0,850400.0
4700.0,16.87313543,3.7067310486735157E-6,4700.0,51.212765957446805,5.7808099225691025,0.1306620209059133,-18.317853457172365,4700.0,850400.0
4800.0,17.223280062,3.7837610991224565E-6,4800.0,50.916666666666664,5.504989464902623,-0.5548442168160435,-19.291139240506322,4800.0,850384.0
4900.0,17.56947686,3.859922646032026E-6,4900.0,50.93877551020408,5.7018232026861675,-0.12494793835901859,-18.598914652195372,4900.0,850384.0
5000.0,17.920811759,3.937208732211155E-6,5000.0,50.839999999999996,5.703575622202936,-0.1221995926680336,-18.57211770381092,5000.0,850320.0
5100.0,18.269878199,4.013991471847457E-6,5100.0,50.450980392156865,5.2814605456643955,-1.1609287429944053,-20.10456273764257,5100.0,850272.0
5200.0,18.62154056,4.091343770171354E-6,5200.0,50.24999999999999,5.129645243943264,-1.650294695481339,-20.662313432835848,5200.0,850256.0
5300.0,18.961655595,4.166156097475733E-6,5300.0,49.84905660377358,4.702620004859767,-2.5858741798533473,-22.31937413713759,5300.0,850256.0
5400.0,19.306116609,4.241925800094004E-6,5400.0,49.44444444444444,4.280434562411855,-3.9208222306813743,-24.034529759200353,5400.0,850272.0
5500.0,19.578719839,4.301889235230034E-6,5500.0,49.10909090909091,3.9583544409302536,-4.635514018691598,-25.40322580645161,5500.0,850272.0
5600.0,19.928190683,4.378758036918851E-6,5600.0,48.76785714285714,3.6347727658230937,-5.555555555555569,-26.834659593280293,5600.0,850240.0
5700.0,20.271356784,4.4542400618630935E-6,5700.0,48.368421052631575,3.2451080095384985,-6.66908300108735,-28.627622377622362,5700.0,850240.0
5800.0,20.599419573,4.526399997096836E-6,5800.0,48.10344827586207,3.028996873909925,-7.3849447021048755,-29.685480396380875,5800.0,850240.0
5900.0,20.928361845,4.5987520198233715E-6,5900.0,47.813559322033896,2.7857513786302297,-8.415492957746485,-30.909863945578213,5900.0,850224.0
6000.0,21.260912173,4.6718976473004415E-6,6000.0,47.63333333333333,2.6750022405606257,-8.682116914562435,-31.51946421096693,6000.0,850224.0
6100.0,21.595723027,4.745540485511576E-6,6100.0,47.42622950819672,2.532470741854717,-9.19305413687435,-32.30198019801979,6100.0,850224.0
6200.0,21.93066623,4.819212434356006E-6,6200.0,47.08064516129033,2.2344086513479278,-10.211622438696685,-33.91836734693878,6200.0,850224.0
6300.0,22.262830813,4.8922745907477294E-6,6300.0,46.85714285714286,2.0780307973887497,-10.750909692358581,-34.83689085783327,6300.0,850240.0
6400.0,22.595541822,4.965458314904699E-6,6400.0,46.65625,1.9477262764799812,-11.459353574926535,-35.637663885578064,6400.0,850256.0
6500.0,22.945318648,5.0423958674895145E-6,6500.0,46.44615384615385,1.8084107704410788,-11.89328190292509,-36.509803921568604,6500.0,850256.0
6600.0,23.290937142,5.118418745735913E-6,6600.0,46.24242424242424,1.677042793714268,-12.81399046104928,-37.359659310878826,6600.0,850256.0
6700.0,23.631627505,5.19335621305361E-6,6700.0,45.95522388059701,1.4612077046826344,-13.724874371859302,-38.735632183908066,6700.0,850240.0
6800.0,23.897095387,5.251747916758106E-6,6800.0,45.6764705882353,1.258304865573379,-14.400743264168469,-40.08342813803563,6800.0,850240.0
6900.0,24.175705928,5.313029296228497E-6,6900.0,45.42028985507247,1.0817685066557692,-15.062633669416448,-41.31332082551593,6900.0,850224.0
7000.0,24.47187245,5.378172176163925E-6,7000.0,45.18571428571428,0.9294096869710061,-15.816480531240565,-42.42761692650333,7000.0,850224.0
7100.0,24.715867326,5.431839716994646E-6,7100.0,44.929577464788736,0.7590089413770058,-16.681587585795295,-43.697170158030154,7100.0,850224.0
7200.0,24.964982205,5.486633420696329E-6,7200.0,44.73611111111111,0.6504426147485168,-17.13276420370915,-44.58575581395349,7200.0,850224.0
7300.0,25.26191541,5.551943706215268E-6,7300.0,44.52054794520548,0.5227392938712754,-17.972618700844738,-45.631067961165066,7300.0,850208.0
7400.0,25.597175761,5.625685412890348E-6,7400.0,44.351351351351354,0.43887242380370833,-18.537708693149106,-46.3917525773196,7400.0,850224.0
7500.0,25.92498946,5.697790558861576E-6,7500.0,44.12,0.3002996525917725,-19.53793496862521,-47.57042253521126,7500.0,850240.0
7600.0,26.252495681,5.769828072680334E-6,7600.0,43.881578947368425,0.15801486510213403,-20.242458415562446,-48.81367759944173,7600.0,850240.0
7700.0,26.581460258,5.84218908643278E-6,7700.0,43.81818181818182,0.16883982203007666,-20.367278797996676,-48.91566265060239,7700.0,850272.0
7800.0,26.911729797,5.914839881534138E-6,7800.0,43.6025641025641,0.04860047300109468,-21.284808381582586,-50.034106412005485,7800.0,850304.0
7900.0,27.248000698,5.9888066460688205E-6,7900.0,43.50632911392405,0.029907921709066008,-21.442176870748288,-50.37061994609163,7900.0,850256.0
8000.0,27.592835325,6.0646628128650205E-6,8000.0,43.375,-0.018656901784097485,-21.7741935483871,-50.94968343885369,8000.0,850320.0
8100.0,27.9463929,6.142440766635963E-6,8100.0,43.32098765432099,-0.004636231189381109,-21.971307120085033,-51.01973684210526,8100.0,850352.0
8200.0,28.294291457,6.218989652161089E-6,8200.0,43.4390243902439,0.14558229873839984,-21.286610878661097,-49.95150339476236,8200.0,850528.0
8300.0,28.646015607,6.296375923755595E-6,8300.0,43.325301204819276,0.10710996916877688,-21.581804083742554,-50.431723696834005,8300.0,850480.0
8400.0,28.999758805,6.374209354291215E-6,8400.0,43.345238095238095,0.17291614371129047,-21.589167092488484,-50.03152585119797,8400.0,850512.0
8500.0,29.354527572,6.45226403339821E-6,8500.0,43.37647058823529,0.24468647905061958,-21.203727020901532,-49.56494717215661,8500.0,850464.0
8600.0,29.707972641,6.530031867187536E-6,8600.0,43.360465116279066,0.27746701062075874,-21.5016213519581,-49.417177914110425,8600.0,850512.0
8700.0,30.025670553,6.599933008257664E-6,8700.0,43.32183908045977,0.2912631107446826,-21.393402264894153,-49.424242424242436,8700.0,850496.0
8800.0,30.302885475,6.660926923035002E-6,8800.0,43.38636363636363,0.38081135413711115,-21.30508887265645,-48.760824126604945,8800.0,850496.0
8900.0,30.609946603,6.728487717156559E-6,8900.0,43.359550561797754,0.3997693327664431,-21.20702091849002,-48.70206489675516,8900.0,850496.0
9000.0,30.870786554,6.785871188866127E-6,9000.0,43.43333333333334,0.4909884392415794,-20.89764901448586,-47.994186046511615,9000.0,850384.0
9100.0,31.152618213,6.847879729670915E-6,9100.0,43.46153846153846,0.5463002063866893,-20.803005400328725,-47.590361445783124,9100.0,850480.0
9200.0,31.455420514,6.914502226603888E-6,9200.0,43.423913043478265,0.552293427845274,-20.793687630540735,-47.61769710720361,9200.0,850480.0
9300.0,31.762868215,6.982146803442562E-6,9300.0,43.483870967741936,0.6265951731988197,-20.578114246386782,-47.020979020979034,9300.0,850480.0
9400.0,32.088840211,7.0538657424032935E-6,9400.0,43.46808510638298,0.645285713126394,-20.498866213151913,-46.917334807851795,9400.0,850464.0
9500.0,32.417822926,7.126245724917786E-6,9500.0,43.50526315789474,0.699672292266745,-20.120859444941804,-46.479257641921414,9500.0,850448.0
9600.0,32.749696188,7.199261661030381E-6,9600.0,43.5625,0.7660653399963441,-20.0,-45.91974144896312,9600.0,850448.0
9700.0,33.096657774,7.27559720202645E-6,9700.0,43.577319587628864,0.8014424124756692,-19.995614996711243,-45.63597658328898,9700.0,850448.0
9800.0,33.447654843,7.352808972905369E-6,9800.0,43.57142857142857,0.8214067936439596,-19.61929483019683,-45.488029465930005,9800.0,850320.0
9900.0,33.775279595,7.4248779829622885E-6,9900.0,43.62626262626262,0.8810359310303568,-19.379679144385033,-44.96103896103899,9900.0,850304.0
10000.0,34.081075253,7.492145154374796E-6,10000.0,43.6,0.8850055181043001,-19.592875318066152,-44.94988434849653,10000.0,850304.0
