learning evaluation instances,evaluation time (cpu seconds),model cost (RAM-Hours),classified instances,classifications correct (percent),Kappa Statistic (percent),Kappa Temporal Statistic (percent),Kappa M Statistic (percent),model training instances,model serialized size (bytes)
100.0,0.476543565,9.80162218561396E-8,100.0,35.0,0.0,-35.41666666666667,-91.17647058823532,100.0,795056.0
200.0,1.25357592,2.5902426068863524E-7,200.0,57.49999999999999,14.999999999999991,-13.333333333333345,-57.40740740740742,200.0,800960.0
300.0,1.58032412,3.26729403898596E-7,300.0,60.0,7.69230769230769,0.0,-34.83146067415733,300.0,800960.0
400.0,1.854031363,3.8344398743698584E-7,400.0,62.74999999999999,6.583072100313478,1.32450331125825,-26.27118644067797,400.0,800960.0
500.0,2.056845435,4.2546887323514873E-7,500.0,65.0,6.417112299465274,7.407407407407414,-21.527777777777757,500.0,800960.0
600.0,2.353970879,4.870359170240454E-7,600.0,65.16666666666666,4.711246200607881,10.300429184549337,-17.41573033707868,600.0,800960.0
700.0,2.607522028,5.395739779960571E-7,700.0,66.0,4.25287356321841,14.388489208633098,-14.975845410628011,700.0,800960.0
800.0,2.792247444,5.778507328329608E-7,800.0,66.625,3.8703870387038988,15.772870662460567,-13.135593220338965,800.0,800960.0
900.0,3.042275596,6.296587973844467E-7,900.0,67.11111111111111,3.5481535119478926,16.61971830985916,-11.698113207547191,900.0,800960.0
1000.0,3.274462134,6.777699202818796E-7,1000.0,67.10000000000001,3.00707547169811,17.543859649122822,-10.40268456375836,1000.0,800960.0
1100.0,3.554015512,7.356958751679916E-7,1100.0,67.81818181818183,3.0378486055777176,18.993135011441648,-9.597523219814247,1100.0,800960.0
1200.0,3.888658889,8.050369695154122E-7,1200.0,68.33333333333333,2.978723404255309,20.00000000000001,-8.882521489971321,1200.0,800960.0
1300.0,4.227902284,8.753312286467809E-7,1300.0,67.6923076923077,2.3255813953488293,19.07514450867054,-7.96915167095116,1300.0,800960.0
1400.0,4.517456225,9.353293894397509E-7,1400.0,67.42857142857143,1.9656019656019559,19.859402460456945,-7.294117647058819,1400.0,800960.0
1500.0,4.796630138,9.931767157912048E-7,1500.0,67.93333333333334,2.010050251256286,20.232172470978448,-6.88888888888887,1500.0,800960.0
1600.0,5.064661816,1.0487152716081796E-6,1600.0,67.9375,1.8416646735230375,20.9553158705701,-6.4315352697095545,1600.0,800960.0
1700.0,5.309176626,1.0993809224916622E-6,1700.0,68.47058823529412,1.9160387513455075,21.97962154294033,-6.138613861386124,1700.0,800960.0
1800.0,5.574024526,1.154259771092381E-6,1800.0,68.72222222222221,1.8783888458559364,22.558459422283338,-5.827067669172941,1800.0,800960.0
1900.0,5.833026422,1.2079272754897467E-6,1900.0,68.84210526315789,1.7984983411908417,22.71540469973891,-5.525846702317277,1900.0,800960.0
2000.0,6.098339588,1.2629025313580823E-6,2000.0,69.05,1.7616251388668636,23.296158612143735,-5.2721088435374,2000.0,800960.0
2100.0,6.363847374,1.317918114227367E-6,2100.0,69.61904761904762,1.8605332552006975,24.137931034482737,-5.107084019769394,2100.0,800960.0
2200.0,6.642129403,1.3755806342541135E-6,2200.0,69.36363636363636,1.671087533156463,23.49602724177072,-4.821150855365496,2200.0,800960.0
2300.0,6.922128675,1.4335989823565507E-6,2300.0,69.3913043478261,1.592317977391501,23.478260869565226,-4.606240713224349,2300.0,800960.0
2400.0,7.195434436,1.4902303752413846E-6,2400.0,69.375,1.507537688442197,23.517169614984383,-4.403409090909098,2400.0,800960.0
2500.0,7.424955358,1.5377891587134656E-6,2500.0,69.44,1.4549582086472213,23.90438247011952,-4.22919508867666,2500.0,800960.0
2600.0,7.712779453,1.5974288799766656E-6,2600.0,69.38461538461539,1.372474266107502,24.621212121212142,-4.052287581699348,2600.0,800960.0
2700.0,7.906653308,1.6376012730225712E-6,2700.0,69.48148148148148,1.3392461197339167,25.564588979223124,-3.90920554854983,2700.0,800960.0
2800.0,8.094451941,1.6765148258497937E-6,2800.0,69.60714285714286,1.3169883210469575,25.416301489921118,-3.780487804878066,2800.0,800960.0
2900.0,8.325743729,1.724440548561741E-6,2900.0,69.72413793103448,1.2947743836253405,26.032013479359723,-3.659976387249126,2900.0,800960.0
3000.0,8.552284287,1.7713817740137997E-6,3000.0,69.8,1.2641673931996211,26.639676113360306,-3.542857142857172,3000.0,800960.0
3100.0,8.834392555,1.8298371249098536E-6,3100.0,69.61290322580645,1.170976038987432,26.23335943617856,-3.402854006586173,3100.0,800960.0
3200.0,9.029732038,1.87031320915783E-6,3200.0,69.53125,1.1093502377178723,26.192278576835736,-3.2838983050847315,3200.0,800960.0
3300.0,9.269655749,1.9200275433537653E-6,3300.0,69.33333333333334,1.025428249659214,25.91508052708639,-3.160040774719676,3300.0,800960.0
3400.0,9.471231393,1.961795815817577E-6,3400.0,69.6470588235294,1.0602300924881085,25.915290739411322,-3.0969030969031084,3400.0,800960.0
3500.0,9.632604911,1.9952338489773167E-6,3500.0,69.42857142857143,0.9783183500793275,25.797503467406386,-2.9836381135707546,3500.0,800960.0
3600.0,9.80497186,2.030949819154686E-6,3600.0,69.25,0.9100402804714182,25.2027027027027,-2.8810408921933135,3600.0,800960.0
3700.0,10.023196633,2.0761679397378326E-6,3700.0,69.37837837837839,0.9076941259898372,25.115664243225392,-2.813067150635218,3700.0,800960.0
3800.0,10.259021952,2.125033050533943E-6,3800.0,69.52631578947368,0.9097459917132154,25.530546623794205,-2.7506654835847506,3800.0,800960.0
3900.0,10.52748402,2.1806607870000727E-6,3900.0,69.58974358974359,0.8956119300651506,25.735754539762056,-2.6839826839826975,3900.0,800960.0
4000.0,10.783990483,2.23381121540854E-6,4000.0,69.325,0.8204340621590206,25.41033434650457,-2.5919732441471313,4000.0,800960.0
4100.0,11.03978175,2.286813448822809E-6,4100.0,69.34146341463415,0.8007237310646358,25.400593471810083,-2.528548123980426,4100.0,800960.0
4200.0,11.298139261,2.3403474308971525E-6,4200.0,69.35714285714286,0.7819383259912285,25.130890052356026,-2.468152866242037,4200.0,800960.0
4300.0,11.55919035,2.3944395463728038E-6,4300.0,69.27906976744185,0.747846446855739,25.070901871809415,-2.403100775193789,4300.0,800960.0
4400.0,11.829296071,2.450407862409846E-6,4400.0,69.36363636363636,0.7430216212597746,25.48369264787174,-2.3538344722855076,4400.0,800960.0
4500.0,12.102587364,2.5070362573959557E-6,4500.0,69.33333333333334,0.7194244604316593,25.56634304207121,-2.2979985174202926,4500.0,800960.0
4600.0,12.37624052,2.5637396336252287E-6,4600.0,69.5,0.7290961668614853,25.963060686015822,-2.25947521865892,4600.0,800960.0
4700.0,12.641832533,2.6187726690806245E-6,4700.0,69.61702127659575,0.7306611448011066,26.12519399896535,-2.219040801717946,4700.0,800960.0
4800.0,12.895689261,2.671374048748675E-6,4800.0,69.60416666666667,0.7117134998724314,26.275896917635162,-2.1708683473389394,4800.0,800960.0
4900.0,13.152599229,2.7246080869943528E-6,4900.0,69.79591836734694,0.7255304585900385,26.29482071713149,-2.1394064872325624,4900.0,800960.0
5000.0,13.401742434,2.776232782629443E-6,5000.0,69.78,0.6710456426734829,26.686074721009216,-2.163624070317807,5000.0,800960.0
5100.0,13.633778972,2.8243128241881524E-6,5100.0,69.23529411764706,2.12289075985486,25.745385707524854,-3.1558185404339216,5100.0,800960.0
5200.0,13.889126015,2.877223010425001E-6,5200.0,68.59615384615385,2.7183772862602007,24.363131079203338,-4.881181759794466,5200.0,800960.0
5300.0,14.169110186,2.9352382294654645E-6,5300.0,68.15094339622641,4.168925940866754,23.757904245709124,-5.368289637952566,5300.0,800960.0
5400.0,14.430525009,2.9894057138721775E-6,5400.0,67.7037037037037,5.3403459636667625,23.070136744596383,-5.953827460510362,5400.0,800960.0
5500.0,14.698975708,3.045031094580041E-6,5500.0,67.16363636363636,5.827185822786745,21.818181818181813,-7.244655581947745,5500.0,800960.0
5600.0,14.959395387,3.0989923762684694E-6,5600.0,66.76785714285714,6.851362246092759,20.842194810718848,-7.634470792365532,5600.0,800960.0
5700.0,15.209613857,3.15083987640811E-6,5700.0,66.22807017543859,7.034519360204336,19.825072886297367,-9.06515580736547,5700.0,800960.0
5800.0,15.454883331,3.2016619004076355E-6,5800.0,65.75862068965517,7.421442688144135,18.938775510204074,-10.088691796008893,5800.0,800960.0
5900.0,15.697929718,3.252023280940102E-6,5900.0,65.40677966101694,8.197633641325911,18.392642942822867,-10.383991346673891,5900.0,800960.0
6000.0,15.944581845,3.303131802981161E-6,6000.0,65.03333333333333,8.753608212001271,17.757742061936497,-10.88794926004228,6000.0,800960.0
6100.0,16.208003542,3.35771512959167E-6,6100.0,64.57377049180329,8.857904591225758,16.788602233346175,-12.026956972524593,6100.0,800960.0
6200.0,16.47335037,3.412697360526833E-6,6200.0,64.16129032258064,9.070639949594304,16.214177978883857,-12.906504065040666,6200.0,800960.0
6300.0,16.733481016,3.466598751998093E-6,6300.0,63.920634920634924,9.854189392130994,15.721171672228405,-12.692117005453627,6300.0,800960.0
6400.0,16.992181645,3.520203831184304E-6,6400.0,63.625,10.334767773235152,15.499092558983655,-12.900096993210495,6400.0,800960.0
6500.0,17.260485451,3.5757987743515734E-6,6500.0,63.26153846153846,10.495753882121244,14.622810153736133,-13.60608943862989,6500.0,800960.0
6600.0,17.525467071,3.6307053309297193E-6,6600.0,63.030303030303024,11.05464207612513,14.715134568332738,-13.488372093023257,6600.0,800960.0
6700.0,17.784940876,3.6844706190835897E-6,6700.0,62.61194029850746,10.910535886118353,13.887933997937443,-14.645308924485143,6700.0,800960.0
6800.0,18.045783589,3.738519557192322E-6,6800.0,62.30882352941176,11.108363701055108,13.44140493076662,-15.08756174225416,6800.0,800960.0
6900.0,18.319968735,3.7953331664975117E-6,6900.0,61.98550724637681,11.191917550346036,12.741184298070527,-15.70357300396998,6900.0,800960.0
7000.0,18.589169571,3.851113982286615E-6,7000.0,61.728571428571435,11.442098347674756,12.36506378802749,-15.923842492427495,7000.0,800960.0
7100.0,18.862771314,3.907806705283436E-6,7100.0,61.32394366197184,11.193040328579288,11.504995165968438,-17.150170648464155,7100.0,800960.0
7200.0,19.137830932,3.9648015129915335E-6,7200.0,61.16666666666667,11.664233518989754,11.322549952426257,-16.791979949874673,7200.0,800960.0
7300.0,19.384568871,4.01592781604485E-6,7300.0,60.945205479452056,11.895986947992641,11.045241809672394,-16.89216892168921,7300.0,800960.0
7400.0,19.646069984,4.070113180509685E-6,7400.0,60.71621621621621,12.06764281537891,10.718673218673198,-17.076117599677833,7400.0,800960.0
7500.0,19.918320811,4.12652598165462E-6,7500.0,60.38666666666666,11.921516171340071,9.942406789936335,-17.943628423977778,7500.0,800960.0
7600.0,20.187920867,4.182389519390691E-6,7600.0,60.18421052631579,12.107063240216956,9.859994042299656,-18.01872074882998,7600.0,800960.0
7700.0,20.459667788,4.238697906715154E-6,7700.0,59.96103896103896,12.20514566879802,9.695371997656714,-18.25853471423094,7700.0,800960.0
7800.0,20.709451939,4.290455412081774E-6,7800.0,59.743589743589745,12.292066987202418,9.27477607627852,-18.49056603773585,7800.0,800960.0
7900.0,20.956424441,4.341630318682123E-6,7900.0,59.41772151898734,12.06994299061625,8.816837315130828,-19.44858420268256,7900.0,800960.0
8000.0,21.203638104,4.3928551959939924E-6,8000.0,59.2125,12.146033055492586,8.496915311273135,-19.655298863219638,8000.0,800960.0
8100.0,21.446032053,4.443081385549965E-6,8100.0,59.06172839506173,12.338263155575799,8.321813657727393,-19.538572458543598,8100.0,800960.0
8200.0,21.70157106,4.496031348440858E-6,8200.0,58.90243902439024,12.484603098325001,8.17438692098091,-19.5035460992908,8200.0,800960.0
8300.0,21.962642109,4.550127599806649E-6,8300.0,58.81927710843373,12.795546201909037,8.01937567276641,-19.01114206128133,8300.0,800960.0
8400.0,22.221215574,4.603706329477144E-6,8400.0,58.5952380952381,12.740368547035402,7.622841965471451,-19.43681318681317,8400.0,800960.0
8500.0,22.475946875,4.6564889284762035E-6,8500.0,58.50588235294117,12.991355991094903,7.7184720041862835,-19.03476206547419,8500.0,800960.0
8600.0,22.727724555,4.708658468682464E-6,8600.0,58.36046511627907,13.088852753440278,7.395914145332309,-19.009637753406444,8600.0,800944.0
8700.0,22.976608117,4.760228333788998E-6,8700.0,58.06896551724138,12.832532370167076,6.629127207576134,-19.921104536489167,8700.0,800944.0
8800.0,23.224969032,4.811689903935947E-6,8800.0,57.875,12.791934863315142,6.270543615676362,-20.24002594875122,8800.0,800944.0
8900.0,23.475322113,4.863563224147492E-6,8900.0,57.69662921348314,12.774734142356332,6.062874251496992,-20.480000000000004,8900.0,800928.0
9000.0,23.7306383,4.91646490313039E-6,9000.0,57.65555555555556,13.049628561520091,5.970885763631893,-19.88046555520603,9000.0,800928.0
9100.0,23.98379067,4.96891718998101E-6,9100.0,57.505494505494504,13.067746075218606,5.659917052939741,-19.981383803909413,9100.0,800912.0
9200.0,24.236191178,5.021212648912271E-6,9200.0,57.38043478260869,13.128247166864204,5.381274131274116,-19.94493728969103,9200.0,800896.0
9300.0,24.493185766,5.07445996615741E-6,9300.0,57.21505376344086,13.091003581229256,5.035799522673034,-20.17517366354574,9300.0,800896.0
9400.0,24.76448576,5.13067013137853E-6,9400.0,57.02127659574469,12.985095604349642,4.761904761904765,-20.59701492537311,9400.0,800880.0
9500.0,25.033344033,5.186374400750519E-6,9500.0,56.88421052631579,12.989831894083375,4.588865595154905,-20.683559222156738,9500.0,800880.0
9600.0,25.284156466,5.238339784496311E-6,9600.0,56.59375,12.671168282470102,3.964047015441351,-21.7353198948291,9600.0,800880.0
9700.0,25.533968659,5.290097930288162E-6,9700.0,56.350515463917525,12.446971748352746,3.2670779072424065,-22.511574074074076,9700.0,800880.0
9800.0,25.792782721,5.343721157373707E-6,9800.0,56.265306122448976,12.535693990290856,3.2068654019873426,-22.317351598173538,9800.0,800880.0
9900.0,26.065896611,5.400307140494233E-6,9900.0,56.05050505050505,12.35822141813374,2.6404117252181623,-22.944334557784675,9900.0,800880.0
10000.0,26.315761816,5.452076269748468E-6,10000.0,55.97,12.439487194091038,2.566939588404502,-22.748815165876778,10000.0,800880.0
