learning evaluation instances,evaluation time (cpu seconds),model cost (RAM-Hours),classified instances,classifications correct (percent),Kappa Statistic (percent),Kappa Temporal Statistic (percent),Kappa M Statistic (percent),model training instances,model serialized size (bytes)
100.0,2.191244087,1.3484602138039196E-5,100.0,100.0,?,?,?,100.0,2.3787552E7
200.0,5.710733427,3.666668572517825E-5,200.0,96.5,57.16034271725822,-75.0,-16.666666666666664,200.0,2.5460984E7
300.0,8.931373139,5.78919853332654E-5,300.0,85.66666666666667,15.884194053208148,-975.0000000000019,-616.666666666666,300.0,2.5474992E7
400.0,12.008832092,7.817906768002714E-5,400.0,88.75,15.934989725387583,-1024.9999999999995,-649.9999999999997,400.0,2.548168E7
500.0,15.122500305,9.8709022787643E-5,500.0,89.8,14.002428166734084,-749.9999999999991,-537.4999999999993,500.0,2.548696E7
600.0,18.198459304,1.1899544793952864E-4,600.0,90.5,12.442396313364023,-612.5000000000011,-469.99999999999807,600.0,2.5493376E7
700.0,21.328043927,1.3964732404674678E-4,700.0,91.57142857142857,33.36130114883179,-391.6666666666672,-168.18181818181785,700.0,2.5507928E7
800.0,24.360452874,1.5969375595177915E-4,800.0,89.125,60.70194457619079,-569.2307692307699,28.68852459016391,800.0,2.5553576E7
900.0,27.549454815,1.8078976295650255E-4,900.0,88.55555555555556,67.30020318320352,-267.8571428571432,48.75621890547264,900.0,2.5571008E7
1000.0,30.805771784,2.0233914856836697E-4,1000.0,88.1,68.39779475031602,-85.93750000000014,53.69649805447471,1000.0,2.5580592E7
1100.0,34.071575407,2.2395959386008313E-4,1100.0,84.0909090909091,59.43097997892518,-82.29166666666661,46.15384615384615,1100.0,2.5590392E7
1200.0,37.399412494,2.459969631508564E-4,1200.0,83.41666666666666,57.5744224223086,-70.08547008547009,44.56824512534818,1200.0,2.5597648E7
1300.0,40.704317009,2.6788659440130563E-4,1300.0,81.15384615384616,53.006686772230715,-96.00000000000001,41.52744630071599,1300.0,2.5602472E7
1400.0,44.043119097,2.900091861095682E-4,1400.0,79.42857142857143,49.972206781545296,-98.6206896551725,39.74895397489539,1400.0,2.5612248E7
1500.0,47.374351621,3.120861521716788E-4,1500.0,77.53333333333333,46.327323692425296,-88.26815642458108,37.00934579439252,1500.0,2.5617504E7
1600.0,50.722478466,3.3427890637814433E-4,1600.0,75.8125,43.1101964315246,-73.54260089686092,34.84848484848486,1600.0,2.562192E7
1700.0,54.093674155,3.566275913793148E-4,1700.0,74.23529411764706,40.27997670870968,-82.49999999999996,32.92496171516079,1700.0,2.5625384E7
1800.0,57.24797164,3.7754747265552485E-4,1800.0,73.66666666666667,39.26537585421413,-66.9014084507042,32.285714285714285,1800.0,2.5636512E7
1900.0,60.287249997,3.977071992084448E-4,1900.0,72.15789473684211,37.069390842222056,-75.16556291390728,31.119791666666675,1900.0,2.5639912E7
2000.0,63.347133679,4.1800631894293793E-4,2000.0,72.05,36.72576789336425,-67.36526946107779,30.816831683168328,2000.0,2.5643344E7
2100.0,66.374859164,4.380964765665813E-4,2100.0,70.57142857142857,34.78260869565218,-66.5768194070081,29.931972789115658,2100.0,2.5648928E7
2200.0,69.416855554,4.582831845376945E-4,2200.0,69.04545454545455,32.6161070082487,-71.10552763819096,28.691099476439785,2200.0,2.5651288E7
2300.0,72.450129781,4.784141968112336E-4,2300.0,68.34782608695652,31.726530995029535,-78.86977886977886,28.275862068965512,2300.0,2.5654072E7
2400.0,75.612999911,4.99409621974059E-4,2400.0,67.95833333333333,31.192455328781936,-78.42227378190258,27.99625468164793,2400.0,2.5659352E7
2500.0,78.72814078,5.200903692130968E-4,2500.0,67.44,30.223148770418746,-77.34204793028324,27.191413237924873,2500.0,2.5662024E7
2600.0,81.772154362,5.403019354158678E-4,2600.0,65.38461538461539,27.878747531234048,-96.07843137254902,26.10837438423646,2600.0,2.5665856E7
2700.0,84.80289995,5.604289176908705E-4,2700.0,64.22222222222223,27.370686294384576,-110.45751633986922,26.707132018209407,2700.0,2.5670336E7
2800.0,87.820583473,5.804718224428638E-4,2800.0,62.92857142857143,26.44081249190101,-126.14379084967318,24.891461649782933,2800.0,2.5673752E7
2900.0,90.843222716,6.005526154439927E-4,2900.0,61.689655172413794,25.51608643546191,-142.04793028322445,19.60926193921852,2900.0,2.5680112E7
3000.0,93.871877341,6.206763236998779E-4,3000.0,60.46666666666667,24.542419121689026,-158.3877995642701,14.182344428364694,3000.0,2.568388E7
3100.0,96.900939204,6.408053080985984E-4,3100.0,59.41935483870968,23.814532400410734,-174.07407407407402,8.972503617945016,3100.0,2.568716E7
3200.0,99.947606364,6.610524071038279E-4,3200.0,58.65625,23.372646119762813,-185.74514038876896,4.682997118155609,3200.0,2.5688584E7
3300.0,103.020551385,6.814761048822222E-4,3300.0,58.3939393939394,23.17258284182597,-190.27484143763215,3.3779028852920696,3300.0,2.5691056E7
3400.0,106.096328848,7.019194108790108E-4,3400.0,57.58823529411765,22.58449182374883,-202.3060796645703,-1.0511562718990852,3400.0,2.569204E7
3500.0,109.243659376,7.228390859988912E-4,3500.0,57.285714285714285,21.895384446367014,-207.61316872427975,-1.5624999999999976,3500.0,2.5693008E7
3600.0,112.353195937,7.435088071214897E-4,3600.0,57.30555555555556,21.464095925875455,-211.76470588235298,-1.4521452145214684,3600.0,2.5694568E7
3700.0,115.448041935,7.6408292672343E-4,3700.0,57.62162162162162,21.617095946911032,-215.492957746479,-0.448430493273538,3700.0,2.5697128E7
3800.0,118.526249135,7.845474276613273E-4,3800.0,57.36842105263158,21.510326951053603,-212.74131274131284,-2.208201892744473,3800.0,2.5698376E7
3900.0,121.626806124,8.051612329000571E-4,3900.0,57.333333333333336,21.28232566478081,-211.02803738317766,-1.6493585827733654,3900.0,2.5699272E7
4000.0,124.709809062,8.256595820319357E-4,4000.0,58.25,23.300397666770543,-212.1495327102803,-2.0158827122785534,4000.0,2.570084E7
4100.0,127.960971967,8.472782784761738E-4,4100.0,59.048780487804876,24.803759429706222,-212.66294227188084,-1.942926533090469,4100.0,2.5703552E7
4200.0,131.125311727,8.683202576487323E-4,4200.0,59.71428571428572,25.876415632791623,-209.32358318098713,-1.4388489208632986,4200.0,2.5704304E7
4300.0,134.211798378,8.888457809260479E-4,4300.0,60.581395348837205,27.50848394912415,-209.30656934306566,-1.4970059880239548,4300.0,2.5705864E7
4400.0,137.36563553,9.098199310543599E-4,4400.0,60.75000000000001,27.424167290025974,-209.49820788530462,-1.1124121779859377,4400.0,2.5706768E7
4500.0,140.500089794,9.306663327148898E-4,4500.0,61.0,27.5506306191263,-212.8342245989304,-0.8041355542791667,4500.0,2.5708192E7
4600.0,143.637278022,9.515318846440686E-4,4600.0,61.65217391304347,28.638203678020602,-213.87900355871895,-0.9730967372638958,4600.0,2.5709384E7
4700.0,146.837863972,9.728198522367382E-4,4700.0,61.57446808510638,28.066747874976706,-219.6460176991151,-0.9502515371716189,4700.0,2.5710296E7
4800.0,150.094781448,9.9450335808485E-4,4800.0,62.10416666666667,28.861252065428893,-215.25129982668966,-0.22038567493110517,4800.0,2.5735056E7
4900.0,153.229968017,0.0010153778657833138,4900.0,62.48979591836735,29.3578072322006,-215.26586620926244,-0.38230475150188636,4900.0,2.573684E7
5000.0,156.315888313,0.001035925143735506,5000.0,63.12,30.371173001052288,-212.01353637901872,-0.27188689505165875,5000.0,2.5737832E7
5100.0,159.405578717,0.0010564990080683082,5100.0,63.588235294117645,31.019458504169545,-213.15345699831352,-0.2699784017278608,5100.0,2.5739688E7
5200.0,162.479629462,0.0010769697350634703,5200.0,64.13461538461539,31.832878792138793,-212.39530988274709,-0.4849137931034404,5200.0,2.5740952E7
5300.0,165.727030188,0.0010985956143360314,5300.0,64.67924528301887,32.63893830015702,-210.44776119402985,-0.5370569280343716,5300.0,2.574188E7
5400.0,168.941964451,0.0011200071214628258,5400.0,64.92592592592594,32.800446577813666,-211.0016420361248,-0.5307855626326733,5400.0,2.5744088E7
5500.0,172.04216544,0.001140656960783339,5500.0,65.36363636363637,33.33349452491582,-209.75609756097558,-0.3688092729188418,5500.0,2.5747152E7
5600.0,175.204233529,0.0011617207369123642,5600.0,65.91071428571429,34.1131805687379,-209.40032414910849,-0.473684210526301,5600.0,2.5749416E7
5700.0,178.372115776,0.0011828241350812642,5700.0,66.17543859649123,34.27853686139467,-207.49601275917064,-0.2600104004160175,5700.0,2.5750504E7
5800.0,181.538595122,0.001203918941218161,5800.0,66.65517241379311,34.9530019608273,-202.66040688575885,0.2578648788035323,5800.0,2.5751424E7
5900.0,184.773602338,0.0012254715326768298,5900.0,66.8135593220339,34.942524359807116,-202.6275115919629,0.45754956786986195,5900.0,2.5752928E7
6000.0,187.993488621,0.0012469261094631798,6000.0,67.08333333333333,35.159220501111434,-200.6088280060882,0.6039255158530452,6000.0,2.57562E7
6100.0,191.259993979,0.0012686927897784886,6100.0,67.09836065573771,34.89832872369096,-199.10581222056632,0.9866798223976532,6100.0,2.5757944E7
6200.0,194.365516938,0.001289388162001578,6200.0,67.04838709677419,34.49186798455931,-196.51669085631355,1.065375302663436,6200.0,2.5759704E7
6300.0,197.54246017,0.001310560416422559,6300.0,67.03174603174602,34.11942332858453,-197.13876967095862,0.953743443013826,6300.0,2.576084E7
6400.0,200.704195544,0.0013316319878312315,6400.0,67.171875,34.06533055598053,-197.17114568599715,0.8494572911750813,6400.0,2.5761656E7
6500.0,203.938624054,0.001353189245227898,6500.0,67.23076923076923,33.89271855391932,-198.31932773109256,1.1600928074245898,6500.0,2.5763112E7
6600.0,207.162886929,0.0013746814919066179,6600.0,67.18181818181819,33.495969452694105,-200.0,1.0958904109589112,6600.0,2.57664E7
6700.0,210.39972399,0.0013962585602661634,6700.0,67.25373134328359,33.390373699587954,-200.13679890560869,1.3045434098065827,6700.0,2.57676E7
6800.0,213.515048245,0.0014170273082196986,6800.0,67.41176470588235,33.41742170489187,-199.86468200270647,1.2037449843958805,6800.0,2.5769704E7
6900.0,216.638879248,0.001437853608069797,6900.0,67.73913043478261,33.78218921357674,-200.40485829959516,0.8463251670378887,6900.0,2.5770744E7
7000.0,219.786953606,0.0014588428001463382,7000.0,67.80000000000001,33.66266274153238,-200.93457943925236,1.0969723562966514,7000.0,2.5772296E7
7100.0,222.948424935,0.001479922046816349,7100.0,68.02816901408451,33.837238210244955,-201.86170212765956,0.9598603839441318,7100.0,2.5773192E7
7200.0,226.145974518,0.0015012424026876012,7200.0,68.29166666666666,34.094009136770076,-203.18725099601588,0.9544468546637503,7200.0,2.5773864E7
7300.0,229.442922368,0.0015232280359064293,7300.0,68.35616438356165,33.97274663741834,-205.15191545574626,1.155327342747126,7300.0,2.5776816E7
7400.0,232.652237463,0.0015446295441835112,7400.0,68.75675675675676,34.45282429297375,-205.41611624834871,1.0697475395806655,7400.0,2.577712E7
7500.0,235.817141808,0.0015657354403957938,7500.0,69.12,34.860935033964196,-205.1383399209487,0.9833262077811017,7500.0,2.5777784E7
7600.0,239.029060418,0.0015871552875358018,7600.0,69.51315789473685,35.32247014891714,-205.27009222661388,0.9405728943993225,7600.0,2.5778296E7
7700.0,242.134218309,0.001607863984587702,7700.0,69.83116883116884,35.66157031362967,-206.06060606060618,0.6840530141086082,7700.0,2.577932E7
7800.0,245.274362587,0.0016288062833031208,7800.0,70.16666666666667,36.026291866676296,-206.58761528326744,0.5130397605814285,7800.0,2.5779656E7
7900.0,248.512490912,0.0016504025345551363,7900.0,70.53164556962025,36.436288881845904,-206.71936758893276,0.4702864471996381,7900.0,2.5780224E7
8000.0,251.750656427,0.001671999905065103,8000.0,70.875,36.81041912116717,-206.9828722002634,0.3847798204360983,8000.0,2.5781264E7
8100.0,254.953188625,0.001693360211001986,8100.0,71.18518518518519,37.13041831713147,-207.50988142292482,0.21376656690895174,8100.0,2.5781984E7
8200.0,258.239668075,0.0017152809127279523,8200.0,71.5,37.457058311402584,-207.90513833992108,0.08550662676357425,8200.0,2.5782552E7
8300.0,261.434208271,0.0017365888853499267,8300.0,71.75903614457832,37.693598618698424,-208.8274044795783,-0.21376656690892232,8300.0,2.578316E7
8400.0,264.561564384,0.0017574568871630153,8400.0,72.04761904761905,37.97722196243829,-209.35441370223998,-0.38477982043605846,8400.0,2.579324E7
8500.0,267.801433091,0.0017790762853899273,8500.0,72.37647058823529,38.32572164746158,-209.3544137022396,-0.384779820436089,8500.0,2.5793992E7
8600.0,271.076998553,0.0018009342582084337,8600.0,72.69767441860465,38.662356515180555,-209.35441370223984,-0.3847798204360632,8600.0,2.5794432E7
8700.0,274.343011855,0.00182272894197733,8700.0,73.01149425287356,38.987722337925874,-209.35441370223978,-0.3847798204360556,8700.0,2.5794968E7
8800.0,277.558123514,0.0018441846820312071,8800.0,73.30681818181817,39.33741639936963,-207.86369593709057,-0.17057569296376418,8800.0,2.5795848E7
8900.0,280.801005978,0.0018658265868313217,8900.0,73.58426966292136,39.64518212565817,-207.3202614379084,0.0,8900.0,2.5796848E7
9000.0,283.884505782,0.0018864059741594786,9000.0,73.85555555555555,39.9050740242811,-207.58169934640537,-0.08507018290089803,9000.0,2.5798288E7
9100.0,287.121903999,0.001908013979098722,9100.0,74.05494505494505,40.04793687173404,-208.62745098039204,-0.42535091450446466,9100.0,2.5800072E7
9200.0,290.388232138,0.0019298157459589464,9200.0,74.29347826086956,40.25584272486516,-209.1503267973855,-0.5954912803062796,9200.0,2.5800864E7
9300.0,293.798424444,0.0019525796547358296,9300.0,74.21505376344086,39.87898480257716,-208.22622107969158,-0.6717044500419775,9300.0,2.5803008E7
9324.0,295.361268183,0.0019630120798036716,9324.0,74.22779922779922,39.84126554528601,-207.28900255754473,-0.6702974444909965,9324.0,2.5803112E7
