learning evaluation instances,evaluation time (cpu seconds),model cost (RAM-Hours),classified instances,classifications correct (percent),Kappa Statistic (percent),Kappa Temporal Statistic (percent),Kappa M Statistic (percent),model training instances,model serialized size (bytes)
100.0,2.584345226,1.5903690221778106E-5,100.0,100.0,?,?,?,100.0,2.3787552E7
200.0,6.535819319,4.1874273958871294E-5,200.0,97.0,0.0,-50.0,0.0,200.0,2.5405336E7
300.0,9.928519898,6.418468135305245E-5,300.0,98.0,0.0,-50.00000000000042,0.0,300.0,2.5419344E7
400.0,13.095334593,8.50152204566889E-5,400.0,98.5,0.0,-50.0,0.0,400.0,2.5426032E7
500.0,16.243149764,1.0572500684799741E-4,500.0,98.4,0.0,-33.33333333333333,0.0,500.0,2.5431312E7
600.0,19.591134113,1.2775728306254255E-4,600.0,98.33333333333333,0.0,-25.00000000000063,0.0,600.0,2.5437728E7
700.0,22.720363181,1.4836176395425742E-4,700.0,96.71428571428572,-0.2740408570004476,-91.66666666666656,-4.54545454545424,700.0,2.545228E7
800.0,25.920777648,1.6947276098500807E-4,800.0,84.625,-0.248583886874028,-846.1538461538472,-0.8196721311475965,800.0,2.5497928E7
900.0,29.096707144,1.9043656940963884E-4,900.0,78.77777777777779,8.013870159892166,-582.1428571428576,4.975124378109483,900.0,2.551536E7
1000.0,32.169375749,2.107263873570114E-4,1000.0,76.1,10.392921415716847,-273.4375000000003,7.003891050583663,1000.0,2.5524944E7
1100.0,35.343337109,2.3169312074724184E-4,1100.0,72.27272727272728,8.682634730538958,-217.70833333333326,6.153846153846157,1100.0,2.5534744E7
1200.0,38.507828367,2.5260323617132914E-4,1200.0,71.66666666666667,7.668493683891339,-190.5982905982905,5.292479108635108,1200.0,2.5542E7
1300.0,41.712504986,2.737828851057032E-4,1300.0,69.23076923076923,6.361308492669143,-220.00000000000006,4.534606205250587,1300.0,2.5546824E7
1400.0,44.823465338,2.943510327519466E-4,1400.0,67.28571428571428,5.808938455572128,-215.86206896551738,4.1841004184100274,1400.0,2.55566E7
1500.0,47.919567572,3.1482515565815024E-4,1500.0,65.66666666666666,5.0609576246190136,-187.70949720670404,3.7383177570093387,1500.0,2.5561856E7
1600.0,51.023535281,3.3535483797349577E-4,1600.0,64.1875,4.651365956543952,-156.95067264573987,3.53535353535352,1600.0,2.5566272E7
1700.0,54.599252136,3.590078795430895E-4,1700.0,62.82352941176471,4.13459702446067,-163.3333333333332,3.215926493108752,1700.0,2.5569736E7
1800.0,58.136003131,3.8241334717007997E-4,1800.0,62.27777777777778,3.8243626062322704,-139.0845070422535,2.999999999999984,1800.0,2.5580864E7
1900.0,61.572423977,4.051578737752968E-4,1900.0,60.68421052631579,3.3850954508695392,-147.3509933774835,2.7343749999999867,1900.0,2.5584264E7
2000.0,64.975656751,4.2768576116765876E-4,2000.0,60.699999999999996,3.365725076717295,-135.32934131736522,2.7227722772277247,2000.0,2.5587696E7
2100.0,68.266559311,4.494748264894619E-4,2100.0,59.04761904761905,2.987095027524601,-131.8059299191375,2.494331065759649,2100.0,2.559328E7
2200.0,71.455169516,4.7058856089916807E-4,2200.0,57.68181818181818,2.9151064132341222,-133.91959798994978,2.5130890052355928,2200.0,2.559564E7
2300.0,74.897504972,4.933848443113033E-4,2300.0,56.913043478260875,2.7021258430803377,-143.48894348894345,2.36453201970444,2300.0,2.5598424E7
2400.0,78.213967959,5.153520887094895E-4,2400.0,56.54166666666667,2.651645961863351,-141.99535962877033,2.340823970037445,2400.0,2.5603704E7
2500.0,81.76955012,5.389056437423122E-4,2500.0,56.24,2.441564815898165,-138.3442265795207,2.146690518783554,2500.0,2.5606376E7
2600.0,84.897117328,5.596269622350969E-4,2600.0,54.07692307692308,2.1326285100351736,-160.13071895424838,1.9704433497537015,2600.0,2.5610208E7
2700.0,87.986713634,5.801002898842701E-4,2700.0,52.074074074074076,1.8774110779835675,-181.91721132897598,1.8209408194233576,2700.0,2.5614688E7
2800.0,91.092122537,6.006811446270527E-4,2800.0,51.464285714285715,4.102532568142859,-196.078431372549,1.6642547033285124,2800.0,2.5618104E7
2900.0,94.267647301,6.21731911564339E-4,2900.0,53.137931034482754,10.010028569549675,-196.0784313725491,1.6642547033284965,2900.0,2.5624464E7
3000.0,97.413235031,6.425872901621051E-4,3000.0,54.7,14.902729875340965,-196.07843137254895,1.6642547033285187,3000.0,2.5628232E7
3100.0,100.526386284,6.632302551849637E-4,3100.0,56.16129032258065,19.021437435319406,-196.07843137254898,1.6642547033285149,3100.0,2.5631512E7
3200.0,103.638699631,6.83868810689448E-4,3200.0,57.34375000000001,22.005459617826762,-194.81641468682508,1.6570605187319916,3200.0,2.5632936E7
3300.0,106.740412509,7.044390553105155E-4,3300.0,57.6969696969697,22.46963528685126,-195.1374207188161,1.7593244194229658,3300.0,2.5635408E7
3400.0,109.864451658,7.251581607522364E-4,3400.0,58.76470588235294,24.8744308609307,-193.92033542976947,1.7519271198318087,3400.0,2.5636392E7
3500.0,113.004307775,7.459829530348227E-4,3500.0,58.65714285714285,24.10073344063686,-197.73662551440324,1.6983695652173854,3500.0,2.563736E7
3600.0,116.09190972,7.664624206442282E-4,3600.0,58.611111111111114,23.51292965157317,-202.23123732251526,1.6501650165016444,3600.0,2.563892E7
3700.0,119.199951862,7.870795225091305E-4,3700.0,58.48648648648649,22.746186041516864,-209.05432595573447,1.6015374759769478,3700.0,2.564148E7
3800.0,122.305970975,8.076842074780907E-4,3800.0,58.94736842105262,23.470672149030783,-201.1583011583013,1.5772870662460483,3800.0,2.5642728E7
3900.0,125.428527072,8.283993191559297E-4,3900.0,58.666666666666664,22.350770279667167,-201.30841121495337,1.5271838729382965,3900.0,2.5643624E7
4000.0,128.510598625,8.488471056224647E-4,4000.0,59.699999999999996,24.439949798502628,-201.3084112149532,1.5271838729382963,4000.0,2.5645192E7
4100.0,131.502712846,8.687001757672243E-4,4100.0,60.4390243902439,25.755070552890373,-202.04841713221603,1.517911353976929,4100.0,2.5647904E7
4200.0,134.46675785,8.883675796111287E-4,4200.0,60.88095238095238,26.343631519622907,-200.36563071297985,1.4988009592326086,4200.0,2.5648656E7
4300.0,137.41624197,9.079395575804317E-4,4300.0,61.74418604651163,27.870005914384194,-200.18248175182478,1.4970059880239548,4300.0,2.5650216E7
4400.0,140.402812501,9.277583293866525E-4,4400.0,61.75000000000001,27.445808724687566,-201.6129032258064,1.4637002341920506,4400.0,2.565112E7
4500.0,143.37765836,9.475003926051772E-4,4500.0,61.86666666666667,27.279439254976822,-205.88235294117635,1.4359563469270487,4500.0,2.5652544E7
4600.0,146.351556614,9.672370842675403E-4,4600.0,62.56521739130435,28.38693404188188,-206.40569395017795,1.4310246136233606,4600.0,2.5653736E7
4700.0,149.328809029,9.869967387266634E-4,4700.0,62.46808510638297,27.761421350757203,-212.21238938053105,1.3974287311346925,4700.0,2.5654648E7
4800.0,152.291955627,0.0010066817548577576,4800.0,62.708333333333336,27.870751640159668,-210.22530329289418,1.3774104683195687,4800.0,2.5679408E7
4900.0,155.261546965,0.0010264109557409867,4900.0,63.142857142857146,28.39034037529243,-209.7770154373928,1.3653741125068433,4900.0,2.5681192E7
5000.0,158.224075984,0.0010460939966707632,5000.0,63.72,29.199643734480702,-206.93739424703898,1.3594344752582936,5000.0,2.5682184E7
5100.0,161.197897739,0.0010658534944075224,5100.0,64.17647058823529,29.748040828574556,-208.09443507588523,1.349892008639304,5100.0,2.568404E7
5200.0,164.169346193,0.0010855981944512226,5200.0,64.78846153846153,30.60794934435693,-206.7001675041877,1.3469827586206848,5200.0,2.5685304E7
5300.0,167.286125932,0.0011063093410228063,5300.0,65.33962264150944,31.33417401558364,-204.6434494195689,1.3426423200859132,5300.0,2.5686232E7
5400.0,170.604231738,0.0011283602040282037,5400.0,65.61111111111111,31.505894927346155,-204.92610837438428,1.4331210191082815,5400.0,2.568844E7
5500.0,173.948624338,0.0011505884099825676,5500.0,65.98181818181818,31.86384448813893,-204.22764227642273,1.4225500526870576,5500.0,2.5691504E7
5600.0,177.319648509,0.001172995594692483,5600.0,66.55357142857142,32.61983991366129,-203.56564019448942,1.4210526315789358,5600.0,2.5693768E7
5700.0,180.650968624,0.0011951398043493547,5700.0,66.73684210526316,32.604525285089366,-202.39234449760767,1.4040561622464878,5700.0,2.5694856E7
5800.0,183.961307275,0.0012171453322660911,5800.0,67.0344827586207,32.81764014327747,-199.2175273865413,1.3924703455389684,5800.0,2.5695776E7
5900.0,187.232299608,0.0012388905776159315,5900.0,67.11864406779661,32.6160548048238,-199.84544049459046,1.3726487036095527,5900.0,2.569728E7
6000.0,190.416560965,0.0012600619390792749,6000.0,67.33333333333333,32.6736650178203,-198.3257229832571,1.3588324106693686,6000.0,2.5700552E7
6100.0,193.703639605,0.001281918390119139,6100.0,67.21311475409836,32.08867082053919,-198.06259314456042,1.3320177602367997,6100.0,2.5702296E7
6200.0,197.126303116,0.0013046779307868707,6200.0,67.12903225806451,31.583298995754394,-195.79100145137892,1.3075060532687428,6200.0,2.5704056E7
6300.0,200.423570932,0.001326604602023857,6300.0,67.14285714285714,31.273531345245903,-196.13733905579414,1.2875536480686516,6300.0,2.5705192E7
6400.0,203.649262028,0.001348055972483141,6400.0,67.3125,31.26544420107115,-195.8981612446959,1.2741859367626052,6400.0,2.5706008E7
6500.0,206.919584335,0.0013698053795815626,6500.0,67.26153846153846,30.84529033528936,-198.0392156862746,1.2529002320185678,6500.0,2.5707464E7
6600.0,210.182549663,0.0013915086343061066,6600.0,67.22727272727272,30.464185826302202,-199.58448753462613,1.23287671232875,6600.0,2.5710752E7
6700.0,213.466720467,0.0014133539544609805,6700.0,67.22388059701493,30.147691021605453,-200.4103967168262,1.2145748987854426,6700.0,2.5711952E7
6800.0,216.848522538,0.0014358505292869526,6800.0,67.41176470588235,30.19120239038427,-199.86468200270647,1.2037449843958805,6800.0,2.5714056E7
6900.0,220.066372848,0.001457257322642087,6900.0,67.85507246376812,30.708431827885335,-199.32523616734147,1.202672605790666,6900.0,2.5715096E7
7000.0,223.483036399,0.0014799880956142708,7000.0,67.82857142857142,30.36104027989172,-200.66755674232314,1.1847301448003615,7000.0,2.5716648E7
7100.0,227.08280496,0.0015039378851074434,7100.0,68.09859154929578,30.561948422702873,-201.19680851063828,1.1780104712041666,7100.0,2.5717544E7
7200.0,230.316917118,0.0015254554710310464,7200.0,68.3611111111111,30.750611256234468,-202.5232403718459,1.171366594360062,7200.0,2.5718216E7
7300.0,233.74028017,0.0015482348182471063,7300.0,68.35616438356165,30.45457706047752,-205.15191545574626,1.155327342747126,7300.0,2.5721168E7
7400.0,236.756941894,0.001568308177682773,7400.0,68.78378378378378,30.94689843150813,-205.15191545574635,1.1553273427471171,7400.0,2.5721472E7
7500.0,240.027651907,0.0015900725777281987,7500.0,69.17333333333333,31.371073754565064,-204.6113306982874,1.1543394613082312,7500.0,2.5722136E7
7600.0,243.233047772,0.001611402780123929,7600.0,69.57894736842105,31.825643555728483,-204.61133069828716,1.1543394613082494,7600.0,2.5722648E7
7700.0,246.32950754,0.0016320088910915286,7700.0,69.97402597402598,32.262654274787984,-204.6113306982873,1.1543394613082718,7700.0,2.5723672E7
7800.0,249.430400368,0.0016526447724271622,7800.0,70.35897435897436,32.68310403994697,-204.61133069828722,1.1543394613082327,7800.0,2.5724008E7
7900.0,252.474564183,0.0016729035797496427,7900.0,70.73417721518987,33.08791673605842,-204.61133069828713,1.1543394613082503,7900.0,2.5724576E7
8000.0,255.48114837,0.0016929131048353475,8000.0,71.1,33.47794878161711,-204.61133069828713,1.154339461308257,8000.0,2.5725616E7
8100.0,258.600194844,0.0017136716738663025,8100.0,71.4567901234568,33.8539951767302,-204.61133069828708,1.154339461308278,8100.0,2.5726336E7
8200.0,261.750207848,0.0017346368010767094,8200.0,71.80487804878048,34.216794911947495,-204.61133069828733,1.1543394613082523,8200.0,2.5726904E7
8300.0,264.810742452,0.0017550068800614674,8300.0,72.14457831325302,34.56703581538915,-204.61133069828708,1.1543394613082751,8300.0,2.5727512E7
8400.0,268.010552804,0.0017763122843848153,8400.0,72.47619047619047,34.905358905066095,-204.61133069828742,1.154339461308255,8400.0,2.5737592E7
8500.0,271.264021314,0.0017979755955561472,8500.0,72.8,35.23236230433841,-204.61133069828713,1.1543394613082265,8500.0,2.5738344E7
8600.0,274.297567788,0.001818174894996413,8600.0,73.11627906976744,35.548604770826906,-204.61133069828725,1.1543394613082711,8600.0,2.5738784E7
8700.0,277.387326006,0.0018387489167434724,8700.0,73.42528735632185,35.85460888257916,-204.61133069828722,1.1543394613082907,8700.0,2.573932E7
8800.0,280.825752553,0.0018616454271384584,8800.0,73.6590909090909,36.02523061733908,-203.80078636959382,1.1513859275053249,8800.0,2.57402E7
8900.0,284.204306284,0.0018841441179980843,8900.0,73.88764044943821,36.18895837844012,-203.79084967320256,1.148447469162061,8900.0,2.57412E7
9000.0,287.535689305,0.0019063299275492314,9000.0,74.17777777777778,36.46922332380169,-203.79084967320279,1.1484474691620596,9000.0,2.574264E7
9100.0,290.681571128,0.001927281817911349,9100.0,74.45054945054946,36.72206194170661,-203.92156862745082,1.1059123777116253,9100.0,2.5744424E7
9200.0,293.762251408,0.0019478000906217802,9200.0,74.72826086956522,36.98578901392749,-203.92156862745074,1.1059123777116189,9200.0,2.5745216E7
9300.0,296.997149038,0.001969347292291544,9300.0,74.65591397849462,36.60442591636266,-202.95629820051425,1.0495382031905953,9300.0,2.574736E7
9324.0,298.471184878,0.001979165678972588,9324.0,74.65679965679965,36.54820779585218,-202.17391304347828,1.005446166736473,9324.0,2.5747464E7
