learning evaluation instances,evaluation time (cpu seconds),model cost (RAM-Hours),classified instances,classifications correct (percent),Kappa Statistic (percent),Kappa Temporal Statistic (percent),Kappa M Statistic (percent),model training instances,model serialized size (bytes)
100.0,2.160543265,1.3295673678431783E-5,100.0,100.0,?,?,?,100.0,2.3787552E7
200.0,5.559751322,3.5641199056724086E-5,200.0,97.5,43.31065759637201,-25.0,16.666666666666664,200.0,2.5410616E7
300.0,8.554170988,5.533660037940419E-5,300.0,97.33333333333334,31.9727891156466,-100.0,-33.333333333332966,300.0,2.5424624E7
400.0,11.556619149,7.509000287842502E-5,400.0,98.0,32.31810490693726,-100.0,-33.33333333333333,400.0,2.5431312E7
500.0,14.486007954,9.436674203920173E-5,500.0,97.6,23.780487804877886,-100.0,-50.0,500.0,2.5436592E7
600.0,17.411095005,1.1362002878938419E-4,600.0,97.33333333333334,18.644067796610365,-100.0,-59.9999999999992,600.0,2.5443008E7
700.0,20.356658816,1.3301918502774048E-4,700.0,96.42857142857143,30.665610142630772,-108.33333333333344,-13.636363636363427,700.0,2.545756E7
800.0,23.278819432,1.5229871871428525E-4,800.0,86.25,22.996149807490383,-746.1538461538466,9.836065573770503,800.0,2.5503208E7
900.0,26.211280536,1.716594363458478E-4,900.0,81.44444444444444,27.3196773631985,-496.42857142857196,16.915422885572145,900.0,2.552064E7
1000.0,29.176135456,1.9124137570739806E-4,1000.0,79.80000000000001,30.934976305910176,-215.62500000000023,21.40077821011675,1000.0,2.5530224E7
1100.0,32.111684845,2.1063720360476847E-4,1100.0,75.9090909090909,25.921219822109247,-176.04166666666669,18.46153846153843,1100.0,2.5540024E7
1200.0,35.060063891,2.3012333439800976E-4,1200.0,75.08333333333333,24.023614510896728,-155.55555555555546,16.713091922005585,1200.0,2.554728E7
1300.0,38.008906035,2.49616205925226E-4,1300.0,72.84615384615385,21.84998739790603,-182.39999999999998,15.75178997613366,1300.0,2.5552104E7
1400.0,40.962075256,2.691451496722223E-4,1400.0,71.14285714285714,20.936682248216325,-178.62068965517253,15.481171548117146,1400.0,2.556188E7
1500.0,43.915857741,2.886821652078874E-4,1500.0,69.26666666666667,18.380113783905003,-157.5418994413409,13.831775700934582,1500.0,2.5567136E7
1600.0,46.87362597,3.0824892241702634E-4,1600.0,67.625,16.69481031183159,-132.286995515695,12.794612794612792,1600.0,2.5571552E7
1700.0,49.817518854,3.2772652710118396E-4,1700.0,66.11764705882352,15.077108805719808,-139.99999999999994,11.791730474732004,1700.0,2.5575016E7
1800.0,52.783577584,3.4735932587034264E-4,1800.0,65.5,14.41041347626339,-118.66197183098588,11.285714285714281,1800.0,2.5586144E7
1900.0,55.745233535,3.6696558698891035E-4,1900.0,63.8421052631579,13.083604343622405,-127.48344370860927,10.54687500000001,1900.0,2.5589544E7
2000.0,58.701847896,3.865410976757761E-4,2000.0,63.7,12.599198705601388,-117.36526946107779,10.148514851485157,2000.0,2.5592976E7
2100.0,61.675113613,4.062311508129422E-4,2100.0,62.142857142857146,11.831248336438662,-114.2857142857143,9.863945578231304,2100.0,2.559856E7
2200.0,64.637172824,4.2584879880520145E-4,2200.0,60.77272727272728,11.202364694217358,-116.83417085427132,9.633507853403152,2200.0,2.560092E7
2300.0,67.594092007,4.454345341543552E-4,2300.0,60.04347826086956,10.819614031238665,-125.79852579852577,9.458128078817735,2300.0,2.5603704E7
2400.0,70.561327164,4.6509265244928244E-4,2400.0,59.583333333333336,10.412472061621418,-125.05800464037125,9.176029962546805,2400.0,2.5608984E7
2500.0,73.541924795,4.8484135830236625E-4,2500.0,59.160000000000004,9.826046406466416,-122.4400871459695,8.676207513416829,2500.0,2.5611656E7
2600.0,76.505184841,5.044781271886663E-4,2600.0,56.96153846153847,8.775305179746596,-143.79084967320262,8.128078817733998,2600.0,2.5615488E7
2700.0,79.452050757,5.240096717112066E-4,2700.0,55.00000000000001,8.048045421826966,-164.70588235294107,7.814871016691958,2700.0,2.5619968E7
2800.0,82.420074436,5.436840707634642E-4,2800.0,53.035714285714285,7.145040354836087,-186.49237472766885,4.848046309696089,2800.0,2.5623384E7
2900.0,85.368963597,5.63236483072011E-4,2900.0,53.6551724137931,10.878755229379284,-192.8104575163399,2.749638205499277,2900.0,2.5629744E7
3000.0,88.319850202,5.828050157772939E-4,3000.0,55.13333333333333,15.537855272295253,-193.24618736383437,2.6049204052098434,3000.0,2.5633512E7
3100.0,91.2619146,6.023175412839559E-4,3100.0,56.58064516129032,19.57270953963346,-193.24618736383442,2.604920405209837,3100.0,2.5636792E7
3200.0,94.215818205,6.219096756353243E-4,3200.0,57.71875,22.444516732753144,-192.22462203023767,2.521613832853011,3200.0,2.5638216E7
3300.0,97.174249043,6.415337293653164E-4,3300.0,58.060606060606055,22.886443230057125,-192.60042283298105,2.6038001407459572,3300.0,2.5640688E7
3400.0,100.130444705,6.61143709115705E-4,3400.0,59.11764705882353,25.24728028853348,-191.4046121593292,2.5928521373510827,3400.0,2.5641672E7
3500.0,103.083581042,6.807341343071029E-4,3500.0,59.0,24.46582411282497,-195.26748971193408,2.5135869565217375,3500.0,2.564264E7
3600.0,106.030763435,7.002862518111195E-4,3600.0,58.94444444444444,23.869045830525344,-199.79716024340777,2.4422442244224287,3600.0,2.56442E7
3700.0,108.984888043,7.198863816090371E-4,3700.0,58.86486486486486,23.208984633342457,-206.2374245472838,2.498398462524024,3700.0,2.564676E7
3800.0,111.94442141,7.395233531417879E-4,3800.0,59.31578947368421,23.909932196584567,-198.45559845559853,2.4605678233438533,3800.0,2.5648008E7
3900.0,114.90223519,7.591496005520098E-4,3900.0,58.97435897435898,22.701694691018613,-199.06542056074775,2.260232131948684,3900.0,2.5648904E7
4000.0,117.85580757,7.787489027150375E-4,4000.0,60.0,24.759188255097385,-199.0654205607476,2.2602321319486816,4000.0,2.5650472E7
4100.0,120.815144241,7.983885317938363E-4,4100.0,60.731707317073166,26.051494866622697,-199.81378026070763,2.246508803885855,4100.0,2.5653184E7
4200.0,123.781720824,8.18076785653769E-4,4200.0,61.21428571428571,26.727993337857008,-197.8062157221206,2.338129496402864,4200.0,2.5653936E7
4300.0,126.751303056,8.377861855226965E-4,4300.0,62.02325581395349,28.15706223475439,-197.99270072992695,2.215568862275461,4300.0,2.5655496E7
4400.0,129.722494346,8.575069597216708E-4,4400.0,61.97727272727273,27.653712764443505,-199.82078853046593,2.049180327868848,4400.0,2.56564E7
4500.0,132.673798996,8.770968269782737E-4,4500.0,62.22222222222222,27.77746622959289,-203.03030303030295,2.354968408960357,4500.0,2.5657824E7
4600.0,135.630610671,8.967241599962224E-4,4600.0,62.91304347826087,28.867402188145867,-203.55871886121002,2.3468803663422904,4600.0,2.5659016E7
4700.0,138.58742069,9.1635217963676E-4,4700.0,62.76595744680851,28.16620235978172,-209.73451327433636,2.1799888205701294,4700.0,2.5659928E7
4800.0,141.545783866,9.360094590962735E-4,4800.0,63.125,28.55034400284588,-206.75909878682836,2.479338842975212,4800.0,2.5684688E7
4900.0,144.513284053,9.557288203367757E-4,4900.0,63.57142857142857,29.116494830322065,-206.1749571183534,2.5122883670125615,4900.0,2.5686472E7
5000.0,147.481324605,9.754525340529677E-4,5000.0,64.14,29.91077990186727,-203.38409475465323,2.5013594344752543,5000.0,2.5687464E7
5100.0,150.433925741,9.950750648967891E-4,5100.0,64.58823529411765,30.445722501797267,-204.55311973018536,2.4838012958963316,5100.0,2.568932E7
5200.0,153.389663404,0.0010147194071337513,5200.0,65.1923076923077,31.292048215286865,-203.18257956448917,2.4784482758620667,5200.0,2.5690584E7
5300.0,156.359899843,0.0010344608238137068,5300.0,65.73584905660378,32.005775920290056,-201.1608623548922,2.470461868958116,5300.0,2.5691512E7
5400.0,159.322863303,0.0010541555937527707,5400.0,65.96296296296296,32.10831149898545,-201.80623973727424,2.441613588110424,5400.0,2.569372E7
5500.0,162.287615438,0.0010738646030229114,5500.0,66.32727272727273,32.456698285012834,-201.13821138211387,2.4236037934668033,5500.0,2.5696784E7
5600.0,165.24465171,0.0010935240508925775,5600.0,66.92857142857143,33.29045205444206,-200.16207455429492,2.526315789473682,5600.0,2.5699048E7
5700.0,168.207928283,0.0011132258206056089,5700.0,67.12280701754386,33.30943366399538,-198.88357256778312,2.548101924076958,5700.0,2.5700136E7
5800.0,171.155288337,0.001132822468542464,5800.0,67.44827586206897,33.59908092357334,-195.46165884194042,2.6302217637957774,5800.0,2.5701056E7
5900.0,174.104395457,0.0011524318799701705,5900.0,67.55932203389831,33.47293926411501,-195.82689335394127,2.6944585663446947,5900.0,2.570256E7
6000.0,177.050200993,0.0011720218318045754,6000.0,67.76666666666667,33.520504089199406,-194.3683409436833,2.667337695017622,6000.0,2.5705832E7
6100.0,180.01552812,0.0011917429423841885,6100.0,67.63934426229508,32.92568327914724,-194.18777943368107,2.6147015293537454,6100.0,2.5707576E7
6200.0,182.995171822,0.001211560622994895,6200.0,67.54838709677419,32.410678922008195,-192.01741654571848,2.5665859564164646,6200.0,2.5709336E7
6300.0,185.959753547,0.0012312789972841371,6300.0,67.55555555555556,32.09154067910359,-192.41773962804015,2.527420123986652,6300.0,2.5710472E7
6400.0,188.933202945,0.0012510569809764578,6400.0,67.71875,32.07446287690418,-192.22065063649217,2.5011798017933042,6400.0,2.5711288E7
6500.0,191.897441853,0.001270774817365839,6500.0,67.66153846153846,31.645320108322885,-194.39775910364153,2.4593967517401465,6500.0,2.5712744E7
6600.0,194.853506814,0.001290440795886522,6600.0,67.62121212121212,31.25542847283352,-195.98337950138506,2.4200913242009205,6600.0,2.5716032E7
6700.0,197.82129062,0.0013101856583434173,6700.0,67.61194029850746,30.930374834428164,-196.85362517099855,2.3841655420602983,6700.0,2.5717232E7
6800.0,200.793462396,0.0013299613320275278,6800.0,67.79411764705883,30.965855912594588,-196.34641407307177,2.3629068212215834,6800.0,2.5719336E7
6900.0,203.752931273,0.00134965328180937,6900.0,68.21739130434783,31.452047645667303,-195.9514170040486,2.316258351893121,6900.0,2.5720376E7
7000.0,206.715854298,0.0013693694047003458,7000.0,68.21428571428572,31.17369117770013,-197.0627503337784,2.369460289600723,7000.0,2.5721928E7
7100.0,209.69543183,0.0013891970420173128,7100.0,68.50704225352112,31.44355290604436,-197.3404255319149,2.4432809773123605,7100.0,2.5722824E7
7200.0,212.661198629,0.0014089332912217815,7200.0,68.76388888888889,31.624711175969843,-198.6719787516599,2.429501084598697,7200.0,2.5723496E7
7300.0,215.668535122,0.0014289484703769863,7300.0,68.75342465753424,31.320220107902564,-201.32100396301183,2.3962344886606797,7300.0,2.5726448E7
7400.0,218.623397313,0.001448614641798085,7400.0,69.17567567567568,31.806289364279515,-201.32100396301186,2.3962344886606863,7400.0,2.5726752E7
7500.0,221.584544772,0.0014683231536613602,7500.0,69.56,32.22433383318506,-200.79051383399224,2.3941855493800626,7500.0,2.5727416E7
7600.0,224.541232218,0.0014880023726393584,7600.0,69.94736842105263,32.65128455072833,-200.92226613965732,2.351432235998306,7600.0,2.5727928E7
7700.0,227.487346226,0.0015076119970295278,7700.0,70.31168831168831,33.03980537104284,-201.1857707509882,2.2659256092347326,7700.0,2.5728952E7
7800.0,230.435570146,0.0015272359214711037,7800.0,70.6923076923077,33.45563809970366,-201.18577075098818,2.265925609234686,7800.0,2.5729288E7
7900.0,233.399593663,0.0015469654464960608,7900.0,71.0632911392405,33.85600303085819,-201.1857707509881,2.265925609234698,7900.0,2.5729856E7
8000.0,236.352386578,0.0015666210113491033,8000.0,71.42500000000001,34.24174744357963,-201.18577075098796,2.2659256092347504,8000.0,2.5730896E7
8100.0,239.311401206,0.0015863185428237744,8100.0,71.77777777777777,34.61365784474023,-201.1857707509881,2.2659256092347193,8100.0,2.5731616E7
8200.0,242.273602017,0.0016060377193132206,8200.0,72.10975609756098,34.95196683463938,-201.3175230566536,2.2231722958529305,8200.0,2.5732184E7
8300.0,245.235538171,0.001625755599881419,8300.0,72.44578313253012,35.29854475325158,-201.3175230566534,2.223172295852926,8300.0,2.5732792E7
8400.0,248.198507304,0.0016454880836296543,8400.0,72.75,35.593101793287744,-201.5810276679843,2.1376656690893863,8400.0,2.5742872E7
8500.0,251.150115374,0.0016651454803279849,8500.0,73.05882352941177,35.89711079567739,-201.71277997364942,2.094912355707551,8500.0,2.5743624E7
8600.0,254.098857383,0.0016847841250143636,8600.0,73.37209302325581,36.21055453285001,-201.71277997364962,2.094912355707582,8600.0,2.5744064E7
8700.0,257.040648912,0.0017043768873693044,8700.0,73.67816091954023,36.51384634190317,-201.71277997364965,2.09491235570757,8700.0,2.57446E7
8800.0,260.016728954,0.0017241986937661046,8800.0,73.95454545454545,36.824241680101295,-200.39318479685465,2.2601279317697087,8800.0,2.574548E7
8900.0,262.993550973,0.001744026212113275,8900.0,74.17977528089888,36.98446435130896,-200.39215686274514,2.254359846873644,8900.0,2.574648E7
9000.0,265.963368758,0.0017638081841731405,9000.0,74.46666666666667,37.261884401579024,-200.3921568627452,2.2543598468736916,9000.0,2.574792E7
9100.0,268.916606016,0.0017834810762386707,9100.0,74.74725274725274,37.53085474153771,-200.392156862745,2.254359846873671,9100.0,2.5749704E7
9200.0,271.869143629,0.0018031499125905185,9200.0,75.02173913043478,37.79175562449144,-200.3921568627449,2.2543598468736645,9200.0,2.5750496E7
9300.0,274.904798457,0.0018233741322830133,9300.0,74.94623655913979,37.40454257739028,-199.48586118251933,2.1830394626364487,9300.0,2.575264E7
9324.0,276.324831941,0.0018328347550342916,9324.0,74.94637494637495,37.34710553096106,-198.7212276214833,2.136573104315043,9324.0,2.5752744E7
