learning evaluation instances,evaluation time (cpu seconds),model cost (RAM-Hours),classified instances,classifications correct (percent),Kappa Statistic (percent),Kappa Temporal Statistic (percent),Kappa M Statistic (percent),model training instances,model serialized size (bytes)
100.0,0.091013446,7.160014388776487E-9,100.0,100.0,?,?,?,100.0,304096.0
200.0,0.450304552,3.985645111086882E-8,200.0,96.0,53.703703703703674,-100.0,-33.33333333333333,200.0,351768.0
300.0,0.518895819,4.610198594259306E-8,300.0,91.66666666666666,26.122931442080354,-525.0000000000014,-316.66666666666646,300.0,351968.0
400.0,0.579051324,5.158003024284004E-8,400.0,91.5,20.671955202986478,-749.999999999999,-466.6666666666659,400.0,352008.0
500.0,0.631141624,5.632405012269608E-8,500.0,89.60000000000001,13.7244491637909,-766.6666666666657,-549.9999999999993,500.0,352040.0
600.0,0.676398312,6.044749206496404E-8,600.0,88.66666666666667,14.572864321608103,-750.0000000000013,-579.9999999999976,600.0,352192.0
700.0,0.71890916,6.432937625626517E-8,700.0,88.28571428571429,20.07352122089791,-583.3333333333337,-272.72727272727207,700.0,352976.0
800.0,0.758944561,6.799350039868927E-8,800.0,88.5,62.344466273739364,-607.6923076923082,24.590163934426222,800.0,353776.0
900.0,0.79336112,7.11445871860741E-8,900.0,88.55555555555556,69.44708115804461,-267.8571428571432,48.75621890547264,900.0,353912.0
1000.0,0.829083789,7.441592324880676E-8,1000.0,89.0,72.59195399434897,-71.87500000000013,57.19844357976655,1000.0,353984.0
1100.0,0.862373568,7.746480966981294E-8,1100.0,84.81818181818181,62.9711751662971,-73.95833333333336,48.6153846153846,1100.0,354024.0
1200.0,0.898783907,8.079987329175696E-8,1200.0,83.58333333333333,59.65897843700725,-68.37606837606835,45.12534818941504,1200.0,354064.0
1300.0,0.930302892,8.368690546891135E-8,1300.0,80.92307692307692,53.785861111031465,-98.40000000000005,40.81145584725536,1300.0,354064.0
1400.0,0.961140038,8.651212171242676E-8,1400.0,80.07142857142857,52.96084164687633,-92.41379310344834,41.63179916317991,1400.0,354144.0
1500.0,0.993164847,8.944621471925329E-8,1500.0,78.2,49.127756228090206,-82.68156424581011,38.87850467289721,1500.0,354152.0
1600.0,1.031203498,9.293152835058257E-8,1600.0,76.875,46.75799349584137,-65.9192825112107,37.710437710437716,1600.0,354176.0
1700.0,1.076454925,9.707799775659004E-8,1700.0,76.94117647058823,47.99803353908341,-63.33333333333327,39.96937212863706,1700.0,354200.0
1800.0,1.11354396,1.0047676282494641E-7,1800.0,77.77777777777779,50.358521787093224,-40.84507042253519,42.857142857142854,1800.0,354224.0
1900.0,1.14762797,1.0360029448687411E-7,1900.0,78.63157894736842,53.452054530006954,-34.437086092715255,47.135416666666664,1900.0,354240.0
2000.0,1.177398975,1.0632869636346691E-7,2000.0,79.55,55.540385418116045,-22.455089820359262,49.38118811881188,2000.0,354256.0
2100.0,1.208001045,1.0913332559042715E-7,2100.0,80.38095238095238,58.282705548805204,-11.051212938005378,53.28798185941045,2100.0,354264.0
2200.0,1.237559906,1.1184234643366603E-7,2200.0,81.04545454545455,60.37183264075472,-4.773869346733683,56.3350785340314,2200.0,354264.0
2300.0,1.267872941,1.1462054881576864E-7,2300.0,81.47826086956522,61.55551457461127,-4.6683046683046285,58.02955665024632,2300.0,354272.0
2400.0,1.298136021,1.1739417280115189E-7,2400.0,81.875,62.566154640506,-0.9280742459396967,59.269662921348306,2400.0,354272.0
2500.0,1.327903266,1.201224149071115E-7,2500.0,82.39999999999999,63.75904376589659,4.139433551198224,60.64400715563506,2500.0,354280.0
2600.0,1.357995072,1.228807152275431E-7,2600.0,82.84615384615385,65.19239635762862,2.8322440087145995,63.38259441707718,2600.0,354320.0
2700.0,1.388121842,1.2564234514849262E-7,2700.0,83.22222222222221,66.29471716332195,1.3071895424836684,65.6297420333839,2700.0,354336.0
2800.0,1.416067368,1.2820402702671168E-7,2800.0,83.60714285714286,67.27709366002601,0.0,66.78726483357454,2800.0,354336.0
2900.0,1.44355831,1.3072420925026763E-7,2900.0,84.13793103448276,68.4391827309807,-0.21786492374728417,66.71490593342982,2900.0,354360.0
3000.0,1.472363594,1.3336494100728594E-7,3000.0,84.5,69.18584360103729,-1.307189542483661,66.35311143270621,3000.0,354368.0
3100.0,1.501383148,1.360253760802353E-7,3100.0,85.0,70.13574098167744,-1.307189542483671,66.35311143270621,3100.0,354376.0
3200.0,1.532403068,1.3886932775437214E-7,3200.0,85.34375,70.73354893160293,-1.2958963282937859,66.21037463976944,3200.0,354392.0
3300.0,1.562464993,1.4162544904454717E-7,3300.0,85.51515151515152,71.0376114457068,-1.0570824524313354,66.36171710063336,3300.0,354392.0
3400.0,1.591248955,1.4426440481613497E-7,3400.0,85.76470588235294,71.40244455574212,-1.4675052410901577,66.08269096005607,3400.0,354392.0
3500.0,1.62332172,1.472048828610799E-7,3500.0,85.82857142857144,71.5019272314188,-2.057613168724224,66.30434782608697,3500.0,354392.0
3600.0,1.65122051,1.497626847679479E-7,3600.0,85.88888888888889,71.58532094696953,-3.042596348884371,66.46864686468648,3600.0,354392.0
3700.0,1.679561699,1.5236104646274205E-7,3700.0,85.67567567567568,71.10983888983995,-6.639839034205249,66.04740550928892,3700.0,354392.0
3800.0,1.709163798,1.5507507149679385E-7,3800.0,85.89473684210527,71.47334940245015,-3.4749034749034706,66.18296529968455,3800.0,354400.0
3900.0,1.737474581,1.5767070411715662E-7,3900.0,86.0,71.68535560847764,-2.056074766355182,66.64630421502748,3900.0,354400.0
4000.0,1.767013222,1.6037891109754233E-7,4000.0,86.125,71.79958293869686,-3.7383177570093484,66.0965180207697,4000.0,354400.0
4100.0,1.795413311,1.62982731607544E-7,4100.0,86.36585365853658,72.14403088112323,-4.096834264432033,66.0595021250759,4100.0,354400.0
4200.0,1.824568817,1.656558114173388E-7,4200.0,86.59523809523809,72.50915198999976,-2.9250457038391287,66.24700239808152,4200.0,354400.0
4300.0,1.853231611,1.6828371764999718E-7,4300.0,86.90697674418605,72.96908008450164,-2.7372262773722325,66.28742514970061,4300.0,354400.0
4400.0,1.881149755,1.7084340951901763E-7,4400.0,86.93181818181817,72.98202418247662,-3.0465949820788834,66.33489461358313,4400.0,354408.0
4500.0,1.907912552,1.7329733886691024E-7,4500.0,87.0,73.07973919303642,-4.278074866310133,66.39862148190694,4500.0,354432.0
4600.0,1.937986401,1.7605486457191E-7,4600.0,87.19565217391305,73.32032468576001,-4.804270462633489,66.28506010303377,4600.0,354432.0
4700.0,1.966813835,1.78698104227206E-7,4700.0,87.25531914893617,73.42541350936327,-6.017699115044248,66.51760760201229,4700.0,354432.0
4800.0,1.993929911,1.8118453860587963E-7,4800.0,87.22916666666667,73.3089499923802,-6.239168110918502,66.22589531680441,4800.0,354448.0
4900.0,2.020605436,1.8363063144942337E-7,4900.0,87.24489795918367,73.21360785456612,-7.204116638078896,65.86564718732933,4900.0,354456.0
5000.0,2.049176827,1.8625057145267317E-7,5000.0,87.3,73.15187666268102,-7.445008460236914,65.47036432843937,5000.0,354456.0
5100.0,2.076762123,1.887800884962041E-7,5100.0,87.45098039215686,73.32114475829154,-7.925801011804334,65.4427645788337,5100.0,354456.0
5200.0,2.10464118,1.913365428419929E-7,5200.0,87.65384615384615,73.5742908816422,-7.5376884422111265,65.40948275862067,5200.0,354456.0
5300.0,2.132173172,1.9386117201422862E-7,5300.0,87.84905660377359,73.81151286774524,-6.799336650082889,65.41353383458647,5300.0,354456.0
5400.0,2.159151512,1.963350323939096E-7,5400.0,87.79629629629629,73.59775641025641,-8.210180623973766,65.02123142250531,5400.0,354456.0
5500.0,2.186785985,1.9886905887100435E-7,5500.0,87.89090909090909,73.66974339393053,-8.292682926829311,64.91043203371969,5500.0,354456.0
5600.0,2.213632618,2.0133084197947345E-7,5600.0,88.10714285714286,73.9407490217999,-7.941653160453738,64.94736842105264,5600.0,354456.0
5700.0,2.241099033,2.0384945787060596E-7,5700.0,88.21052631578948,74.07473736661221,-7.17703349282299,65.05460218408736,5700.0,354456.0
5800.0,2.268412572,2.0635405533512645E-7,5800.0,88.25862068965517,74.04359267484925,-6.572769953051563,64.87880350696237,5800.0,354456.0
5900.0,2.295771614,2.0886282533468268E-7,5900.0,88.30508474576271,74.08383392722159,-6.6460587326121034,64.92119979664463,5900.0,354456.0
6000.0,2.322479497,2.113118853427801E-7,6000.0,88.33333333333333,74.05281980980716,-6.544901065448997,64.77101157523904,6000.0,354456.0
6100.0,2.348835173,2.1372870321195989E-7,6100.0,88.22950819672131,73.83802993997882,-7.004470938897224,64.57819437592501,6100.0,354464.0
6200.0,2.375304615,2.16155953433613E-7,6200.0,88.04838709677419,73.40426763612787,-7.547169811320787,64.11622276029055,6200.0,354464.0
6300.0,2.402273752,2.1862902573188975E-7,6300.0,88.07936507936508,73.4417689186349,-7.439198855507905,64.1869337148307,6300.0,354464.0
6400.0,2.42926412,2.2110404491478372E-7,6400.0,88.234375,73.71006840226475,-6.506364922206519,64.46436998584237,6400.0,354464.0
6500.0,2.456544599,2.236056673025754E-7,6500.0,88.35384615384615,73.97761456090099,-6.022408963585503,64.87238979118328,6500.0,354464.0
6600.0,2.483698529,2.260956851356394E-7,6600.0,88.2121212121212,73.64677189892282,-7.756232686980661,64.47488584474884,6600.0,354464.0
6700.0,2.510786195,2.285796265539196E-7,6700.0,88.26865671641791,73.74515742186641,-7.523939808481482,64.64237516869098,6700.0,354464.0
6800.0,2.53793925,2.3106962034552257E-7,6800.0,88.38235294117646,73.92239845584871,-6.901217861975701,64.77931341952741,6800.0,354472.0
6900.0,2.566959547,2.3373084426159663E-7,6900.0,88.55072463768116,74.12274392909887,-6.61268556005404,64.81069042316257,6900.0,354472.0
7000.0,2.594311508,2.3623907816301826E-7,7000.0,88.5142857142857,74.01656531680538,-7.343124165554109,64.72136902150065,7000.0,354472.0
7100.0,2.622167481,2.387935310534595E-7,7100.0,88.61971830985915,74.13028365777802,-7.4468085106383075,64.74694589877834,7100.0,354472.0
7200.0,2.651757823,2.4150702932727836E-7,7200.0,88.77777777777777,74.3783639517815,-7.304116865869827,64.94577006507592,7200.0,354472.0
7300.0,2.685938058,2.4464157218216405E-7,7300.0,88.72602739726028,74.24347081695515,-8.718626155878418,64.78391099700471,7300.0,354488.0
7400.0,2.718843788,2.476592349002904E-7,7400.0,88.87837837837837,74.40881255915403,-8.718626155878487,64.7839109970047,7400.0,354488.0
7500.0,2.746322718,2.501792258743549E-7,7500.0,88.97333333333334,74.46766365105864,-8.959156785243746,64.64300983326208,7500.0,354488.0
7600.0,2.774072279,2.5272403541585647E-7,7600.0,89.11842105263158,74.62147837277693,-8.959156785243701,64.64300983326208,7600.0,354488.0
7700.0,2.80163916,2.5525214910320946E-7,7700.0,89.22077922077922,74.68709390331666,-9.354413702239812,64.51474989311673,7700.0,354496.0
7800.0,2.828405407,2.577068379524765E-7,7800.0,89.35897435897436,74.83028716566253,-9.354413702239732,64.51474989311673,7800.0,354496.0
7900.0,2.855772268,2.602166081319171E-7,7900.0,89.49367088607595,74.96830476594772,-9.354413702239768,64.5147498931167,7900.0,354496.0
8000.0,2.883426425,2.6275272575885897E-7,8000.0,89.55,74.94016251874147,-10.144927536231874,64.25823001282599,8000.0,354496.0
8100.0,2.912900317,2.6545572831416305E-7,8100.0,89.67901234567901,75.0696944811602,-10.144927536231874,64.25823001282599,8100.0,354496.0
8200.0,2.939889912,2.6793095590198835E-7,8200.0,89.8048780487805,75.1947831175445,-10.144927536231895,64.258230012826,8200.0,354504.0
8300.0,2.96753985,2.7046674383579245E-7,8300.0,89.9277108433735,75.31565320136285,-10.144927536231792,64.25823001282602,8300.0,354504.0
8400.0,2.994465874,2.7293614129934265E-7,8400.0,90.02380952380953,75.38015231484698,-10.4084321475626,64.17272338606244,8400.0,354504.0
8500.0,3.021720052,2.7543563391007287E-7,8500.0,90.11764705882352,75.44147728113076,-10.671936758893294,64.08721675929883,8500.0,354504.0
8600.0,3.050926582,2.781141775784994E-7,8600.0,90.23255813953487,75.5514875721754,-10.671936758893342,64.08721675929884,8600.0,354504.0
8700.0,3.07883405,2.8067358370148686E-7,8700.0,90.3448275862069,75.658021178321,-10.671936758893267,64.08721675929885,8700.0,354504.0
8800.0,3.106842475,2.8324224863519693E-7,8800.0,90.45454545454545,75.79980625440128,-10.0917431192661,64.17910447761194,8800.0,354504.0
8900.0,3.13379897,2.8571444060751346E-7,8900.0,90.56179775280899,75.93856493816348,-9.80392156862741,64.27052318162485,8900.0,354504.0
9000.0,3.161102263,2.882184375764223E-7,9000.0,90.64444444444445,75.98544447938075,-10.065359477124167,64.18545299872397,9000.0,354504.0
9100.0,3.188959858,2.907733274789569E-7,9100.0,90.72527472527473,76.02995450485116,-10.326797385620822,64.10038281582308,9100.0,354512.0
9200.0,3.21586537,2.932408994617976E-7,9200.0,90.73913043478261,75.92247567965467,-11.372549019607751,63.76010208421948,9200.0,354512.0
9300.0,3.247666122,2.961574261819903E-7,9300.0,90.65591397849462,75.74206464124299,-11.69665809768636,63.5180520570949,9300.0,354512.0
9324.0,3.264419872,2.9769395461183457E-7,9324.0,90.66924066924066,75.76527678034789,-11.253196930946283,63.55257645580225,9324.0,354512.0
