learning evaluation instances,evaluation time (cpu seconds),model cost (RAM-Hours),classified instances,classifications correct (percent),Kappa Statistic (percent),Kappa Temporal Statistic (percent),Kappa M Statistic (percent),model training instances,model serialized size (bytes)
100.0,0.111701797,1.2154912540204823E-8,100.0,52.0,2.399349328995533,4.0000000000000036,-6.666666666666673,100.0,420624.0
200.0,0.503542743,5.545024554703385E-8,200.0,53.0,5.213270142180103,5.0505050505050555,0.0,200.0,427104.0
300.0,0.589597337,6.496305171200799E-8,300.0,54.666666666666664,8.306364617044212,10.526315789473676,-0.7407407407407579,300.0,427304.0
400.0,0.646619237,7.127142863459058E-8,400.0,56.25,9.020015596568765,14.634146341463419,-1.1560693641618507,400.0,427640.0
500.0,0.692803038,7.638393249243499E-8,500.0,56.39999999999999,7.9625094992822705,13.147410358565725,-0.46082949308755794,500.0,427904.0
600.0,0.739511269,8.15560369459457E-8,600.0,56.49999999999999,7.512402551381997,12.70903010033443,0.3816793893129605,600.0,428032.0
700.0,0.781577554,8.621613097282542E-8,700.0,56.14285714285714,7.295567097475519,12.285714285714278,1.286173633440505,700.0,428216.0
800.0,0.814772403,8.989379272425962E-8,800.0,56.25,7.5052854122621735,13.151364764267987,2.2346368715083815,800.0,428256.0
900.0,0.848852099,9.3675058784102E-8,900.0,55.44444444444444,7.214109419991754,11.28318584070796,2.6699029126213403,900.0,428888.0
1000.0,0.882473837,9.740864400875031E-8,1000.0,55.900000000000006,7.682646012141525,11.623246492985983,3.5010940919037234,1000.0,429248.0
1100.0,0.915746039,1.0110644424643575E-7,1100.0,54.63636363636364,7.163104733683793,9.272727272727277,3.6679536679536793,1100.0,429600.0
1200.0,0.956590047,1.056481254190186E-7,1200.0,54.41666666666667,6.888862409995405,8.221476510067124,3.6971830985915637,1200.0,429824.0
1300.0,0.99081127,1.094566387971263E-7,1300.0,54.46153846153846,6.615541426005921,9.062980030721961,3.583061889250816,1300.0,430192.0
1400.0,1.028510305,1.1365625842542905E-7,1400.0,54.785714285714285,6.597807757166925,10.719322990126937,3.6529680365296766,1400.0,430608.0
1500.0,1.062876386,1.1748900135515258E-7,1500.0,54.6,6.673805077529728,10.512483574244426,3.9492242595204625,1500.0,431104.0
1600.0,1.096903164,1.2128277611644524E-7,1600.0,55.1875,7.109913458050474,11.152416356877328,4.400000000000001,1600.0,430976.0
1700.0,1.131198406,1.251073346806545E-7,1700.0,55.23529411764706,7.217751767861495,10.785463071512314,4.636591478696736,1700.0,431072.0
1800.0,1.164209604,1.287899964942224E-7,1800.0,54.888888888888886,7.34084192028117,10.176991150442477,5.029239766081863,1800.0,431224.0
1900.0,1.197117547,1.3246182045559085E-7,1900.0,55.421052631578945,8.251598028774781,11.401673640167363,5.993340732519436,1900.0,431304.0
2000.0,1.228517428,1.3596726146580026E-7,2000.0,55.45,8.781916091648064,11.166500498504483,6.7015706806282775,2000.0,431536.0
2100.0,1.260261538,1.3951205151345577E-7,2100.0,55.047619047619044,8.365189496017775,10.266159695817482,6.442021803766106,2100.0,431648.0
2200.0,1.292743805,1.4314323611955466E-7,2200.0,55.22727272727273,8.372712911878818,11.261261261261252,6.457739791073119,2200.0,432120.0
2300.0,1.32524815,1.467774269892482E-7,2300.0,55.173913043478265,8.566444621641756,10.967184801381695,6.781193490054256,2300.0,432184.0
2400.0,1.363454788,1.5104901205180417E-7,2400.0,55.291666666666664,8.955276648400199,10.954356846473017,7.2601555747623,2400.0,432168.0
2500.0,1.402887514,1.5546722480705214E-7,2500.0,54.559999999999995,7.7325335086848375,9.26517571884984,6.115702479338834,2500.0,433104.0
2600.0,1.435898275,1.5916596121511318E-7,2600.0,54.15384615384615,7.33919499430735,8.166409861325118,5.845181674565554,2600.0,433112.0
2700.0,1.469450155,1.6292706402958888E-7,2700.0,53.888888888888886,6.721077290390887,7.777777777777772,5.251141552511415,2700.0,433312.0
2800.0,1.502230634,1.6660305109222524E-7,2800.0,53.89285714285714,6.251491241355972,7.587687902648524,4.723247232472313,2800.0,433472.0
2900.0,1.538572702,1.7067835780920876E-7,2900.0,53.86206896551724,6.132929241907639,7.977991746905085,4.6329294369208815,2900.0,433464.0
3000.0,1.573077438,1.7454834491877715E-7,3000.0,53.733333333333334,5.720228173349799,7.896483078964835,4.209799861973771,3000.0,433544.0
3100.0,1.608203117,1.784884120198836E-7,3100.0,53.677419354838705,5.573408847455118,7.830551989730415,4.074816299265192,3100.0,433592.0
3200.0,1.642621458,1.8234913662107249E-7,3200.0,53.78125,5.590220704402939,8.022388059701498,4.085603112840483,3200.0,433592.0
3300.0,1.678512543,1.8637550542457238E-7,3300.0,53.72727272727273,5.50203882009475,7.956600361663649,4.0226272784412345,3300.0,433640.0
3400.0,1.716400279,1.906261781342328E-7,3400.0,53.529411764705884,5.390021359453094,7.6023391812865455,4.009720534629404,3400.0,433672.0
3500.0,1.749193911,1.9430547265491556E-7,3500.0,53.74285714285715,5.6047128844027965,7.801822323462424,4.201183431952677,3500.0,433688.0
3600.0,1.780024743,1.977646776681311E-7,3600.0,53.61111111111111,5.572064912137418,7.376594564614532,4.243119266055045,3600.0,433704.0
3700.0,1.822878745,2.0257323152779297E-7,3700.0,53.648648648648646,5.744372142103407,7.8452444922084865,4.456824512534819,3700.0,433736.0
3800.0,1.855890208,2.0627744392871861E-7,3800.0,53.526315789473685,5.836593346766283,7.39381227058207,4.643628509719228,3800.0,433744.0
3900.0,1.888595968,2.0994769187192128E-7,3900.0,53.61538461538462,6.0124533399410165,7.278318810866235,4.839558127301431,3900.0,433784.0
4000.0,1.921663645,2.1365869109858454E-7,4000.0,53.77499999999999,6.2551492490018274,7.2718154463390166,5.0821355236139505,4000.0,433800.0
4100.0,1.954621987,2.1735776132759334E-7,4100.0,53.87804878048781,6.581683161158917,7.666015625000007,5.450000000000005,4100.0,433840.0
4200.0,1.988809176,2.2119439708343404E-7,4200.0,53.92857142857142,6.642907916617091,7.593123209169046,5.517578124999994,4200.0,433800.0
4300.0,2.022249762,2.2494731499660767E-7,4300.0,54.11627906976744,7.057409925474138,7.975746268656712,5.9580552907530855,4300.0,433808.0
4400.0,2.053795196,2.2848774260768467E-7,4400.0,54.0,6.818773941148602,7.790432801822337,5.728924080111784,4400.0,433832.0
4500.0,2.086947154,2.3220902355427964E-7,4500.0,53.800000000000004,6.443503096049549,7.476635514018691,5.370960400546207,4500.0,433896.0
4600.0,2.128607053,2.368847105816918E-7,4600.0,53.41304347826087,6.015044762458645,6.744995648389899,5.050952591936201,4600.0,433840.0
4700.0,2.160377355,2.4045070448400254E-7,4700.0,53.255319148936174,5.621075275736115,6.391137622496824,4.644097222222228,4700.0,433872.0
4800.0,2.191907538,2.4398968145514327E-7,4800.0,53.22916666666667,5.465192662919908,6.30217028380635,4.468085106382996,4800.0,433864.0
4900.0,2.223027034,2.474826269417484E-7,4900.0,53.06122448979592,5.274058035819365,6.045751633986933,4.326123128119807,4900.0,433872.0
5000.0,2.25489416,2.510598184219024E-7,5000.0,52.959999999999994,5.029250344834269,5.882352941176467,4.078303425774859,5000.0,433912.0
5100.0,2.285245242,2.5446708015140356E-7,5100.0,52.80392156862745,4.647766018727913,5.903049257232222,3.6814725890356192,5100.0,433944.0
5200.0,2.316718554,2.580003903795924E-7,5200.0,52.63461538461538,4.273018767798009,5.4510556621880895,3.297997644287381,5200.0,433952.0
5300.0,2.347911598,2.6150268858825794E-7,5300.0,52.358490566037744,3.8485580121723157,4.932228915662665,2.9219530949634795,5300.0,434008.0
5400.0,2.384175635,2.6557434866170506E-7,5400.0,52.2962962962963,3.8515372183383696,4.698483166851641,2.975517890772134,5400.0,434008.0
5500.0,2.429070052,2.706151050079159E-7,5500.0,52.25454545454545,3.648019537510498,4.439592430858808,2.7407407407407494,5500.0,434016.0
5600.0,2.466544314,2.748228020556354E-7,5600.0,52.214285714285715,3.5570047633273565,4.360257326661903,2.655511094943611,5600.0,434024.0
5700.0,2.505805606,2.792311509762374E-7,5700.0,52.19298245614035,3.6603186574903175,4.385964912280693,2.8174037089871606,5700.0,434024.0
5800.0,2.537898425,2.8283493922067603E-7,5800.0,52.137931034482754,3.767811035669881,4.3747847054770865,3.0048916841369575,5800.0,434064.0
5900.0,2.570588355,2.8650611692826784E-7,5900.0,52.23728813559322,3.8246174549567087,4.474576271186437,3.028217481073638,5900.0,434104.0
5931.0,2.589422075,2.886212004728036E-7,5931.0,52.20030349013657,3.76592062638744,4.448938321536905,2.9774127310061496,5931.0,434104.0
