learning evaluation instances,evaluation time (cpu seconds),model cost (RAM-Hours),classified instances,classifications correct (percent),Kappa Statistic (percent),Kappa Temporal Statistic (percent),Kappa M Statistic (percent),model training instances,model serialized size (bytes)
100.0,0.131771289,1.4338788955248894E-8,100.0,52.0,2.399349328995533,4.0000000000000036,-6.666666666666673,100.0,420624.0
200.0,0.556187638,6.428843350724214E-8,200.0,51.5,2.1388216303470644,2.020202020202022,-3.1914893617021307,200.0,454928.0
300.0,0.654944711,7.59166915579492E-8,300.0,55.333333333333336,9.654800431499453,11.842105263157896,0.7407407407407333,300.0,455144.0
400.0,0.717128127,8.324446490466801E-8,400.0,58.5,13.799818252628851,19.024390243902438,4.046242774566465,400.0,455512.0
500.0,0.771618211,8.966869103046134E-8,500.0,59.599999999999994,14.97600808148834,19.521912350597606,6.912442396313369,500.0,455728.0
600.0,0.827192386,9.622233863864715E-8,600.0,60.333333333333336,16.039510818438394,20.401337792642146,9.160305343511459,600.0,455840.0
700.0,0.877190192,1.0212076655102894E-7,700.0,61.0,18.03770865858051,21.999999999999996,12.218649517684884,700.0,456024.0
800.0,0.919779964,1.071470920486562E-7,800.0,61.375,18.86782544767107,23.325062034739457,13.687150837988831,800.0,456192.0
900.0,0.961142962,1.1203522871036703E-7,900.0,61.22222222222222,19.67573649754501,22.787610619469028,15.29126213592232,900.0,456808.0
1000.0,1.010853825,1.1791307664868111E-7,1000.0,62.3,21.60532335204824,24.448897795591183,17.505470459518595,1000.0,457056.0
1100.0,1.056913438,1.233633924902334E-7,1100.0,61.909090909090914,22.340991959453557,23.818181818181827,19.111969111969128,1100.0,457408.0
1200.0,1.111118298,1.2978158845794077E-7,1200.0,61.75000000000001,22.14664925284529,22.98657718120807,19.19014084507044,1200.0,457696.0
1300.0,1.163711356,1.3601416159355184E-7,1300.0,60.53846153846154,19.411750489402326,21.19815668202765,16.449511400651474,1300.0,458080.0
1400.0,1.208521613,1.4132888054234492E-7,1400.0,59.71428571428572,17.237042083748246,20.451339915373783,14.155251141552528,1400.0,458464.0
1500.0,1.250422298,1.463038863164828E-7,1500.0,58.599999999999994,15.3021662277958,18.39684625492772,12.411847672778556,1500.0,458960.0
1600.0,1.294886355,1.515863784409128E-7,1600.0,58.1875,13.908477891594174,17.100371747211902,10.800000000000006,1600.0,459232.0
1700.0,1.33677346,1.565644530658817E-7,1700.0,57.705882352941174,12.932913538387,15.709261430246185,9.899749373433568,1700.0,459392.0
1800.0,1.377175022,1.613673997353286E-7,1800.0,57.111111111111114,12.379266119604564,14.60176991150443,9.707602339181285,1800.0,459528.0
1900.0,1.41563453,1.6594042974586493E-7,1900.0,57.315789473684205,12.663631705669246,15.167364016736396,9.988901220865712,1900.0,459624.0
2000.0,1.452732177,1.7035360058844294E-7,2000.0,57.4,13.208857993596604,15.05483549351943,10.785340314136123,2000.0,459840.0
2100.0,1.490566143,1.7485483443744685E-7,2100.0,57.19047619047619,13.093714611893168,14.543726235741442,10.90188305252726,2100.0,459888.0
2200.0,1.537747022,1.8046898069262089E-7,2200.0,57.40909090909091,13.27592677045171,15.585585585585582,11.016144349477685,2200.0,459960.0
2300.0,1.588441908,1.8650231478605831E-7,2300.0,57.47826086956521,13.65968697318361,15.54404145077719,11.573236889692579,2300.0,460040.0
2400.0,1.639264024,1.9255331522420046E-7,2400.0,57.666666666666664,14.160491436819047,15.684647302904562,12.186689714779597,2400.0,460232.0
2500.0,1.676799915,1.970293404438719E-7,2500.0,56.48,11.948349937975362,13.099041533546323,10.082644628099164,2500.0,460944.0
2600.0,1.714512804,2.0152826723171395E-7,2600.0,55.61538461538461,10.505493037062474,11.0939907550077,8.846761453396512,2600.0,461128.0
2700.0,1.752680803,2.060834607948797E-7,2700.0,54.851851851851855,8.903857075955798,9.703703703703702,7.22983257229833,2700.0,461328.0
2800.0,1.78983188,2.105192879935954E-7,2800.0,54.64285714285714,8.114882236663599,9.090909090909074,6.273062730627285,2800.0,461536.0
2900.0,1.827306225,2.1499410107795146E-7,2900.0,54.58620689655172,7.953592395862465,9.422283356258596,6.1297220242337875,2900.0,461576.0
3000.0,1.8647593,2.1946714944171199E-7,3000.0,54.56666666666666,7.786275242069482,9.555408095554078,5.935127674258099,3000.0,461656.0
3100.0,1.901771633,2.2388786606717023E-7,3100.0,54.612903225806456,7.840245438179839,9.69191270860077,6.012024048096197,3100.0,461688.0
3200.0,1.938587437,2.2828541423908948E-7,3200.0,54.5625,7.582787770927359,9.577114427860703,5.706874189364478,3200.0,461720.0
3300.0,1.975608241,2.327077555801926E-7,3300.0,54.6060606060606,7.67858536864133,9.704641350210967,5.845380263984917,3300.0,461752.0
3400.0,2.013425786,2.372254286085048E-7,3400.0,54.50000000000001,7.685622138320987,9.532163742690065,6.014580801944117,3400.0,461768.0
3500.0,2.050909076,2.4170332678209776E-7,3500.0,54.65714285714286,7.823876810415731,9.624145785877,6.094674556213026,3500.0,461784.0
3600.0,2.08811442,2.4614817445693114E-7,3600.0,54.666666666666664,8.028127563384073,9.484193011647251,6.422018348623848,3600.0,461800.0
3700.0,2.124853283,2.505374446541194E-7,3700.0,54.62162162162162,8.002016394161226,9.779688339602362,6.462395543175489,3700.0,461816.0
3800.0,2.160706122,2.5482108228098175E-7,3800.0,54.55263157894736,8.124151255092448,9.438909281594112,6.749460043196532,3800.0,461840.0
3900.0,2.196925267,2.5914886033678E-7,3900.0,54.61538461538461,8.242588359210512,9.27729369554074,6.891109942135707,3900.0,461880.0
4000.0,2.233503957,2.635197513592345E-7,4000.0,54.725,8.393363248388539,9.177532597793393,7.032854209445586,4000.0,461896.0
4100.0,2.269640241,2.678378528265757E-7,4100.0,54.90243902439025,8.839323249610159,9.716796875000009,7.550000000000007,4100.0,461904.0
4200.0,2.305577601,2.7213225826756185E-7,4200.0,55.11904761904762,9.239565817307058,9.980897803247379,7.958984375000008,4200.0,461912.0
4300.0,2.347778672,2.7717524550067245E-7,4300.0,55.18604651162791,9.398477003061116,10.121268656716424,8.150619637750236,4300.0,461920.0
4400.0,2.384049278,2.8150977309058716E-7,4400.0,55.04545454545454,9.105625337464883,9.886104783599087,7.871448532836502,4400.0,461944.0
4500.0,2.420549685,2.8587191418778965E-7,4500.0,55.13333333333333,9.308607272480454,10.146862483311077,8.101957214383251,4500.0,461960.0
4600.0,2.456889692,2.9021496118954474E-7,4600.0,54.7608695652174,8.848007008322382,9.442993907745873,7.797961896322565,4600.0,461968.0
4700.0,2.493652055,2.9460863673730845E-7,4700.0,54.57446808510639,8.4082412045624,9.0328078397955,7.335069444444447,4700.0,461984.0
4800.0,2.52988674,2.989393215284516E-7,4800.0,54.58333333333333,8.336603688961135,9.015025041736212,7.234042553191486,4800.0,461992.0
4900.0,2.565780579,3.032293434890752E-7,4900.0,54.42857142857142,8.144580465606074,8.782679738562086,7.113144758735436,4900.0,462000.0
5000.0,2.601765645,3.0753064125063715E-7,5000.0,54.339999999999996,7.9300348922180515,8.643457382953185,6.892332789559533,5000.0,462040.0
5100.0,2.638190167,3.1188461799114727E-7,5100.0,54.352941176470594,7.898662464050561,8.991399530883514,6.842737094837943,5100.0,462056.0
5200.0,2.673953435,3.161597742996923E-7,5200.0,54.21153846153847,7.581880638414461,8.598848368522082,6.517471535139384,5200.0,462080.0
5300.0,2.716575718,3.2125530124307914E-7,5300.0,54.0,7.268487346892967,8.207831325301216,6.2668204536716665,5300.0,462120.0
5400.0,2.756091164,3.259795669796731E-7,5400.0,53.87037037037037,7.113239066881441,7.8431372549019525,6.177024482109229,5400.0,462136.0
5500.0,2.802652015,3.3154624186567127E-7,5500.0,53.92727272727272,7.125946199820538,7.787481804949051,6.1481481481481515,5500.0,462144.0
5600.0,2.838742795,3.358612213415321E-7,5600.0,53.87499999999999,7.011022287320038,7.684060042887772,6.038559476173141,5600.0,462152.0
5700.0,2.876037675,3.4032016187301105E-7,5700.0,53.84210526315789,7.067521007361857,7.684210526315782,6.169757489300999,5700.0,462152.0
5800.0,2.915221387,3.450054970333724E-7,5800.0,53.72413793103449,7.01486118411623,7.54392008267311,6.219426974143966,5800.0,462208.0
5900.0,2.953207811,3.495477468459059E-7,5900.0,53.779661016949156,7.0050389393604835,7.559322033898308,6.159669649002069,5900.0,462216.0
5931.0,2.989334531,3.538676214186598E-7,5931.0,53.751475299275,6.962183959180044,7.549713515335364,6.125941136208075,5931.0,462216.0
