learning evaluation instances,evaluation time (cpu seconds),model cost (RAM-Hours),classified instances,classifications correct (percent),Kappa Statistic (percent),Kappa Temporal Statistic (percent),Kappa M Statistic (percent),model training instances,model serialized size (bytes)
1000.0,10.36243058,1.0603017284665588E-5,1000.0,52.2,0.0,6.640625000000005,-1.0570824524312907,1000.0,3955216.0
2000.0,20.211130025,2.0695255566833125E-5,2000.0,50.7,1.6395077985106243,2.9527559055118138,-2.1761658031087987,2000.0,3961056.0
3000.0,29.630548047,3.034759714637325E-5,3000.0,50.7,1.524735335242036,0.738255033557055,-1.5099519560741186,3000.0,3961056.0
4000.0,38.95469606,3.9902312878222346E-5,4000.0,51.15,2.627172699728905,2.153229844767136,-1.0863942058975868,4000.0,3961056.0
5000.0,48.316652001,4.9495771453272404E-5,5000.0,51.5,3.291795730578056,2.84455128205128,-0.16522098306485397,5000.0,3961056.0
6000.0,57.612780162,5.9021774457659945E-5,6000.0,51.15,2.4235534649681325,2.3650899400399683,0.1362862010221315,6000.0,3961056.0
7000.0,66.972200508,6.861263473746605E-5,7000.0,51.18571428571429,2.4890943842295847,2.5940706955530355,0.23357664233578285,7000.0,3961056.0
8000.0,76.2427091,7.811238465163815E-5,8000.0,51.449999999999996,2.9746367606718502,2.9485257371314204,1.1453296004072264,8000.0,3961056.0
9000.0,85.513923517,8.761285784446498E-5,9000.0,51.55555555555556,3.1341484415360736,3.625110521662241,2.0004495392222865,9000.0,3961056.0
10000.0,94.805544886,9.713424261280967E-5,10000.0,51.339999999999996,2.6999270549391317,3.6244800950683267,1.637355973317161,10000.0,3961056.0
11000.0,104.086322423,1.0664451540265943E-4,11000.0,51.40909090909091,2.829771576335615,4.1083602439899485,1.854572163055453,11000.0,3961056.0
12000.0,113.393529773,1.161818715624545E-4,12000.0,51.425,2.8465564501675162,4.03358577543628,2.066532258064512,12000.0,3961056.0
13000.0,122.730422585,1.2574964724694856E-4,13000.0,51.323076923076925,2.6217897026969785,4.0485216072782455,1.5097276264591557,13000.0,3961056.0
14000.0,132.035513225,1.3528483435469636E-4,14000.0,51.36428571428572,2.7203602328555947,3.746112524738485,1.958243340532772,14000.0,3961056.0
15000.0,141.350444936,1.4483010588364499E-4,15000.0,51.35999999999999,2.7144655340392485,3.6195508586525627,2.040816326530611,15000.0,3961056.0
16000.0,150.630948386,1.5434009780886592E-4,16000.0,51.449999999999996,2.8945241615265416,3.8613861386138537,2.141597379692617,16000.0,3961056.0
17000.0,159.91959858,1.638584379309357E-4,17000.0,51.38823529411765,2.7587383581711986,3.940485877019645,1.806083650190113,17000.0,3961056.0
18000.0,169.241067772,1.7341040859984545E-4,18000.0,51.366666666666674,2.7328133741752083,3.8655831320008884,2.1352711011738434,18000.0,3961056.0
19000.0,178.540752999,1.829400566294323E-4,19000.0,51.27894736842106,2.5564306539608515,3.773388773388784,1.7303609341826058,19000.0,3961056.0
20000.0,187.887316176,1.925177418079058E-4,20000.0,51.254999999999995,2.516024509685291,3.599327598140995,1.4754926730672002,20000.0,3961056.0
21000.0,197.181773015,2.0204203216180944E-4,21000.0,51.25714285714286,2.518780018513965,3.7608123354644576,1.5485236125805608,21000.0,3961056.0
22000.0,206.453691516,2.1154322684923952E-4,22000.0,51.35909090909091,2.7261036113637402,3.7246963562753086,1.6361797959371382,22000.0,3961056.0
23000.0,215.73329169,2.2105229316223343E-4,23000.0,51.391304347826086,2.787821767622112,3.728580039610776,1.8178624747519117,23000.0,3961056.0
24000.0,225.079291959,2.3062940151310666E-4,24000.0,51.4375,2.871689543418622,3.955500618046975,1.9764507989907438,24000.0,3961056.0
25000.0,234.33963352,2.4011873298573252E-4,25000.0,51.288,2.57429341338288,3.738834874713459,1.7507059298104117,25000.0,3961056.0
26000.0,243.628980256,2.4963778687390683E-4,26000.0,51.315384615384616,2.625256322204078,3.8218980320644436,1.6395990364441722,26000.0,3961056.0
27000.0,252.951360475,2.591906910977105E-4,27000.0,51.355555555555554,2.7089010417026804,3.8154522153057515,1.875233470302568,27000.0,3961056.0
28000.0,262.31304111,2.687838675589883E-4,28000.0,51.378571428571426,2.7491122162307104,3.781185949537074,1.7465357967667499,28000.0,3961056.0
29000.0,271.709355034,2.784125337219302E-4,29000.0,51.39655172413793,2.785507540156338,3.7949628011739747,1.8317314389190624,29000.0,3961056.0
30000.0,280.993625852,2.8792638617470255E-4,30000.0,51.41,2.815097561588105,3.756767463356666,1.9704102219233424,30000.0,3961056.0
31000.0,290.304262196,2.974672561207299E-4,31000.0,51.31612903225806,2.628013821272567,3.7131555442133384,1.8278800494373237,31000.0,3961056.0
32000.0,299.583457131,3.0697590717396574E-4,32000.0,51.234375,2.4696414884332687,3.5299208704253195,1.589203506337888,32000.0,3961056.0
33000.0,309.129235998,3.167577342520123E-4,33000.0,51.260606060606065,2.5219282135668504,3.5500119932837677,1.6750213962587241,33000.0,3961056.0
34000.0,318.661452884,3.2652566398812103E-4,34000.0,51.21764705882354,2.4384903542329734,3.451888934163816,1.5317026834481173,34000.0,3961056.0
35000.0,328.138529799,3.362370902509223E-4,35000.0,51.25714285714286,2.5178431366044194,3.577686090544278,1.5920627595754477,35000.0,3961056.0
36000.0,337.563262719,3.4589487815536664E-4,36000.0,51.20555555555556,2.415911706121361,3.5524076209301163,1.4530154277699978,36000.0,3961056.0
37000.0,347.100649702,3.556681058347376E-4,37000.0,51.2972972972973,2.5959094430923897,3.7135987176061933,1.7876607804665268,37000.0,3961056.0
38000.0,356.530838099,3.6533148411932643E-4,38000.0,51.300000000000004,2.600386090990328,3.6346594459487624,1.778037259168836,38000.0,3961056.0
39000.0,365.871196697,3.7490281129184613E-4,39000.0,51.315384615384616,2.628069704433471,3.7023888015418214,1.6370512355592508,39000.0,3961056.0
40000.0,375.220037,3.8448282990513697E-4,40000.0,51.349999999999994,2.696662495523584,3.7157983276433493,1.6973125884016897,40000.0,3961056.0
41000.0,384.547488001,3.940409303013395E-4,41000.0,51.38780487804878,2.7712930560043807,3.7196270711559865,1.749975352459826,41000.0,3961056.0
42000.0,393.871267001,4.0359526789522773E-4,42000.0,51.407142857142865,2.8071062228850896,3.767446246699365,1.690751445086724,42000.0,3961056.0
43000.0,403.211599621,4.1316656844736293E-4,43000.0,51.390697674418604,2.7726010280618505,3.6951713969775155,1.623758648279753,43000.0,3961056.0
44000.0,412.574538907,4.2276103468358783E-4,44000.0,51.39318181818182,2.77754250620171,3.5970250169033204,1.6508783224501138,44000.0,3961056.0
45000.0,421.852574025,4.3226849723984563E-4,45000.0,51.44222222222222,2.876225614825346,3.6297080356355336,1.8020852058241918,45000.0,3961056.0
46000.0,431.185603299,4.4183231384869467E-4,46000.0,51.42608695652174,2.842896787150307,3.506650544135438,1.750065957259703,46000.0,3961056.0
47000.0,440.531438258,4.514092528017789E-4,47000.0,51.41489361702127,2.820418576885532,3.4420060044822174,1.7257703563436089,47000.0,3961056.0
48000.0,449.860240793,4.6096873815274126E-4,48000.0,51.425,2.842051940082314,3.2932393197843237,1.8191005558362825,48000.0,3961056.0
49000.0,459.177436002,4.7051632915151375E-4,49000.0,51.43469387755102,2.862040387101457,3.23275862068965,1.888270459699027,49000.0,3961056.0
50000.0,468.56172861,4.8013267673511286E-4,50000.0,51.437999999999995,2.867423115755039,3.1703620992183703,1.8552950687146252,50000.0,3961056.0
51000.0,477.865592705,4.896666069678313E-4,51000.0,51.51372549019608,3.017779604642011,3.315608382858939,1.9702675916749384,51000.0,3961056.0
52000.0,487.162069702,4.991929674342424E-4,52000.0,51.50769230769231,3.006102041082169,3.324004140628002,1.9938590695324439,52000.0,3961056.0
53000.0,496.432857037,5.08693002984177E-4,53000.0,51.58490566037736,3.16041832950447,3.508442071221741,2.1693545312440365,53000.0,3961056.0
54000.0,505.749923851,5.182404624129954E-4,54000.0,51.620370370370374,3.2315067167808533,3.5016437040593935,2.2670307882234155,54000.0,3961056.0
55000.0,515.09589983,5.27817545873225E-4,55000.0,51.63818181818181,3.265602038519934,3.5079445693970754,2.2670487948265676,55000.0,3961056.0
56000.0,524.406456116,5.373583337815765E-4,56000.0,51.65357142857143,3.296752191842664,3.654674210882178,2.3304473304473365,56000.0,3961056.0
57000.0,533.680271324,5.468614720778154E-4,57000.0,51.70877192982456,3.4107837442096516,3.758609838816825,2.5835220838052,57000.0,3961056.0
58000.0,543.020180297,5.564323385069991E-4,58000.0,51.744827586206895,3.481957715084321,3.8774599031493704,2.6335014785180157,58000.0,3961056.0
59000.0,552.374762711,5.660182412223258E-4,59000.0,51.742372881355934,3.4762345904482066,3.7587885343428997,2.613216582295812,59000.0,3961056.0
60000.0,561.671619323,5.755449906908643E-4,60000.0,51.739999999999995,3.4710206598329325,3.7590986140193396,2.60998251042648,60000.0,3961056.0
61000.0,571.007230748,5.85111453302195E-4,61000.0,51.708196721311474,3.407789804950749,3.5713116632295594,2.5698693567057918,61000.0,3961056.0
62000.0,580.310407635,5.946446793336202E-4,62000.0,51.74999999999999,3.489945680959192,3.664702283193238,2.6236125126135237,62000.0,3961056.0
63000.0,589.69562999,6.042619796550217E-4,63000.0,51.81269841269841,3.614387252241643,3.823855536195152,2.7330107974752447,63000.0,3961056.0
64000.0,599.027331316,6.13824435478346E-4,64000.0,51.86875,3.7273947610336693,3.8996693080426663,2.881644492086517,64000.0,3961056.0
65000.0,608.33653864,6.233638410675382E-4,65000.0,51.89076923076923,3.769906668936381,3.985384875188056,2.888109064935859,65000.0,3961056.0
66000.0,617.698611296,6.329574192437191E-4,66000.0,51.88939393939393,3.7669864770523733,4.020191639210458,2.896024464831801,66000.0,3961056.0
67000.0,627.032936218,6.425225635393779E-4,67000.0,51.9223880597015,3.8330398513148083,4.036702713975043,2.964212555729616,67000.0,3961056.0
68000.0,636.319438918,6.52038703064173E-4,68000.0,51.932352941176475,3.8555825589349486,4.104444770426876,3.069303994543467,68000.0,3961056.0
69000.0,645.625579523,6.615749661004764E-4,69000.0,51.93768115942029,3.8686117591330027,4.07555247020711,3.159585340925694,69000.0,3961056.0
70000.0,655.070799261,6.712537474213666E-4,70000.0,51.981428571428566,3.953872870517941,4.149081783962578,3.1772093559165695,70000.0,3961056.0
71000.0,664.367844019,6.807806896883831E-4,71000.0,52.02676056338028,4.045850885949802,4.3257211876070905,3.323683015440505,71000.0,3961056.0
72000.0,673.699296279,6.903428902867983E-4,72000.0,52.02638888888889,4.045595264812203,4.366243978071874,3.34126206800055,72000.0,3961056.0
73000.0,683.779961764,7.006728306698498E-4,73000.0,52.057534246575344,4.10958677885464,4.452756012995174,3.464445302587292,73000.0,3961056.0
74000.0,694.026178067,7.111724156148451E-4,74000.0,52.07297297297298,4.143024443792486,4.440372905103199,3.5883216441037433,74000.0,3961056.0
75000.0,703.987470243,7.213800308233203E-4,75000.0,52.080000000000005,4.157726365690011,4.379290161230257,3.630610822116165,75000.0,3961056.0
76000.0,713.615442001,7.312460832598221E-4,76000.0,52.107894736842105,4.214891587792622,4.4471280058805105,3.7395535808738076,76000.0,3961056.0
77000.0,724.085655058,7.419752039550375E-4,77000.0,52.127272727272725,4.253802610038798,4.492693543372365,3.7897374327921787,77000.0,3961056.0
78000.0,734.138856132,7.522770007865836E-4,78000.0,52.12948717948718,4.258831722888026,4.476962828417197,3.819998969656377,78000.0,3961056.0
79000.0,744.463822575,7.628572832066183E-4,79000.0,52.12278481012659,4.244886553813395,4.499431889912897,3.7582697201017896,79000.0,3961056.0
80000.0,754.560360069,7.732034880820263E-4,80000.0,52.1125,4.2263432255362545,4.468605057104378,3.6977451547221034,80000.0,3961056.0
81000.0,764.651192262,7.835438465756368E-4,81000.0,52.13086419753087,4.2633670513458695,4.499889165291506,3.7292680504518865,81000.0,3961056.0
82000.0,775.105327292,7.942564916660784E-4,82000.0,52.16829268292683,4.338412268858393,4.5554095488392505,3.8016285686255307,82000.0,3961056.0
83000.0,784.743467469,8.041329639664489E-4,83000.0,52.184337349397595,4.371461294146309,4.674176734801725,3.800751424069817,83000.0,3961056.0
84000.0,794.792686317,8.144306800994307E-4,84000.0,52.21904761904762,4.442768441752877,4.7465350294285225,3.803657455120679,84000.0,3961056.0
85000.0,805.305856956,8.252038206325943E-4,85000.0,52.21529411764706,4.434599204448064,4.69743541612896,3.8218370391418612,85000.0,3961056.0
86000.0,816.085450164,8.362499718373811E-4,86000.0,52.23604651162791,4.475700318388849,4.7158431918348445,3.8842221026276964,86000.0,3961056.0
87000.0,827.119194556,8.475565588817372E-4,87000.0,52.212643678160916,4.4282586791078975,4.734080337297496,3.86838697743248,87000.0,3961056.0
88000.0,837.208663535,8.578955204517646E-4,88000.0,52.236363636363635,4.474266342295586,4.734706828947669,3.977337628218315,88000.0,3961056.0
89000.0,847.96281685,8.689156026853678E-4,89000.0,52.258426966292134,4.518666257740875,4.820572554993067,4.016445287792533,89000.0,3961056.0
90000.0,858.160483463,8.793654374026562E-4,90000.0,52.245555555555555,4.493419021744975,4.717671314873527,3.9747084320121626,90000.0,3961056.0
91000.0,868.596187719,8.900591959625491E-4,91000.0,52.247252747252745,4.496178039642067,4.76660092044708,4.007157215754722,91000.0,3961056.0
92000.0,878.768232687,9.004827754622868E-4,92000.0,52.26413043478261,4.529333425654916,4.780798751138287,4.069462647444297,92000.0,3961056.0
93000.0,889.477049497,9.114564001088862E-4,93000.0,52.244086021505375,4.488868990461351,4.77895459028343,4.048652969516269,93000.0,3961056.0
94000.0,899.97956119,9.222186181214195E-4,94000.0,52.25851063829787,4.518319032136434,4.81472840265552,4.055671954504648,94000.0,3961056.0
95000.0,910.636684213,9.331392706960184E-4,95000.0,52.282105263157895,4.564115777781424,4.856651135457337,4.156623958729767,95000.0,3961056.0
96000.0,921.340573168,9.441078456315206E-4,96000.0,52.29270833333334,4.584893705745538,4.860923575479348,4.142073757796474,96000.0,3961056.0
97000.0,931.378808972,9.543943071315703E-4,97000.0,52.32061855670103,4.641903981583367,4.896154637055308,4.186865547959396,97000.0,3961056.0
98000.0,941.521455765,9.647877614976476E-4,98000.0,52.340816326530614,4.68256319896652,4.869951320854639,4.220326470346981,98000.0,3961056.0
99000.0,952.177733829,9.757075482190834E-4,99000.0,52.342424242424244,4.685433073078994,4.8827691873475505,4.241846116376789,99000.0,3961056.0
100000.0,962.312383699,9.860928079140885E-4,100000.0,52.327,4.65466017113298,4.851908031294907,4.211456931021314,100000.0,3961056.0
