learning evaluation instances,evaluation time (cpu seconds),model cost (RAM-Hours),classified instances,classifications correct (percent),Kappa Statistic (percent),Kappa Temporal Statistic (percent),Kappa M Statistic (percent),model training instances,model serialized size (bytes)
100.0,2.237520099,1.0354910885985935E-5,100.0,53.0,6.000000000000005,52.52525252525253,6.000000000000005,100.0,1.7888824E7
200.0,4.914487099,2.275627603244491E-5,200.0,60.5,20.999999999999996,60.30150753768844,20.999999999999996,200.0,1.7907248E7
300.0,7.550110503,3.497318684505342E-5,300.0,67.0,34.00000000000001,66.88963210702342,34.00000000000001,300.0,1.7917624E7
400.0,10.257075271,4.752924598324794E-5,400.0,69.25,38.5,69.17293233082708,38.5,400.0,1.7929704E7
500.0,12.872969707,5.967225883504337E-5,500.0,70.19999999999999,40.39999999999999,70.14028056112224,40.39999999999999,500.0,1.794356E7
600.0,15.488465348,7.181919078143699E-5,600.0,72.33333333333334,44.66666666666668,72.28714524207011,44.66666666666668,600.0,1.7951944E7
700.0,18.094046522,8.392464525095737E-5,700.0,73.14285714285714,46.285714285714285,73.10443490701002,46.285714285714285,700.0,1.7958864E7
800.0,20.701082754,9.60464369560468E-5,800.0,73.625,47.24999999999999,73.59198998748435,47.24999999999999,800.0,1.7973064E7
900.0,23.484188689,1.0899178613134684E-4,900.0,74.55555555555556,49.11111111111111,74.52725250278085,49.11111111111111,900.0,1.7979864E7
1000.0,26.05747174,1.2096829013442308E-4,1000.0,75.1,50.2,75.07507507507508,50.2,1000.0,1.7990568E7
1100.0,28.971736172,1.345784210576796E-4,1100.0,74.90909090909092,49.81818181818183,74.88626023657872,49.81818181818183,1100.0,1.8052432E7
1200.0,31.428211294,1.460540264990548E-4,1200.0,74.33333333333333,48.66666666666666,74.31192660550458,48.66666666666666,1200.0,1.8057832E7
1300.0,33.726174051,1.5679310560210496E-4,1300.0,73.92307692307692,47.84615384615385,73.90300230946882,47.84615384615385,1300.0,1.806452E7
1400.0,36.159651769,1.681678745722956E-4,1400.0,73.64285714285714,47.285714285714285,73.6240171551108,47.285714285714285,1400.0,1.8068312E7
1500.0,38.546988282,1.7932962950478818E-4,1500.0,73.33333333333333,46.66666666666666,73.31554369579719,46.66666666666666,1500.0,1.8072624E7
1600.0,41.093195658,1.912363035962784E-4,1600.0,73.625,47.24999999999999,73.60850531582238,47.24999999999999,1600.0,1.8075864E7
1700.0,43.513933454,2.0255866174838177E-4,1700.0,73.82352941176471,47.64705882352942,73.80812242495585,47.64705882352942,1700.0,1.8079712E7
1800.0,45.858539531,2.1352696716343654E-4,1800.0,73.72222222222223,47.44444444444444,73.7076153418566,47.44444444444444,1800.0,1.8083064E7
1900.0,48.181656306,2.2439694547523472E-4,1900.0,73.63157894736842,47.26315789473685,73.6176935229068,47.26315789473685,1900.0,1.8086728E7
2000.0,50.539523329,2.354317276109712E-4,2000.0,73.5,47.0,73.48674337168585,47.0,2000.0,1.8090344E7
2100.0,53.113506664,2.4748013626218416E-4,2100.0,73.33333333333333,46.66666666666666,73.32062887089089,46.66666666666666,2100.0,1.8093656E7
2200.0,55.618498672,2.592079248323457E-4,2200.0,73.31818181818181,46.63636363636363,73.30604820372896,46.63636363636363,2200.0,1.8097232E7
2300.0,58.126252115,2.7095068149130235E-4,2300.0,73.26086956521739,46.52173913043478,73.24923879947804,46.52173913043478,2300.0,1.8100376E7
2400.0,60.532318116,2.8221950941049453E-4,2400.0,72.91666666666666,45.83333333333333,72.90537724051688,45.83333333333333,2400.0,1.810396E7
2500.0,62.96885795,2.93632766176783E-4,2500.0,73.11999999999999,46.239999999999995,73.10924369747899,46.239999999999995,2500.0,1.8106664E7
2600.0,65.417520887,3.0510441148042704E-4,2600.0,73.15384615384616,46.307692307692314,73.14351673720662,46.307692307692314,2600.0,1.8109192E7
2700.0,67.831034582,3.164130258409371E-4,2700.0,73.25925925925925,46.51851851851851,73.24935161170804,46.51851851851851,2700.0,1.8111816E7
2800.0,70.181583961,3.274284134740098E-4,2800.0,73.39285714285714,46.78571428571428,73.38335119685601,46.78571428571428,2800.0,1.8114768E7
2900.0,72.532740595,3.3844853488355795E-4,2900.0,73.06896551724138,46.13793103448276,73.05967575025872,46.13793103448276,2900.0,1.8117872E7
3000.0,75.146913646,3.5070301122522155E-4,3000.0,72.8,45.599999999999994,72.79093031010336,45.599999999999994,3000.0,1.8120192E7
3100.0,77.761260859,3.629661548664421E-4,3100.0,72.45161290322581,44.90322580645161,72.15520052168243,44.32855280312907,3100.0,1.81318E7
3200.0,80.163947707,3.7424049398614823E-4,3200.0,72.28125,44.56249999999999,71.68847749760613,43.39502233567326,3200.0,1.8138288E7
3300.0,82.626651455,3.857982701618405E-4,3300.0,72.15151515151516,44.30303030303031,71.28125,42.56250000000001,3300.0,1.8141136E7
3400.0,85.019675206,3.9703073806395954E-4,3400.0,72.23529411764706,44.47058823529413,71.10498928680748,42.22766217870258,3400.0,1.8143896E7
3500.0,87.449536239,4.0843809057197744E-4,3500.0,72.45714285714286,44.914285714285704,71.07710771077107,42.17156568686262,3500.0,1.814704E7
3600.0,89.97468133,4.202943311853734E-4,3600.0,72.69444444444444,45.38888888888888,71.08823529411764,42.17647058823528,3600.0,1.8149432E7
3700.0,92.407937462,4.317214950948146E-4,3700.0,72.72972972972973,45.45945945945946,70.89702913181425,41.81084198385236,3700.0,1.8153192E7
3800.0,94.708324641,4.4252683069895065E-4,3800.0,72.84210526315789,45.684210526315795,70.78969714123974,41.59592529711375,3800.0,1.8156816E7
3900.0,97.176694465,4.5412337726546893E-4,3900.0,72.7948717948718,45.58974358974359,70.52777777777777,41.055555555555564,3900.0,1.8160208E7
4000.0,100.105745993,4.678858096794663E-4,4000.0,72.82499999999999,45.64999999999999,70.35724025088628,40.73064340239912,4000.0,1.8162288E7
4100.0,102.948515399,4.812442139013303E-4,4100.0,72.58536585365853,45.17073170731707,69.89016876506831,39.796464916979104,4100.0,1.816416E7
4200.0,105.777785576,4.945408646711874E-4,4200.0,72.42857142857143,44.85714285714286,69.52631578947368,39.05263157894737,4200.0,1.8166456E7
4300.0,108.24888364,5.061553633251248E-4,4300.0,72.37209302325581,44.74418604651162,69.27851047323507,38.57290589451913,4300.0,1.816824E7
4400.0,110.941070892,5.188102594570567E-4,4400.0,72.3409090909091,44.68181818181818,69.05669972031528,38.129130655821044,4400.0,1.8170032E7
4500.0,113.325278263,5.300186593936074E-4,4500.0,72.31111111111112,44.62222222222223,68.85000000000001,37.7,4500.0,1.8171968E7
4600.0,115.788145822,5.416002231509721E-4,4600.0,72.28260869565217,44.565217391304344,68.63468634686346,37.80487804878048,4600.0,1.8177264E7
4700.0,118.644412523,5.550341764282386E-4,4700.0,72.08510638297872,44.161446441659564,68.24782187802518,37.494044783230116,4700.0,1.8180568E7
4800.0,121.02407646,5.662284618472654E-4,4800.0,71.875,43.74137563102121,67.8418294425917,37.180083759888326,4800.0,1.8183736E7
4900.0,123.697786658,5.788077211911652E-4,4900.0,71.81632653061224,43.63265306122448,67.62016412661195,37.22727272727273,4900.0,1.8186248E7
5000.0,126.162988463,5.904074095691706E-4,5000.0,71.8,43.59172377771266,67.45152354570637,37.3054690973766,5000.0,1.8188472E7
5100.0,128.61914301,6.01966362305351E-4,5100.0,71.80392156862744,43.5997679944641,67.30331969076853,37.45106568073075,5100.0,1.819136E7
5200.0,130.960838485,6.129879172210728E-4,5200.0,71.78846153846153,43.576923076923066,67.14445688689808,37.57446808510637,5200.0,1.819344E7
5300.0,133.458044268,6.247436538322324E-4,5300.0,71.71698113207547,43.426147862360494,66.92409532215358,37.51563151313048,5300.0,1.819692E7
5400.0,135.914650239,6.363098050603146E-4,5400.0,71.77777777777777,43.54792794362474,66.85515441496302,37.770518579011835,5400.0,1.8199344E7
5500.0,138.546319076,6.487013607996726E-4,5500.0,71.6,43.199999999999996,66.5166130760986,37.519999999999996,5500.0,1.8201072E7
5600.0,140.889373442,6.597350481498779E-4,5600.0,71.60714285714286,43.206933040438265,66.39898562975486,37.62259709690075,5600.0,1.8202904E7
5700.0,143.243835288,6.708236044956283E-4,5700.0,71.71929824561404,43.4314858168075,66.40266777824093,37.97614467102733,5700.0,1.8204792E7
5800.0,145.744679643,6.826034416401557E-4,5800.0,71.67241379310344,43.344827586206904,66.22816032887975,38.0,5800.0,1.8207696E7
5900.0,148.207087795,6.942039127980103E-4,5900.0,71.64406779661017,43.28137041798263,66.0786699107867,38.0140792886254,5900.0,1.8210336E7
5995.0,150.69542239,7.059285428771037E-4,5995.0,71.77648040033361,43.549685930801814,66.12612612612612,38.40553330906443,5995.0,1.8213472E7
