learning evaluation instances,evaluation time (cpu seconds),model cost (RAM-Hours),classified instances,classifications correct (percent),Kappa Statistic (percent),Kappa Temporal Statistic (percent),Kappa M Statistic (percent),model training instances,model serialized size (bytes)
100.0,2.279661141,1.054993337304543E-5,100.0,53.0,6.000000000000005,52.52525252525253,6.000000000000005,100.0,1.7888824E7
200.0,5.598075361,2.5922878369910112E-5,200.0,60.5,20.999999999999996,60.30150753768844,20.999999999999996,200.0,1.7907248E7
300.0,8.652497403,4.008104740671062E-5,300.0,67.0,34.00000000000001,66.88963210702342,34.00000000000001,300.0,1.7917624E7
400.0,11.824889656,5.479595807311282E-5,400.0,69.25,38.5,69.17293233082708,38.5,400.0,1.7929704E7
500.0,15.001941911,6.954387214501333E-5,500.0,70.19999999999999,40.39999999999999,70.14028056112224,40.39999999999999,500.0,1.794356E7
600.0,17.79643493,8.252210693705712E-5,600.0,72.33333333333334,44.66666666666668,72.28714524207011,44.66666666666668,600.0,1.7952088E7
700.0,20.921577141,9.70415433172846E-5,700.0,73.14285714285714,46.285714285714285,73.10443490701002,46.285714285714285,700.0,1.7959008E7
800.0,24.13347972,1.1197574851235745E-4,800.0,73.625,47.24999999999999,73.59198998748435,47.24999999999999,800.0,1.7973064E7
900.0,27.262620769,1.265306466887611E-4,900.0,74.55555555555556,49.11111111111111,74.52725250278085,49.11111111111111,900.0,1.7979864E7
1000.0,30.061803359,1.395585261835755E-4,1000.0,75.1,50.2,75.07507507507508,50.2,1000.0,1.7990568E7
1100.0,33.048209561,1.5346252966786845E-4,1100.0,73.81818181818181,47.63636363636363,73.7943585077343,47.63636363636363,1100.0,1.799672E7
1200.0,35.487122905,1.648209425529469E-4,1200.0,71.83333333333334,43.66666666666668,71.80984153461219,43.66666666666668,1200.0,1.800212E7
1300.0,37.865671288,1.7590234141819566E-4,1300.0,70.0,39.99999999999999,69.9769053117783,39.99999999999999,1300.0,1.8008808E7
1400.0,40.308028123,1.8728341287390016E-4,1400.0,68.28571428571428,36.57142857142857,68.26304503216583,36.57142857142857,1400.0,1.80126E7
1500.0,42.799071622,1.9889413677897277E-4,1500.0,67.33333333333333,34.66666666666667,67.31154102735157,34.66666666666667,1500.0,1.8016912E7
1600.0,45.664005127,2.1224995888217241E-4,1600.0,66.375,32.74999999999999,66.35397123202,32.74999999999999,1600.0,1.8020152E7
1700.0,48.33738909,2.247154716111926E-4,1700.0,65.52941176470588,31.05882352941176,65.50912301353738,31.05882352941176,1700.0,1.8024E7
1800.0,50.924140313,2.3677927446065554E-4,1800.0,64.77777777777777,29.555555555555557,64.75819899944413,29.555555555555557,1800.0,1.8027352E7
1900.0,53.349719442,2.4809371996812636E-4,1900.0,63.94736842105263,27.89473684210526,63.92838335966297,27.89473684210526,1900.0,1.8031016E7
2000.0,55.876887448,2.598844047521604E-4,2000.0,63.14999999999999,26.29999999999999,63.13156578289144,26.29999999999999,2000.0,1.8034632E7
2100.0,58.318260739,2.712768898035196E-4,2100.0,62.904761904761905,25.809523809523817,62.88708909004288,25.809523809523817,2100.0,1.8037928E7
2200.0,60.75396176,2.8264515893358346E-4,2200.0,62.772727272727266,25.54545454545454,62.755798090040926,25.54545454545454,2200.0,1.8041504E7
2300.0,63.162847975,2.93890233258961E-4,2300.0,62.52173913043478,25.043478260869566,62.50543714658547,25.043478260869566,2300.0,1.8044648E7
2400.0,65.610312412,3.0531766627440993E-4,2400.0,62.0,24.0,61.98416006669446,24.0,2400.0,1.8048232E7
2500.0,68.03693592,3.166494885937293E-4,2500.0,61.480000000000004,22.96,61.46458583433374,22.96,2500.0,1.8050936E7
2600.0,70.741063408,3.2927896472539843E-4,2600.0,61.07692307692307,22.153846153846146,61.06194690265486,22.153846153846146,2600.0,1.8053464E7
2700.0,73.435527549,3.418651378205025E-4,2700.0,60.92592592592593,21.851851851851855,60.911448684698044,21.851851851851855,2700.0,1.8056088E7
2800.0,76.494913423,3.5615824157719626E-4,2800.0,60.5,20.999999999999996,60.48588781707752,20.999999999999996,2800.0,1.805904E7
2900.0,78.967301961,3.6771094571248997E-4,2900.0,60.48275862068966,20.965517241379317,60.46912728527079,20.965517241379317,2900.0,1.8062144E7
3000.0,81.492521143,3.795120266473352E-4,3000.0,60.0,19.999999999999996,59.98666222074025,19.999999999999996,3000.0,1.8064464E7
3100.0,84.116249161,3.917813469660655E-4,3100.0,60.225806451612904,20.451612903225815,59.797848059993484,19.621903520208615,3100.0,1.8076072E7
3200.0,86.614077116,4.034661142124062E-4,3200.0,60.21875,20.437499999999996,59.36801787424194,18.761965539246976,3200.0,1.808256E7
3300.0,89.192473493,4.1552967792677064E-4,3300.0,60.06060606060606,20.121212121212118,58.8125,17.625,3300.0,1.8085408E7
3400.0,91.817171358,4.278117468536534E-4,3400.0,60.05882352941177,20.11764705882353,58.43281297826752,16.891064871481028,3400.0,1.8088168E7
3500.0,94.238087213,4.3914220282433264E-4,3500.0,59.91428571428571,19.82857142857142,57.9057905790579,15.8368326334733,3500.0,1.8091312E7
3600.0,96.721871953,4.507684369692563E-4,3600.0,59.916666666666664,19.833333333333325,57.55882352941176,15.117647058823518,3600.0,1.8093704E7
3700.0,99.278109544,4.62736298833395E-4,3700.0,59.75675675675676,19.513513513513516,57.052206518603974,14.129181084198382,3700.0,1.8097464E7
3800.0,101.903794625,4.750317634851235E-4,3800.0,59.71052631578947,19.421052631578938,56.665723181432206,13.35597057159025,3800.0,1.8101088E7
3900.0,104.631435881,4.8780705842480735E-4,3900.0,59.43589743589743,18.87179487179487,56.05555555555556,12.11111111111111,3900.0,1.810448E7
4000.0,107.186124705,4.997736807747908E-4,4000.0,59.45,18.900000000000006,55.76765748568312,11.559432933478744,4000.0,1.810656E7
4100.0,109.755962144,5.118125065052699E-4,4100.0,59.36585365853658,18.731707317073166,55.37101526922047,10.765934654525964,4100.0,1.8108432E7
4200.0,112.210337666,5.233118897563492E-4,4200.0,59.26190476190476,18.52380952380952,54.97368421052632,9.947368421052618,4200.0,1.8110728E7
4300.0,114.798046568,5.354371686156403E-4,4300.0,59.23255813953489,18.465116279069772,54.66770106025343,9.358841778697007,4300.0,1.8112512E7
4400.0,117.386961781,5.475693001098357E-4,4400.0,59.15909090909091,18.318181818181813,54.30968726163235,8.642602948652758,4400.0,1.8114304E7
4500.0,119.869213885,5.592028319358068E-4,4500.0,58.88888888888889,17.777777777777782,53.75000000000001,7.499999999999998,4500.0,1.811624E7
4600.0,122.419363406,5.71158071422528E-4,4600.0,58.7391304347826,17.47826086956521,53.30873308733087,7.4146341463414505,4600.0,1.8121536E7
4700.0,124.898220173,5.82781205401436E-4,4700.0,58.595744680851055,17.198761177153287,52.904162633107454,7.289185326345867,4700.0,1.812484E7
4800.0,127.356096282,5.943079773691908E-4,4800.0,58.416666666666664,16.84056647156209,52.45354930919485,7.119590507212653,4800.0,1.8128008E7
4900.0,129.923445719,6.063498179458913E-4,4900.0,58.44897959183674,16.89795918367347,52.262602579132476,7.454545454545469,4900.0,1.813052E7
5000.0,132.511873346,6.18492012464431E-4,5000.0,58.440000000000005,16.8871942444662,52.03139427516159,7.60337927967986,5000.0,1.8132744E7
5100.0,135.11932525,6.307253970876861E-4,5100.0,58.549019607843135,17.104986971487964,51.932696680309235,8.046976946498473,5100.0,1.8135632E7
5200.0,137.532120321,6.420468083780001E-4,5200.0,58.48076923076923,16.961538461538474,51.6461366181411,8.127659574468087,5200.0,1.8137712E7
5300.0,139.954262775,6.534142604267395E-4,5300.0,58.50943396226415,17.02557913436121,51.47837599293909,8.33680700291788,5300.0,1.8141192E7
5400.0,142.370121904,6.647537389180975E-4,5400.0,58.5,17.006580273882253,51.261418007829484,8.493262556145362,5400.0,1.8143616E7
5500.0,144.964579282,6.769326756887874E-4,5500.0,58.50909090909091,17.018181818181823,51.08252947481243,8.720000000000011,5500.0,1.8145344E7
5600.0,147.427064828,6.884932755777516E-4,5600.0,58.410714285714285,16.827815007061943,50.78191039729501,8.63083562181247,5600.0,1.8147176E7
5700.0,149.912557694,7.001631016239473E-4,5700.0,58.42105263157895,16.848319245333105,50.60441850771154,8.811081185071199,5700.0,1.8149064E7
5800.0,152.532212068,7.124648076002508E-4,5800.0,58.27586206896552,16.551724137931046,50.25693730729702,8.679245283018874,5800.0,1.8151968E7
5900.0,155.03286558,7.242094020744143E-4,5900.0,58.25423728813559,16.514460784426362,50.06082725060828,8.743979251574642,5900.0,1.8154608E7
5995.0,157.390382733,7.352836535023977E-4,5995.0,58.13177648040033,16.26650483238054,49.74974974974975,8.62759373862396,5995.0,1.8157744E7
