learning evaluation instances,evaluation time (cpu seconds),model cost (RAM-Hours),classified instances,classifications correct (percent),Kappa Statistic (percent),Kappa Temporal Statistic (percent),Kappa M Statistic (percent),model training instances,model serialized size (bytes)
100.0,2.852406513,1.320086813910475E-5,100.0,53.0,6.000000000000005,52.52525252525253,6.000000000000005,100.0,1.7889304E7
200.0,6.02051041,2.7877876252001403E-5,200.0,60.5,20.999999999999996,60.30150753768844,20.999999999999996,200.0,1.7907728E7
300.0,9.21585703,4.268967007366047E-5,300.0,67.0,34.00000000000001,66.88963210702342,34.00000000000001,300.0,1.7918104E7
400.0,12.295953722,5.6976856970231565E-5,400.0,69.25,38.5,69.17293233082708,38.5,400.0,1.7930184E7
500.0,15.342052396,7.111726122665523E-5,500.0,70.19999999999999,40.39999999999999,70.14028056112224,40.39999999999999,500.0,1.794404E7
600.0,18.307607769,8.489031513484496E-5,600.0,72.33333333333334,44.66666666666668,72.28714524207011,44.66666666666668,600.0,1.7952568E7
700.0,21.324786813,9.890852841671068E-5,700.0,73.14285714285714,46.285714285714285,73.10443490701002,46.285714285714285,700.0,1.7959488E7
800.0,24.892868567,1.1549941615036531E-4,800.0,73.625,47.24999999999999,73.59198998748435,47.24999999999999,800.0,1.7973688E7
900.0,28.639165396,1.3292555975207606E-4,900.0,74.55555555555556,49.11111111111111,74.52725250278085,49.11111111111111,900.0,1.7980488E7
1000.0,32.096082594,1.490152078218175E-4,1000.0,75.1,50.2,75.07507507507508,50.2,1000.0,1.7991192E7
1100.0,36.350687848,1.6883023362757363E-4,1100.0,75.72727272727273,51.45454545454547,75.70518653321201,51.45454545454547,1100.0,1.8002704E7
1200.0,39.747112405,1.8465318858220742E-4,1200.0,76.58333333333334,53.16666666666667,76.56380316930776,53.16666666666667,1200.0,1.8008104E7
1300.0,43.160382919,2.0056052956261218E-4,1300.0,77.3076923076923,54.61538461538462,77.29022324865281,54.61538461538462,1300.0,1.8014792E7
1400.0,46.203041079,2.147436388884981E-4,1400.0,77.85714285714286,55.714285714285715,77.84131522516084,55.714285714285715,1400.0,1.8018488E7
1500.0,49.324220866,2.2929617475673334E-4,1500.0,78.73333333333333,57.46666666666667,78.71914609739827,57.46666666666667,1500.0,1.80228E7
1600.0,52.682359712,2.4495634966266374E-4,1600.0,78.8125,57.62499999999999,78.79924953095684,57.62499999999999,1600.0,1.802604E7
1700.0,56.184651677,2.612922473981519E-4,1700.0,79.23529411764706,58.470588235294116,79.22307239552678,58.470588235294116,1700.0,1.8029888E7
1800.0,59.513210109,2.768206784202466E-4,1800.0,79.55555555555556,59.111111111111114,79.54419121734297,59.111111111111114,1800.0,1.803324E7
1900.0,63.031098735,2.9323570948564887E-4,1900.0,80.05263157894737,60.105263157894726,80.04212743549236,60.105263157894726,1900.0,1.8036904E7
2000.0,66.561310781,3.097115459785437E-4,2000.0,80.30000000000001,60.60000000000001,80.29014507253628,60.60000000000001,2000.0,1.804052E7
2100.0,70.145633122,3.2644299148922154E-4,2100.0,80.61904761904762,61.23809523809525,80.60981419723679,61.23809523809525,2100.0,1.8043832E7
2200.0,73.422642309,3.4174294547971776E-4,2200.0,80.86363636363636,61.72727272727272,80.85493406093678,61.72727272727272,2200.0,1.8047408E7
2300.0,76.880034184,3.578878962048728E-4,2300.0,81.26086956521739,62.521739130434774,81.25271857329273,62.521739130434774,2300.0,1.8050552E7
2400.0,80.14423668,3.731337387955741E-4,2400.0,81.54166666666667,63.083333333333336,81.53397248853689,63.083333333333336,2400.0,1.8054136E7
2500.0,83.49594531,3.887906337114482E-4,2500.0,81.84,63.68000000000001,81.8327330932373,63.68000000000001,2500.0,1.805684E7
2600.0,86.459028217,4.0263407235955543E-4,2600.0,81.92307692307692,63.84615384615384,81.91612158522508,63.84615384615384,2600.0,1.8059368E7
2700.0,89.55211924,4.170870048946823E-4,2700.0,82.22222222222221,64.44444444444444,82.21563542052613,64.44444444444444,2700.0,1.8061992E7
2800.0,92.532546691,4.3101577606846495E-4,2800.0,82.39285714285714,64.78571428571429,82.38656663093963,64.78571428571429,2800.0,1.8064944E7
2900.0,95.71766682,4.459037185292802E-4,2900.0,82.48275862068965,64.96551724137932,82.4767161090031,64.96551724137932,2900.0,1.8068048E7
3000.0,98.68623481,4.597812310056666E-4,3000.0,82.63333333333334,65.26666666666668,82.6275425141714,65.26666666666668,3000.0,1.8070368E7
3100.0,101.786148179,4.742820681424347E-4,3100.0,81.93548387096774,63.87096774193548,81.7411150961852,63.49413298565841,3100.0,1.8081976E7
3200.0,105.145860355,4.900038364762021E-4,3200.0,81.65625,63.31249999999999,81.26396425151611,62.53988513082322,3200.0,1.8088464E7
3300.0,108.49883683,5.056965555115404E-4,3300.0,81.3030303030303,62.606060606060595,80.71875,61.437499999999986,3300.0,1.8091312E7
3400.0,111.613076546,5.202741539380738E-4,3400.0,81.17647058823529,62.35294117647059,80.41016222834405,60.83231334149327,3400.0,1.8094072E7
3500.0,115.164659957,5.369018247550691E-4,3500.0,80.82857142857142,61.65714285714286,79.86798679867987,59.748050389922014,3500.0,1.8097216E7
3600.0,118.087612698,5.505882046940312E-4,3600.0,80.41666666666667,60.83333333333334,79.26470588235294,58.529411764705884,3600.0,1.8099608E7
3700.0,121.320872483,5.657307056449488E-4,3700.0,80.27027027027027,60.54054054054055,78.94433227574272,57.90080738177624,3700.0,1.8103368E7
3800.0,125.005704374,5.829915333826234E-4,3800.0,80.1842105263158,60.36842105263158,78.68666855363713,57.38539898132428,3800.0,1.8106992E7
3900.0,128.451800688,5.991370780130792E-4,3900.0,79.94871794871796,59.897435897435905,78.27777777777777,56.55555555555556,3900.0,1.8110384E7
4000.0,131.977927572,6.15659476812603E-4,4000.0,79.725,59.45,77.88382874284156,55.77971646673937,4000.0,1.8112464E7
4100.0,135.119521965,6.303815903128793E-4,4100.0,79.63414634146342,59.26829268292684,77.63193142244845,55.275843599357266,4100.0,1.8114336E7
4200.0,138.056286138,6.441455745106882E-4,4200.0,79.47619047619048,58.952380952380956,77.31578947368422,54.63157894736842,4200.0,1.8116632E7
4300.0,141.642161087,6.609534567423382E-4,4300.0,79.4186046511628,58.83720930232559,77.11404189294026,54.23991726990693,4300.0,1.8118416E7
4400.0,144.876623282,6.761156800046202E-4,4400.0,79.27272727272727,58.54545454545455,76.81159420289855,53.6349771225216,4400.0,1.8120208E7
4500.0,148.348269121,6.92391490344046E-4,4500.0,79.22222222222223,58.44444444444446,76.62500000000001,53.25000000000001,4500.0,1.8122144E7
4600.0,152.105224286,7.100100385043168E-4,4600.0,79.06521739130434,58.13043478260869,76.30996309963099,53.02439024390243,4600.0,1.812744E7
4700.0,155.205517496,7.245517667492685E-4,4700.0,78.85106382978724,57.6968038530879,75.94385285575993,52.64411624583135,4700.0,1.8130744E7
4800.0,158.664292343,7.407777650141383E-4,4800.0,78.58333333333334,57.1612895160278,75.51214864221059,52.163797114937196,4800.0,1.8133912E7
4900.0,161.904073824,7.5597851472816E-4,4900.0,78.24489795918367,56.489795918367335,75.00586166471277,51.54545454545454,4900.0,1.8136424E7
5000.0,164.980358591,7.704139231934073E-4,5000.0,78.08,56.15450703664157,74.69990766389658,51.267229879946655,5000.0,1.8138648E7
5100.0,168.281930928,7.859089560437213E-4,5100.0,77.90196078431373,55.79842908584413,74.37471577989996,50.97868638538496,5100.0,1.8141536E7
5200.0,171.556187967,8.012775538329006E-4,5200.0,77.6923076923077,55.38461538461539,74.020156774916,50.638297872340424,5200.0,1.8143616E7
5300.0,174.779731013,8.164110140704145E-4,5300.0,77.41509433962264,54.82455340815741,73.58781994704324,50.10421008753647,5300.0,1.8147096E7
5400.0,178.317280489,8.330208482064552E-4,5400.0,77.22222222222223,54.438788354384194,73.24923879947804,49.775418538178855,5400.0,1.814952E7
5500.0,181.772344315,8.492449325150214E-4,5500.0,77.0909090909091,54.18181818181817,72.99035369774919,49.6,5500.0,1.8151248E7
5600.0,185.127450316,8.650012309005388E-4,5600.0,76.91071428571429,53.815749793724635,72.67540152155537,49.27422518634759,5600.0,1.815308E7
5700.0,188.634539351,8.814729872132183E-4,5700.0,76.78947368421053,53.57327727806216,72.4260108378491,49.095806079261266,5700.0,1.8154968E7
5800.0,191.768327159,8.961938127674068E-4,5800.0,76.67241379310344,53.34482758620689,72.18910585817059,48.94339622641508,5800.0,1.8157872E7
5900.0,195.422956757,9.133637649194021E-4,5900.0,76.47457627118645,52.943534424851194,71.8572587185726,48.57354575768804,5900.0,1.8160512E7
5995.0,198.533221052,9.279787373712456E-4,5995.0,76.39699749791492,52.791206342540534,71.67167167167167,48.48926101201311,5995.0,1.8163648E7
