learning evaluation instances,evaluation time (cpu seconds),model cost (RAM-Hours),classified instances,classifications correct (percent),Kappa Statistic (percent),Kappa Temporal Statistic (percent),Kappa M Statistic (percent),model training instances,model serialized size (bytes)
100.0,2.180300373,1.0090106487618594E-5,100.0,53.0,6.000000000000005,52.52525252525253,6.000000000000005,100.0,1.7888824E7
200.0,5.318721173,2.4629210751526925E-5,200.0,60.5,20.999999999999996,60.30150753768844,20.999999999999996,200.0,1.7907248E7
300.0,8.068349732,3.7374569903415934E-5,300.0,67.0,34.00000000000001,66.88963210702342,34.00000000000001,300.0,1.7917624E7
400.0,10.824632452,5.015938677396327E-5,400.0,69.25,38.5,69.17293233082708,38.5,400.0,1.7929704E7
500.0,13.455972866,6.237410003797004E-5,500.0,70.19999999999999,40.39999999999999,70.14028056112224,40.39999999999999,500.0,1.794356E7
600.0,15.897254202,7.371194277245651E-5,600.0,72.33333333333334,44.66666666666668,72.28714524207011,44.66666666666668,600.0,1.7952088E7
700.0,18.433324173,8.549454468738097E-5,700.0,73.14285714285714,46.285714285714285,73.10443490701002,46.285714285714285,700.0,1.7959008E7
800.0,20.9105272,9.701275042655081E-5,800.0,73.625,47.24999999999999,73.59198998748435,47.24999999999999,800.0,1.7973208E7
900.0,23.593984942,1.0949469559726698E-4,900.0,74.55555555555556,49.11111111111111,74.52725250278085,49.11111111111111,900.0,1.7980008E7
1000.0,26.372340028,1.2242574379109995E-4,1000.0,75.1,50.2,75.07507507507508,50.2,1000.0,1.7990712E7
1100.0,29.286386579,1.3599296634968694E-4,1100.0,73.81818181818181,47.63636363636363,73.7943585077343,47.63636363636363,1100.0,1.7996864E7
1200.0,31.764044749,1.4753191243966767E-4,1200.0,71.83333333333334,43.66666666666668,71.80984153461219,43.66666666666668,1200.0,1.8002264E7
1300.0,34.222403173,1.5898522920825028E-4,1300.0,70.0,39.99999999999999,69.9769053117783,39.99999999999999,1300.0,1.8008952E7
1400.0,36.625066969,1.701813659983948E-4,1400.0,68.28571428571428,36.57142857142857,68.26304503216583,36.57142857142857,1400.0,1.8012648E7
1500.0,38.977383252,1.8114551322190623E-4,1500.0,67.33333333333333,34.66666666666667,67.31154102735157,34.66666666666667,1500.0,1.801696E7
1600.0,41.445987494,1.9265374783333105E-4,1600.0,66.375,32.74999999999999,66.35397123202,32.74999999999999,1600.0,1.80202E7
1700.0,43.898482719,2.0408932621786364E-4,1700.0,65.52941176470588,31.05882352941176,65.50912301353738,31.05882352941176,1700.0,1.8024048E7
1800.0,46.291271513,2.1524857836167932E-4,1800.0,64.77777777777777,29.555555555555557,64.75819899944413,29.555555555555557,1800.0,1.80274E7
1900.0,48.694870225,2.2646052305558306E-4,1900.0,63.94736842105263,27.89473684210526,63.92838335966297,27.89473684210526,1900.0,1.8031064E7
2000.0,51.067391094,2.3752971991809752E-4,2000.0,63.14999999999999,26.29999999999999,63.13156578289144,26.29999999999999,2000.0,1.803468E7
2100.0,53.489218237,2.488310244116064E-4,2100.0,62.904761904761905,25.809523809523817,62.88708909004288,25.809523809523817,2100.0,1.8037976E7
2200.0,55.984060768,2.604753586476753E-4,2200.0,62.772727272727266,25.54545454545454,62.755798090040926,25.54545454545454,2200.0,1.8041552E7
2300.0,58.454052005,2.720057118682505E-4,2300.0,62.52173913043478,25.043478260869566,62.50543714658547,25.043478260869566,2300.0,1.8044696E7
2400.0,60.797494646,2.829474868015151E-4,2400.0,62.0,24.0,61.98416006669446,24.0,2400.0,1.804828E7
2500.0,63.221637134,2.942677533804328E-4,2500.0,61.480000000000004,22.96,61.46458583433374,22.96,2500.0,1.8050984E7
2600.0,65.611633756,3.054301285567677E-4,2600.0,61.07692307692307,22.153846153846146,61.06194690265486,22.153846153846146,2600.0,1.8053512E7
2700.0,68.090729349,3.170103194844398E-4,2700.0,60.92592592592593,21.851851851851855,60.911448684698044,21.851851851851855,2700.0,1.8056136E7
2800.0,70.839568188,3.2985261685511955E-4,2800.0,60.5,20.999999999999996,60.48588781707752,20.999999999999996,2800.0,1.8059088E7
2900.0,73.765525228,3.4352474213259935E-4,2900.0,60.48275862068966,20.965517241379317,60.46912728527079,20.965517241379317,2900.0,1.8062192E7
3000.0,76.474239213,3.5618338108639984E-4,3000.0,60.0,19.999999999999996,59.98666222074025,19.999999999999996,3000.0,1.8064512E7
3100.0,78.901137302,3.6753229717073334E-4,3100.0,60.225806451612904,20.451612903225815,59.797848059993484,19.621903520208615,3100.0,1.807612E7
3200.0,81.379181962,3.791245495041938E-4,3200.0,60.21875,20.437499999999996,59.36801787424194,18.761965539246976,3200.0,1.8082608E7
3300.0,84.017772651,3.9146977759174385E-4,3300.0,60.06060606060606,20.121212121212118,58.8125,17.625,3300.0,1.8085456E7
3400.0,86.450454292,4.028533517842705E-4,3400.0,60.05882352941177,20.11764705882353,58.43281297826752,16.891064871481028,3400.0,1.8088216E7
3500.0,88.982709033,4.1470493138995963E-4,3500.0,59.91428571428571,19.82857142857142,57.9057905790579,15.8368326334733,3500.0,1.809136E7
3600.0,91.952104258,4.286042742689747E-4,3600.0,59.916666666666664,19.833333333333325,57.55882352941176,15.117647058823518,3600.0,1.8093752E7
3700.0,94.271488308,4.394632576595987E-4,3700.0,59.75675675675676,19.513513513513516,57.052206518603974,14.129181084198382,3700.0,1.8097512E7
3800.0,96.725485219,4.5095477753190246E-4,3800.0,59.71052631578947,19.421052631578938,56.665723181432206,13.35597057159025,3800.0,1.8101136E7
3900.0,99.282468957,4.629308055173592E-4,3900.0,59.43589743589743,18.87179487179487,56.05555555555556,12.11111111111111,3900.0,1.8104528E7
4000.0,101.83819229,4.749023054297701E-4,4000.0,59.45,18.900000000000006,55.76765748568312,11.559432933478744,4000.0,1.8106608E7
4100.0,104.249727347,4.861995675868206E-4,4100.0,59.36585365853658,18.731707317073166,55.37101526922047,10.765934654525964,4100.0,1.810848E7
4200.0,106.586270705,4.971469057295183E-4,4200.0,59.26190476190476,18.52380952380952,54.97368421052632,9.947368421052618,4200.0,1.8110776E7
4300.0,109.370512987,5.101931195140998E-4,4300.0,59.23255813953489,18.465116279069772,54.66770106025343,9.358841778697007,4300.0,1.811256E7
4400.0,112.172002304,5.2332144703352E-4,4400.0,59.15909090909091,18.318181818181813,54.30968726163235,8.642602948652758,4400.0,1.8114352E7
4500.0,114.657901118,5.349721007067737E-4,4500.0,58.88888888888889,17.777777777777782,53.75000000000001,7.499999999999998,4500.0,1.8116288E7
4600.0,117.09773823,5.464102199245855E-4,4600.0,58.7391304347826,17.47826086956521,53.30873308733087,7.4146341463414505,4600.0,1.8121584E7
4700.0,119.47384545,5.575516001262204E-4,4700.0,58.595744680851055,17.198761177153287,52.904162633107454,7.289185326345867,4700.0,1.8124888E7
4800.0,121.888158556,5.688741034114706E-4,4800.0,58.416666666666664,16.84056647156209,52.45354930919485,7.119590507212653,4800.0,1.8128056E7
4900.0,124.610350181,5.816422462593564E-4,4900.0,58.44897959183674,16.89795918367347,52.262602579132476,7.454545454545469,4900.0,1.8130568E7
5000.0,127.080526812,5.932297614877801E-4,5000.0,58.440000000000005,16.8871942444662,52.03139427516159,7.60337927967986,5000.0,1.8132792E7
5100.0,129.483374091,6.045032322314467E-4,5100.0,58.549019607843135,17.104986971487964,51.932696680309235,8.046976946498473,5100.0,1.813568E7
5200.0,131.939039051,6.160258297832296E-4,5200.0,58.48076923076923,16.961538461538474,51.6461366181411,8.127659574468087,5200.0,1.813776E7
5300.0,134.412224428,6.276328640932678E-4,5300.0,58.50943396226415,17.02557913436121,51.47837599293909,8.33680700291788,5300.0,1.814124E7
5400.0,136.800534858,6.388430650830977E-4,5400.0,58.5,17.006580273882253,51.261418007829484,8.493262556145362,5400.0,1.8143664E7
5500.0,139.4153672,6.511176787542753E-4,5500.0,58.50909090909091,17.018181818181823,51.08252947481243,8.720000000000011,5500.0,1.8145392E7
5600.0,141.890083171,6.627357273956183E-4,5600.0,58.410714285714285,16.827815007061943,50.78191039729501,8.63083562181247,5600.0,1.8147224E7
5700.0,144.223183378,6.736900720832049E-4,5700.0,58.42105263157895,16.848319245333105,50.60441850771154,8.811081185071199,5700.0,1.8149112E7
5800.0,146.678308659,6.852191919192463E-4,5800.0,58.27586206896552,16.551724137931046,50.25693730729702,8.679245283018874,5800.0,1.8152016E7
5900.0,149.033518256,6.962807222832596E-4,5900.0,58.25423728813559,16.514460784426362,50.06082725060828,8.743979251574642,5900.0,1.8154656E7
5995.0,151.53219523,7.080180918970545E-4,5995.0,58.13177648040033,16.26650483238054,49.74974974974975,8.62759373862396,5995.0,1.8157792E7
