learning evaluation instances,evaluation time (cpu seconds),model cost (RAM-Hours),classified instances,classifications correct (percent),Kappa Statistic (percent),Kappa Temporal Statistic (percent),Kappa M Statistic (percent),model training instances,model serialized size (bytes)
1000.0,10.793007243,1.104359073554825E-5,1000.0,28.9,0.0,-75.55555555555556,-146.02076124567472,1000.0,3955216.0
2000.0,22.016284112,2.2690406706709676E-5,2000.0,30.25,0.0,-67.66826923076921,-130.57851239669424,2000.0,4011344.0
3000.0,32.917905662,3.400342887145742E-5,3000.0,30.333333333333336,0.0,-68.14159292035397,-129.67032967032966,3000.0,4011344.0
4000.0,43.788506495,4.528425967298659E-5,4000.0,30.25,0.0,-64.89361702127658,-130.57851239669424,4000.0,4011344.0
5000.0,54.352378522,5.624678647130584E-5,5000.0,30.48,0.0,-64.50544249881686,-128.08398950131237,5000.0,4011344.0
6000.0,64.393401923,6.666673361139563E-5,6000.0,30.216666666666665,0.0,-66.08488694962317,-130.9431880860452,6000.0,4011344.0
7000.0,74.44821085,7.710098650962199E-5,7000.0,29.97142857142857,0.0,-67.1326287078077,-133.6510962821735,7000.0,4011344.0
8000.0,84.743737213,8.778504093291682E-5,8000.0,30.337500000000002,0.0,-64.34680035387791,-129.62505150391434,8000.0,4011344.0
9000.0,94.853268864,9.827608165731087E-5,9000.0,30.444444444444446,0.0,-63.40381101540069,-128.46715328467155,9000.0,4011344.0
10000.0,105.699014963,1.0953111976778475E-4,10000.0,30.459999999999997,0.0,-63.893471600282815,-128.29940906106373,10000.0,4011344.0
11000.0,116.598107442,1.2084151742055985E-4,11000.0,30.44545454545455,0.0,-64.07891915076131,-128.4562555986862,11000.0,4011344.0
12000.0,126.90594071,1.315383431814402E-4,12000.0,30.275000000000002,0.0,-65.35573122529645,-130.30553261767136,12000.0,4011344.0
13000.0,136.926514713,1.4193706921311334E-4,13000.0,30.138461538461534,0.0,-65.72992700729928,-131.80193976518635,13000.0,4011344.0
14000.0,147.055815621,1.5244862523806116E-4,14000.0,30.114285714285714,0.0,-65.69009314140557,-132.06831119544592,14000.0,4011344.0
15000.0,157.208269766,1.6298420824671642E-4,15000.0,29.96666666666667,0.0,-66.56096400824481,-133.70411568409347,15000.0,4011344.0
16000.0,167.469611956,1.7363278846967703E-4,16000.0,30.043750000000003,0.0,-66.38917793964619,-132.84793010193465,16000.0,4011344.0
17000.0,177.718232045,1.842681664905675E-4,17000.0,30.023529411764706,0.0,-66.98483997754069,-133.07210031347964,17000.0,4011344.0
18000.0,187.638521323,1.9456282329625375E-4,18000.0,29.977777777777774,0.0,-67.36157216837073,-133.5804299481097,18000.0,4011344.0
19000.0,197.66341801,2.049660351394806E-4,19000.0,30.05263157894737,0.0,-66.85499058380414,-132.74956217162875,19000.0,4011344.0
20000.0,208.661067311,2.163787089083967E-4,20000.0,30.075000000000003,0.0,-66.46827758600165,-132.50207813798838,20000.0,4011344.0
21000.0,219.100210281,2.272117996792445E-4,21000.0,30.157142857142855,0.0,-66.08538104404937,-131.59639981051632,21000.0,4011344.0
22000.0,229.065563809,2.3755322134984096E-4,22000.0,30.13636363636364,0.0,-66.82948008249211,-131.82503770739063,22000.0,4011344.0
23000.0,239.092098005,2.479581324976646E-4,23000.0,30.017391304347825,0.0,-67.6492032079992,-133.14020857473926,23000.0,4011344.0
24000.0,249.955947496,2.592319571780092E-4,24000.0,29.983333333333334,0.0,-67.888899990009,-133.51862145636468,24000.0,4011344.0
25000.0,260.026080668,2.696821126208751E-4,25000.0,29.864,0.0,-68.3210137275607,-134.851326011251,25000.0,4011344.0
26000.0,270.098714454,2.801348630448159E-4,26000.0,29.788461538461537,0.0,-68.4040590405904,-135.70045190445447,26000.0,4011344.0
27000.0,280.212772029,2.906306004905457E-4,27000.0,29.81111111111111,0.0,-68.51324915525521,-135.44539694371974,27000.0,4011344.0
28000.0,290.600087102,3.01409907505938E-4,28000.0,29.725,0.0,-69.03187011425138,-136.41715727502103,28000.0,4011344.0
29000.0,301.356078449,3.1257180373892967E-4,29000.0,29.76896551724138,0.0,-68.51729273539632,-135.9203058033129,29000.0,4011344.0
30000.0,311.571935777,3.231731826121088E-4,30000.0,29.80333333333333,0.0,-68.55290539458942,-135.53293815009505,30000.0,4011344.0
31000.0,322.183992951,3.34185712947381E-4,31000.0,29.738709677419354,0.0,-69.18595619077212,-136.2620674693568,31000.0,4011344.0
32000.0,332.789434945,3.4519137846189047E-4,32000.0,29.721874999999997,0.0,-69.10294007068202,-136.45252865103566,32000.0,4011344.0
33000.0,343.117257987,3.5590894836209843E-4,33000.0,29.784848484848485,0.0,-68.73725604427614,-135.74117407671181,33000.0,4011344.0
34000.0,353.758922284,3.6695220312099857E-4,34000.0,29.75588235294118,0.0,-68.84411452810181,-136.06800434911534,34000.0,4011344.0
35000.0,363.950154737,3.775280278364406E-4,35000.0,29.751428571428573,0.0,-69.04090752836025,-136.11831364640352,35000.0,4011344.0
36000.0,374.827708077,3.888160735156309E-4,36000.0,29.78611111111111,0.0,-68.79465776293824,-135.7269420871025,36000.0,4011344.0
37000.0,385.002869939,3.9937522117515517E-4,37000.0,29.783783783783786,0.0,-68.79994802157104,-135.7531760435572,37000.0,4011344.0
38000.0,395.179255868,4.0993563909498326E-4,38000.0,29.789473684210527,0.0,-68.74327999494021,-135.6890459363958,38000.0,4011344.0
39000.0,405.180975399,4.2031479913285795E-4,39000.0,29.838461538461537,0.0,-68.44988918985474,-135.13792214488274,39000.0,4011344.0
40000.0,415.174699202,4.306856617034547E-4,40000.0,29.8375,0.0,-68.366428699982,-135.1487222454965,40000.0,4011344.0
41000.0,425.095463402,4.409808113535392E-4,41000.0,29.787804878048778,0.0,-68.47310821092057,-135.70785228854496,41000.0,4011344.0
42000.0,435.042170451,4.5130288287248584E-4,42000.0,29.752380952380953,0.0,-68.89346842978992,-136.10755441741358,42000.0,4011344.0
43000.0,445.701548374,4.6236451972643826E-4,43000.0,29.737209302325578,0.0,-68.8914975683381,-136.27903339329004,43000.0,4011344.0
44000.0,455.935330192,4.729844995161629E-4,44000.0,29.795454545454547,0.0,-68.58593025159635,-135.6216628527841,44000.0,4011344.0
45000.0,466.037143969,4.8346753111281146E-4,45000.0,29.81111111111111,0.0,-68.47130360571795,-135.44539694371974,45000.0,4011344.0
46000.0,476.027192272,4.938345794790006E-4,46000.0,29.789130434782606,0.0,-68.485575669049,-135.69291396044665,46000.0,4011344.0
47000.0,486.208540477,5.044001469390249E-4,47000.0,29.76595744680851,0.0,-68.64207622356186,-135.9542530378842,47000.0,4011344.0
48000.0,496.379601614,5.149550391221868E-4,48000.0,29.735416666666666,0.0,-68.66873374674937,-136.29930638268058,48000.0,4011344.0
49000.0,506.628446471,5.255906503932736E-4,49000.0,29.76326530612245,0.0,-68.48289029226025,-135.98464070213936,49000.0,4011344.0
50000.0,517.08861715,5.36445562407585E-4,50000.0,29.772,0.0,-68.33980535979674,-135.88606744592235,50000.0,4011344.0
51000.0,527.851402885,5.476145094322123E-4,51000.0,30.01960784313725,0.0,-67.16627634660423,-133.115610711953,51000.0,4011344.0
52000.0,538.50469111,5.586698267778114E-4,52000.0,30.265384615384615,0.0,-66.06521340904926,-130.41047147032657,52000.0,4011344.0
53000.0,549.429235159,5.700066364807771E-4,53000.0,30.47924528301887,0.0,-65.22129052508855,-128.09211340844377,53000.0,4011344.0
54000.0,561.16140093,5.821815455802237E-4,54000.0,30.703703703703706,0.0,-63.92149991238829,-125.69360675512668,54000.0,4011344.0
55000.0,572.877691971,5.94339980876069E-4,55000.0,30.94181818181818,0.0,-62.949933502080754,-123.18721353860617,55000.0,4011344.0
56000.0,583.677621239,6.055474731400609E-4,56000.0,31.157142857142855,0.0,-61.97638754674175,-120.95369096744611,56000.0,4011344.0
57000.0,594.264896612,6.165342864695914E-4,57000.0,31.34736842105263,0.0,-61.182964000329534,-119.00604432505035,57000.0,4011344.0
58000.0,604.913274265,6.275845079301771E-4,58000.0,31.575862068965517,0.0,-60.19860331812863,-116.69760838702629,58000.0,4011344.0
59000.0,615.901514054,6.389874170950545E-4,59000.0,31.796610169491522,0.0,-59.278024065864486,-114.49893390191899,59000.0,4011344.0
60000.0,627.318168944,6.508349087021949E-4,60000.0,32.02333333333333,0.0,-58.33689196009162,-112.27230144686165,60000.0,4011344.0
61000.0,638.084986899,6.620080401129728E-4,61000.0,32.19344262295082,0.0,-57.54551687361924,-110.62226295956819,61000.0,4011344.0
62000.0,648.759619613,6.730855074365402E-4,62000.0,32.36129032258064,0.0,-56.793539220818076,-109.01116427432216,62000.0,4011344.0
63000.0,659.497544403,6.842286553247242E-4,63000.0,32.53015873015873,0.0,-56.0769626202541,-107.40704596467256,63000.0,4011344.0
64000.0,670.832119814,6.9599096997347E-4,64000.0,32.6859375,0.0,-55.19651284268164,-105.9419666332043,64000.0,4011344.0
65000.0,681.600165317,7.071653752569162E-4,65000.0,32.80307692307692,0.0,-54.60691656932497,-104.8494512709877,65000.0,4011344.0
66000.0,692.809212727,7.187974247839921E-4,66000.0,32.96515151515151,0.0,-54.011905176314976,-103.35064576917775,66000.0,4011344.0
67000.0,703.392176131,7.297797634213269E-4,67000.0,33.0955223880597,0.0,-53.52421398725941,-102.15567782087128,67000.0,4011344.0
68000.0,714.42675127,7.41230756519329E-4,68000.0,33.233823529411765,0.0,-52.92195762740409,-100.89826983494845,68000.0,4011344.0
69000.0,725.613253104,7.528394096553419E-4,69000.0,33.381159420289855,0.0,-52.380163097527,-99.57018191290757,69000.0,4011344.0
70000.0,736.133361085,7.637565208592795E-4,70000.0,33.50714285714286,0.0,-51.83493720437122,-98.4438286079727,70000.0,4011344.0
71000.0,746.521183498,7.745363543604464E-4,71000.0,33.67464788732394,0.0,-51.16525423728814,-96.95930402777199,71000.0,4011344.0
72000.0,757.106977103,7.855216300036657E-4,72000.0,33.78611111111111,0.0,-50.75736014925846,-95.97961029351313,72000.0,4011344.0
73000.0,767.473510023,7.962793705982792E-4,73000.0,33.88904109589041,0.0,-50.313015853240714,-95.08064190145113,73000.0,4011344.0
74000.0,777.795169568,8.069905444061395E-4,74000.0,34.01081081081081,0.0,-49.72252031273955,-94.0241576605213,74000.0,4011344.0
75000.0,788.1124008,8.176971227872651E-4,75000.0,34.08266666666667,0.0,-49.291861694096326,-93.40427196619979,75000.0,4011344.0
76000.0,798.522716104,8.285002980062915E-4,76000.0,34.17236842105263,0.0,-48.886971013630145,-92.63409187170303,76000.0,4011344.0
77000.0,809.175036572,8.395546110741012E-4,77000.0,34.3012987012987,0.0,-48.351906158357785,-91.53415114341968,77000.0,4011344.0
78000.0,819.657018003,8.504321569250097E-4,78000.0,34.37692307692308,0.0,-47.91504117902036,-90.8928171850526,78000.0,4011344.0
79000.0,831.277346687,8.624910084784968E-4,79000.0,34.50126582278481,0.0,-47.35163458252647,-89.84443792192545,79000.0,4011344.0
80000.0,841.823750618,8.734354079774673E-4,80000.0,34.6075,0.0,-46.932928884395025,-88.95470634977966,80000.0,4011344.0
81000.0,852.642162764,8.846620806182062E-4,81000.0,34.68271604938272,0.0,-46.66241614459168,-88.32805325169973,81000.0,4011344.0
82000.0,862.813644747,8.9521740952907E-4,82000.0,34.765853658536585,0.0,-46.33292299275065,-87.63855759786729,82000.0,4011344.0
83000.0,873.667534488,9.064808986027354E-4,83000.0,34.89277108433735,0.0,-45.79915821282107,-86.59231380131902,83000.0,4011344.0
84000.0,883.963379479,9.17165283678274E-4,84000.0,34.96666666666667,0.0,-45.47681819392292,-85.9866539561487,84000.0,4011344.0
85000.0,894.333614149,9.27926865717906E-4,85000.0,35.050588235294114,0.0,-45.23189435193225,-85.30191655758061,85000.0,4011344.0
86000.0,905.116492258,9.391166633537348E-4,86000.0,35.13488372093023,0.0,-44.912326276139765,-84.61742123378343,86000.0,4011344.0
87000.0,915.78620843,9.501890285969957E-4,87000.0,35.22758620689655,0.0,-44.551610917299406,-83.86844166014095,87000.0,4011344.0
88000.0,927.026097825,9.618530840103803E-4,88000.0,35.32159090909091,0.0,-44.19953890197866,-83.11295563491299,88000.0,4011344.0
89000.0,940.043646588,9.753618833216629E-4,89000.0,35.42022471910112,0.0,-43.913065251139265,-82.32457809922599,89000.0,4011344.0
90000.0,952.011768648,9.877816531250997E-4,90000.0,35.467777777777776,0.0,-43.72788240243511,-81.94605432160648,90000.0,4011344.0
91000.0,962.695518153,9.98868581285129E-4,91000.0,35.510989010989015,0.0,-43.515688048714885,-81.60297075661455,91000.0,4011344.0
92000.0,973.051346672,0.0010096152135207503,92000.0,35.582608695652176,0.0,-43.30552532946441,-81.03616813294234,92000.0,4011344.0
93000.0,983.480144744,0.0010204375690023727,93000.0,35.6494623655914,0.0,-43.05930724547604,-80.50913916872774,93000.0,4011344.0
94000.0,994.501017717,0.0010318743428480413,94000.0,35.748936170212765,0.0,-42.6856926856927,-79.72860373765029,94000.0,4011344.0
95000.0,1004.947165668,0.001042714702950791,95000.0,35.811578947368425,0.0,-42.46764169898604,-79.23929337761973,95000.0,4011344.0
96000.0,1015.549815919,0.001053717471368727,96000.0,35.88645833333333,0.0,-42.211182994454724,-78.65664276798931,96000.0,4011344.0
97000.0,1026.248762393,0.00106482016999431,97000.0,35.94639175257732,0.0,-41.94462213287034,-78.1920385453711,97000.0,4011344.0
98000.0,1036.663832966,0.0010756282799345932,98000.0,35.99387755102041,0.0,-41.70243527763972,-77.82502693201793,98000.0,4011344.0
99000.0,1047.096985992,0.0010864551547155603,99000.0,36.06363636363636,0.0,-41.41736857391809,-77.28762288883286,99000.0,4011344.0
99500.0,1052.268044547,0.0010918213564113002,99500.0,36.10150753768844,0.0,-41.25527660519883,-76.9967428523705,99500.0,4011344.0
