learning evaluation instances,evaluation time (cpu seconds),model cost (RAM-Hours),classified instances,classifications correct (percent),Kappa Statistic (percent),Kappa Temporal Statistic (percent),Kappa M Statistic (percent),model training instances,model serialized size (bytes)
100.0,0.62906199,1.293864487984528E-7,100.0,33.0,0.0,-42.55319148936171,-179.16666666666669,100.0,795056.0
200.0,1.17328399,2.4132287645956704E-7,200.0,41.5,0.0,-17.000000000000004,-58.10810810810811,200.0,795056.0
300.0,1.596525422,3.2837583267275655E-7,300.0,38.666666666666664,0.0,-26.027397260273965,-71.96261682242991,300.0,795056.0
400.0,2.008786423,4.1317031675450087E-7,400.0,38.0,0.0,-31.914893617021285,-73.4265734265734,400.0,795056.0
500.0,2.357469706,4.8488803688373E-7,500.0,37.4,0.0,-28.80658436213992,-75.84269662921349,500.0,795056.0
600.0,2.718046407,5.590520137309905E-7,600.0,36.333333333333336,0.0,-32.63888888888889,-82.77511961722486,600.0,795056.0
700.0,3.0720459,6.318631802039843E-7,700.0,35.85714285714286,0.0,-34.029850746268664,-85.5371900826446,700.0,795056.0
800.0,3.442854982,7.081317690948729E-7,800.0,36.875,0.0,-32.89473684210527,-76.57342657342654,800.0,795056.0
900.0,3.789234291,7.79375604267257E-7,900.0,36.333333333333336,0.0,-36.10451306413302,-80.18867924528298,900.0,795056.0
1000.0,4.188123824,8.614198240074185E-7,1000.0,37.3,0.0,-32.27848101265823,-72.25274725274727,1000.0,795056.0
1100.0,5.576452309,1.1664485638430714E-6,1100.0,37.27272727272727,0.0,-31.931166347992345,-72.06982543640899,1100.0,849280.0
1200.0,5.946972399,1.2478552895262174E-6,1200.0,36.833333333333336,0.0,-33.21616871704746,-75.05773672055427,1200.0,849280.0
1300.0,6.301124135,1.3256657348998055E-6,1300.0,37.38461538461538,0.0,-31.502423263327955,-70.64989517819707,1300.0,849280.0
1400.0,6.577629254,1.3864164930366145E-6,1400.0,37.142857142857146,0.0,-32.330827067669176,-72.21135029354208,1400.0,849280.0
1500.0,6.867446594,1.4500920705082682E-6,1500.0,37.13333333333333,0.0,-31.88811188811188,-72.08029197080293,1500.0,849280.0
1600.0,7.231453113,1.5300677037839426E-6,1600.0,37.625,0.0,-30.287206266318538,-68.29679595278247,1600.0,849280.0
1700.0,7.491168242,1.587129544242488E-6,1700.0,37.29411764705882,0.0,-32.09417596034696,-70.55999999999999,1700.0,849280.0
1800.0,7.806155073,1.6563350940549705E-6,1800.0,37.44444444444445,0.0,-30.02309468822169,-69.32330827067668,1800.0,849280.0
1900.0,8.100224702,1.7209449391506778E-6,1900.0,37.57894736842105,0.0,-28.913043478260885,-68.22695035460991,1900.0,849280.0
2000.0,8.481665398,1.8047510240074E-6,2000.0,37.5,0.0,-30.072840790842864,-68.69095816464235,2000.0,849280.0
2100.0,9.400686645,2.0066685787384047E-6,2100.0,37.523809523809526,0.0,-30.158730158730158,-68.42105263157896,2100.0,849280.0
2200.0,9.830483464,2.1010989556278786E-6,2200.0,38.31818181818182,0.0,-27.179006560449864,-62.70983213429254,2200.0,849280.0
2300.0,10.196597141,2.1815375512041317E-6,2300.0,38.173913043478265,0.0,-27.877697841726608,-63.636363636363626,2300.0,849280.0
2400.0,10.554979889,2.2602775894460743E-6,2400.0,38.416666666666664,0.0,-27.744165946413148,-61.883899233296844,2400.0,849280.0
2500.0,10.938628338,2.3445687382647726E-6,2500.0,38.76,0.0,-26.11202635914332,-59.47916666666666,2500.0,849280.0
2600.0,11.284070649,2.4204656415903897E-6,2600.0,38.80769230769231,0.0,-27.076677316293914,-59.10000000000001,2600.0,849280.0
2700.0,11.670247552,2.5053123153771955E-6,2700.0,38.88888888888889,0.0,-26.436781609195414,-58.501440922190206,2700.0,849280.0
2800.0,12.075602712,2.5943726314166517E-6,2800.0,39.285714285714285,0.0,-25.832716506291625,-55.82034830430796,2800.0,849280.0
2900.0,12.426343392,2.6714336359162462E-6,2900.0,39.310344827586206,0.0,-25.714285714285722,-55.614500442086644,2900.0,849280.0
3000.0,12.776659066,2.748401262626648E-6,3000.0,39.7,0.0,-24.329896907216494,-53.04568527918781,3000.0,849280.0
3100.0,13.716726442,2.9549428485409418E-6,3100.0,39.87096774193548,0.0,-24.101198402130503,-51.915240423797904,3100.0,849280.0
3200.0,14.081092048,3.0349973765856025E-6,3200.0,39.875,0.0,-24.129032258064516,-51.854775059194935,3200.0,849280.0
3300.0,14.36545137,3.097473776506318E-6,3300.0,40.15151515151515,0.0,-23.360399750156166,-50.07598784194529,3300.0,849280.0
3400.0,14.669504946,3.16427718804174E-6,3400.0,40.1764705882353,0.0,-23.04900181488202,-49.88946204863667,3400.0,849280.0
3500.0,15.036392577,3.24488582854314E-6,3500.0,40.37142857142857,0.0,-22.118197776477466,-48.64672364672366,3500.0,849280.0
3600.0,15.409207673,3.3267967884876E-6,3600.0,40.666666666666664,0.0,-21.501706484641648,-46.8041237113402,3600.0,849280.0
3700.0,15.721511096,3.3954127684903807E-6,3700.0,40.72972972972973,0.0,-21.563192904656315,-46.39519359145528,3700.0,849280.0
3800.0,16.082044325,3.4746252875007854E-6,3800.0,40.81578947368421,0.0,-20.58981233243967,-45.84954604409859,3800.0,849280.0
3900.0,16.416528237,3.5481145281776124E-6,3900.0,41.05128205128205,0.0,-19.801980198019812,-44.40954773869346,3900.0,849280.0
4000.0,16.700647968,3.6105382877170376E-6,4000.0,41.025,0.0,-20.418580908626847,-44.54656862745097,4000.0,849280.0
4100.0,17.695772521,3.82917644983838E-6,4100.0,41.02439024390244,0.0,-20.358387257341967,-44.53078302450687,4100.0,849280.0
4200.0,18.147418214,3.928407228487995E-6,4200.0,41.04761904761905,0.0,-20.428015564202344,-44.373177842565596,4200.0,849280.0
4300.0,18.544936589,4.015745729640888E-6,4300.0,41.18604651162791,0.0,-20.142517814726844,-43.530079455164596,4300.0,849280.0
4400.0,18.989639682,4.11345115420315E-6,4400.0,41.340909090909086,0.0,-19.823584029712176,-42.59668508287292,4400.0,849280.0
4500.0,19.377793141,4.19873209581087E-6,4500.0,41.31111111111111,0.0,-20.100045475216007,-42.756756756756765,4500.0,849280.0
4600.0,19.676565621,4.2643752012118035E-6,4600.0,41.32608695652174,0.0,-20.276292335115862,-42.65327695560254,4600.0,849280.0
4700.0,20.013291988,4.338357130204241E-6,4700.0,41.42553191489362,0.0,-19.904181184668996,-42.053663570691455,4700.0,849280.0
4800.0,20.365266204,4.415689154088431E-6,4800.0,41.333333333333336,0.0,-20.187793427230037,-42.58227848101265,4800.0,849280.0
4900.0,20.700577938,4.489360274993314E-6,4900.0,41.55102040816326,0.0,-19.283631820074973,-41.29255056734091,4900.0,849280.0
5000.0,21.022398638,4.5600672896765345E-6,5000.0,41.64,0.0,-18.859470468431773,-40.76218041485771,5000.0,849280.0
5100.0,22.244567678,4.8285892469547865E-6,5100.0,41.431372549019606,0.0,-19.575660528422752,-41.96768060836501,5100.0,849280.0
5200.0,22.584488708,4.9032730732572754E-6,5200.0,41.40384615384615,0.0,-19.724950884086436,-42.117537313432855,5200.0,849280.0
5300.0,22.930773115,4.979354992942116E-6,5300.0,41.16981132075472,0.0,-20.339637205712087,-43.48826507132995,5300.0,849280.0
5400.0,23.301865553,5.060887468828527E-6,5400.0,40.925925925925924,0.0,-21.43129044537494,-44.934120854157186,5400.0,849280.0
5500.0,23.680344288,5.144042783178821E-6,5500.0,40.74545454545454,0.0,-21.831775700934585,-46.01254480286737,5500.0,849280.0
5600.0,24.002812418,5.214892044282226E-6,5600.0,40.55357142857143,0.0,-22.479764532744674,-47.17064544650753,5600.0,849280.0
5700.0,24.285109049,5.276915251717734E-6,5700.0,40.29824561403509,0.0,-23.341790503805722,-48.732517482517466,5700.0,849280.0
5800.0,24.559659041,5.337236450185147E-6,5800.0,40.17241379310345,0.0,-23.795932929004625,-49.504523912106855,5800.0,849280.0
5900.0,24.902310437,5.412520163408684E-6,5900.0,40.016949152542374,0.0,-24.612676056338035,-50.46768707482991,5900.0,849280.0
6000.0,25.268205873,5.4929108093981285E-6,6000.0,39.96666666666667,0.0,-24.593566240055342,-50.774382586856426,6000.0,849280.0
6100.0,26.754663887,5.819499523616599E-6,6100.0,39.885245901639344,0.0,-24.855294518215853,-51.27887788778877,6100.0,849280.0
6200.0,27.071570185,5.889126798263292E-6,6200.0,39.66129032258065,0.0,-25.663419549882448,-52.69387755102042,6200.0,849280.0
6300.0,27.451448957,5.972589713823564E-6,6300.0,39.55555555555556,0.0,-25.967581872312273,-53.36286749899316,6300.0,849280.0
6400.0,27.830752806,6.055926313429011E-6,6400.0,39.46875,0.0,-26.47730982696701,-53.91338895510527,6400.0,849280.0
6500.0,28.214368186,6.140210196679433E-6,6500.0,39.36923076923077,0.0,-26.679524268723874,-54.54901960784312,6500.0,849280.0
6600.0,28.640626151,6.233863054280248E-6,6600.0,39.27272727272727,0.0,-27.44038155802861,-55.168408826945424,6600.0,849280.0
6700.0,29.018160884,6.316810962570972E-6,6700.0,39.08955223880597,0.0,-28.172110552763822,-56.36015325670499,6700.0,849280.0
6800.0,29.406528059,6.402138859580722E-6,6800.0,38.91176470588235,0.0,-28.646639826571697,-57.527493363670835,6800.0,849280.0
6900.0,29.801507476,6.488919527938564E-6,6900.0,38.7536231884058,0.0,-29.11701802627561,-58.57410881801125,6900.0,849280.0
7000.0,30.135607372,6.562324396712183E-6,7000.0,38.614285714285714,0.0,-29.701177180802894,-59.5025983667409,7000.0,849280.0
7100.0,31.569561217,6.87737745443493E-6,7100.0,38.45070422535211,0.0,-30.408833184124155,-60.60271958838664,7100.0,849280.0
7200.0,31.934870426,6.957639300875133E-6,7200.0,38.34722222222222,0.0,-30.674124227259338,-61.30087209302325,7200.0,849280.0
7300.0,32.419054972,7.064019169551729E-6,7300.0,38.21917808219178,0.0,-31.371977861928347,-62.17188061848259,7300.0,849280.0
7400.0,32.831256089,7.154583606308466E-6,7400.0,38.13513513513514,0.0,-31.778929188255624,-62.744400995378626,7400.0,849280.0
7500.0,33.237963215,7.243940961910055E-6,7500.0,37.98666666666667,0.0,-32.658300057045054,-63.767605633802795,7500.0,849280.0
7600.0,33.652203691,7.334953464893598E-6,7600.0,37.82894736842105,0.0,-33.21116436425149,-64.86392184228892,7600.0,849280.0
7700.0,34.069813599,7.426706263569427E-6,7700.0,37.84415584415585,0.0,-33.166388425153045,-64.75043029259894,7700.0,849280.0
7800.0,34.409998174,7.501447993170817E-6,7800.0,37.705128205128204,0.0,-33.96746622553074,-65.72305593451571,7800.0,849280.0
7900.0,34.843095183,7.596603452638221E-6,7900.0,37.68354430379747,0.0,-33.959183673469376,-65.86927223719675,7900.0,849280.0
8000.0,35.240825238,7.683988461864921E-6,8000.0,37.625,0.0,-34.139784946236574,-66.27790736421191,8000.0,849280.0
8100.0,36.837761971,8.035696470418605E-6,8100.0,37.641975308641975,0.0,-34.19234856535602,-66.15131578947368,8100.0,851328.0
8200.0,37.237526005,8.123740166442426E-6,8200.0,37.829268292682926,0.0,-33.31589958158997,-64.8237956676366,8200.0,851328.0
8300.0,37.607285842,8.205175763249131E-6,8300.0,37.78313253012048,0.0,-33.471181183768394,-65.1423089222897,8300.0,851328.0
8400.0,38.035464557,8.299477484817537E-6,8400.0,37.86904761904762,0.0,-33.34184977005619,-64.53341740226986,8400.0,851328.0
8500.0,38.448701068,8.3904883478919E-6,8500.0,37.96470588235294,0.0,-32.78771090405439,-63.85954008701056,8500.0,851328.0
8600.0,38.893773949,8.488510826430352E-6,8600.0,38.01162790697674,0.0,-32.97580444000999,-63.52760736196319,8600.0,851328.0
8700.0,39.341633271,8.587146988400849E-6,8700.0,38.03448275862069,0.0,-32.7178729689808,-63.36363636363637,8700.0,851328.0
8800.0,39.774571623,8.682496968435677E-6,8800.0,38.15909090909091,0.0,-32.5054784514244,-62.49626754255,8800.0,851328.0
8900.0,40.215600197,8.77962873218778E-6,8900.0,38.19101123595506,0.0,-32.26737196441452,-62.27138643067847,8900.0,851328.0
9000.0,40.60169021,8.864660873279306E-6,9000.0,38.32222222222222,0.0,-31.821420090239837,-61.36627906976743,9000.0,851328.0
9100.0,42.635802149,9.31265198304418E-6,9100.0,38.40659340659341,0.0,-31.60366283165063,-60.786001147446925,9100.0,851328.0
9200.0,43.096221251,9.41405430044237E-6,9200.0,38.42391304347826,0.0,-31.46901833372014,-60.663641520136125,9200.0,851328.0
9300.0,43.530827908,9.509771706573101E-6,9300.0,38.53763440860215,0.0,-31.130993347097945,-59.888111888111894,9300.0,851328.0
9400.0,43.894266511,9.589815120098027E-6,9400.0,38.57446808510638,0.0,-30.92970521541949,-59.63505667680396,9400.0,851328.0
9500.0,44.305550324,9.68039592260036E-6,9500.0,38.66315789473684,0.0,-30.41629364368844,-59.03384279475984,9500.0,851328.0
9600.0,44.764323407,9.781435722152623E-6,9600.0,38.77083333333333,0.0,-30.18826135105204,-58.30864530029628,9600.0,851328.0
9700.0,45.097775798,9.854874997461769E-6,9700.0,38.83505154639175,0.0,-30.081122560841916,-57.876530069185726,9700.0,851328.0
9800.0,45.500140782,9.943491524535152E-6,9800.0,38.87755102040816,0.0,-29.569543586415737,-57.59010786635095,9800.0,851328.0
9900.0,45.908025322,1.0033323673999043E-5,9900.0,38.97979797979798,0.0,-29.219251336898395,-56.909090909090935,9900.0,851328.0
10000.0,46.347347798,1.0130079688156577E-5,10000.0,39.0,0.0,-29.34690415606445,-56.772038036494465,10000.0,851328.0
