learning evaluation instances,evaluation time (cpu seconds),model cost (RAM-Hours),classified instances,classifications correct (percent),Kappa Statistic (percent),Kappa Temporal Statistic (percent),Kappa M Statistic (percent),model training instances,model serialized size (bytes)
1000.0,10.581187536,1.0826853166382908E-5,1000.0,28.9,0.0,-75.55555555555556,-146.02076124567472,1000.0,3955216.0
2000.0,21.581383545,2.224216974984903E-5,2000.0,30.25,0.0,-67.66826923076921,-130.57851239669424,2000.0,4011344.0
3000.0,31.959016267,3.30114290259241E-5,3000.0,30.333333333333336,0.0,-68.14159292035397,-129.67032967032966,3000.0,4011344.0
4000.0,42.292978961,4.373537027362759E-5,4000.0,30.25,0.0,-64.89361702127658,-130.57851239669424,4000.0,4011344.0
5000.0,52.456333093,5.428226460821367E-5,5000.0,30.5,0.0,-64.45811642214862,-127.86885245901635,5000.0,4011344.0
6000.0,62.488801189,6.469333358695404E-5,6000.0,30.233333333333334,0.0,-65.9135949266746,-130.760749724366,6000.0,4011344.0
7000.0,72.828681774,7.542341605243366E-5,7000.0,29.97142857142857,0.0,-67.1326287078077,-133.6510962821735,7000.0,4011344.0
8000.0,82.8874627,8.586179084321695E-5,8000.0,30.349999999999998,0.0,-64.2204538756263,-129.48929159802307,8000.0,4011344.0
9000.0,93.74982801,9.713407533318963E-5,9000.0,30.45555555555556,0.0,-63.29246021393165,-128.3473184968989,9000.0,4011344.0
10000.0,104.484512823,1.0827386097554207E-4,10000.0,30.470000000000002,0.0,-63.7926972909305,-128.19166393173614,10000.0,4011344.0
11000.0,115.199971739,1.1939369518242221E-4,11000.0,30.463636363636365,0.0,-63.895436040282846,-128.26022082960313,11000.0,4011344.0
12000.0,125.64694465,1.302349113771508E-4,12000.0,30.283333333333335,0.0,-65.23800118506811,-130.21463951568523,12000.0,4011344.0
13000.0,135.702883719,1.406703370661805E-4,13000.0,30.146153846153844,0.0,-65.68144499178983,-131.71727481500383,13000.0,4011344.0
14000.0,146.067443278,1.5142602982996158E-4,14000.0,30.135714285714286,0.0,-65.55517941773864,-131.83218772220903,14000.0,4011344.0
15000.0,156.202255941,1.619433056101032E-4,15000.0,29.986666666666668,0.0,-66.38149556400509,-133.48154735437976,15000.0,4011344.0
16000.0,167.285546635,1.7344485266936288E-4,16000.0,30.06875,0.0,-66.18149413337294,-132.57119102057783,16000.0,4011344.0
17000.0,177.754866072,1.8430925869349286E-4,17000.0,30.029411764705884,0.0,-66.80689945309211,-133.00685602350637,17000.0,4011344.0
18000.0,188.179405731,1.951271950599923E-4,18000.0,30.0,0.0,-67.13091922005573,-133.33333333333331,18000.0,4011344.0
19000.0,198.997899479,2.0635395238219166E-4,19000.0,30.073684210526313,0.0,-66.61650363681969,-132.51662583129155,19000.0,4011344.0
20000.0,209.411025373,2.1716004425603134E-4,20000.0,30.085,0.0,-66.3256809801356,-132.3915572544458,20000.0,4011344.0
21000.0,220.070338791,2.2822161417072233E-4,21000.0,30.18095238095238,0.0,-65.84096821626511,-131.33480593247077,21000.0,4011344.0
22000.0,230.824106983,2.3938120335226525E-4,22000.0,30.13636363636364,0.0,-66.68474135126341,-131.82503770739063,22000.0,4011344.0
23000.0,241.738971901,2.5070796865742865E-4,23000.0,30.034782608695654,0.0,-67.39831478206594,-132.94730746960045,23000.0,4011344.0
24000.0,252.128266333,2.6148932972800315E-4,24000.0,30.008333333333333,0.0,-67.59453257507731,-133.2407664537628,24000.0,4011344.0
25000.0,262.355092595,2.721020914760048E-4,25000.0,29.887999999999998,0.0,-68.0375802895216,-134.58244111349035,25000.0,4011344.0
26000.0,272.785823883,2.82926453128485E-4,26000.0,29.83076923076923,0.0,-68.0081038769684,-135.22434244455908,26000.0,4011344.0
27000.0,283.491940922,2.9403659291870644E-4,27000.0,29.83703703703704,0.0,-68.19675042173488,-135.15392254220453,27000.0,4011344.0
28000.0,294.338631794,3.052926114556096E-4,28000.0,29.75714285714286,0.0,-68.80954424512915,-136.05376860297645,28000.0,4011344.0
29000.0,305.033200304,3.163907669035065E-4,29000.0,29.79655172413793,0.0,-68.32575444398512,-135.60930447864828,29000.0,4011344.0
30000.0,315.793003141,3.2755661846283683E-4,30000.0,29.81,0.0,-68.37517991364143,-135.45790003354577,30000.0,4011344.0
31000.0,326.200164241,3.383565204458955E-4,31000.0,29.76451612903226,0.0,-69.01878590281011,-135.97052129619593,31000.0,4011344.0
32000.0,336.633620901,3.491837103192694E-4,32000.0,29.762499999999996,0.0,-68.80210289147577,-135.9932801343973,32000.0,4011344.0
33000.0,347.22346002,3.601731841443225E-4,33000.0,29.86666666666667,0.0,-68.19767441860463,-134.82142857142858,33000.0,4011344.0
34000.0,357.835298623,3.7118548766025815E-4,34000.0,29.814705882352943,0.0,-68.58353938537617,-135.40495215547003,34000.0,4011344.0
35000.0,368.128333799,3.8186695688523014E-4,35000.0,29.822857142857146,0.0,-68.61399052653256,-135.3132784058249,35000.0,4011344.0
36000.0,378.259128088,3.923800626477354E-4,36000.0,29.86388888888889,0.0,-68.36033873441356,-134.85257185378103,36000.0,4011344.0
37000.0,388.926230507,4.034497155013314E-4,37000.0,29.867567567567566,0.0,-68.3251167618059,-134.81132929146688,37000.0,4011344.0
38000.0,399.114501434,4.140224669300036E-4,38000.0,29.907894736842106,0.0,-68.07597652552533,-134.35987681478227,38000.0,4011344.0
39000.0,409.410726306,4.2470724622232483E-4,39000.0,29.9974358974359,0.0,-67.56275701221382,-133.36182579707668,39000.0,4011344.0
40000.0,419.458172258,4.351338582848286E-4,40000.0,30.0225,0.0,-67.57064176245211,-133.08352069281375,40000.0,4011344.0
41000.0,429.660916598,4.457216293178154E-4,41000.0,30.080487804878047,0.0,-67.0863204522935,-132.44141733560363,41000.0,4011344.0
42000.0,439.839267512,4.5628408637638597E-4,42000.0,30.0952380952381,0.0,-66.86558681443591,-132.2784810126582,42000.0,4011344.0
43000.0,450.0270836,4.668563658015434E-4,43000.0,30.093023255813954,0.0,-66.82390809700871,-132.30293663060274,43000.0,4011344.0
44000.0,460.102549187,4.773120548917489E-4,44000.0,30.131818181818183,0.0,-66.70462556260505,-131.87509428269723,44000.0,4011344.0
45000.0,470.373382594,4.8797048450709564E-4,45000.0,30.175555555555555,0.0,-66.504159821949,-131.39406436409163,45000.0,4011344.0
46000.0,480.745007045,4.987335087746738E-4,46000.0,30.291304347826088,0.0,-65.83574679354571,-130.12774508396728,46000.0,4011344.0
47000.0,491.325455675,5.097132377365698E-4,47000.0,30.40851063829787,0.0,-65.48444219580064,-128.85530366638682,47000.0,4011344.0
48000.0,502.148232606,5.209444398786514E-4,48000.0,30.483333333333334,0.0,-65.11455292196547,-128.04811372334612,48000.0,4011344.0
49000.0,512.447841879,5.316327312910138E-4,49000.0,30.553061224489795,0.0,-64.77338756536898,-127.29944559481663,49000.0,4011344.0
50000.0,522.752130201,5.423258783282762E-4,50000.0,30.656,0.0,-64.15889399176174,-126.20041753653442,50000.0,4011344.0
51000.0,533.037665301,5.529995644426682E-4,51000.0,30.74313725490196,0.0,-63.75057950857672,-125.275846673895,51000.0,4011344.0
52000.0,543.428970498,5.637830121596108E-4,52000.0,30.882692307692306,0.0,-63.02730654086908,-123.80596550221061,52000.0,4011344.0
53000.0,554.094523762,5.748510573968745E-4,53000.0,31.043396226415094,0.0,-62.37337835436292,-122.12970278976476,53000.0,4011344.0
54000.0,564.85845735,5.860211955916752E-4,54000.0,31.164814814814818,0.0,-61.83116374243545,-120.87468061085033,54000.0,4011344.0
55000.0,575.689228489,5.972606936236736E-4,55000.0,31.329090909090908,0.0,-60.952015682263685,-119.19215367651329,55000.0,4011344.0
56000.0,586.442004681,6.084192533695555E-4,56000.0,31.478571428571428,0.0,-60.45159941459334,-117.6764238711141,56000.0,4011344.0
57000.0,597.069823284,6.194481399317255E-4,57000.0,31.628070175438594,0.0,-59.72785769908604,-116.17483913911695,57000.0,4011344.0
58000.0,607.692124748,6.304713011515226E-4,58000.0,31.810344827586206,0.0,-59.01415246059827,-114.36314363143627,58000.0,4011344.0
59000.0,618.71079496,6.419057891093624E-4,59000.0,32.0,0.0,-58.0959136225716,-112.50000000000003,59000.0,4011344.0
60000.0,629.535684544,6.531391836308168E-4,60000.0,32.15,0.0,-57.43068177423719,-111.04199066874028,60000.0,4011344.0
61000.0,640.691580711,6.64716076116586E-4,61000.0,32.31967213114754,0.0,-56.61393725579455,-109.40907938118187,61000.0,4011344.0
62000.0,651.633625578,6.76071047075749E-4,62000.0,32.441935483870964,0.0,-56.00581027226341,-108.24301481555139,62000.0,4011344.0
63000.0,662.79187594,6.876503825980971E-4,63000.0,32.611111111111114,0.0,-55.28529626920262,-106.6439522998296,63000.0,4011344.0
64000.0,673.363421431,6.986208724382367E-4,64000.0,32.7484375,0.0,-54.58463527637106,-105.35808006107159,64000.0,4011344.0
65000.0,683.769263354,7.094194054617721E-4,65000.0,32.86769230769231,0.0,-54.076480350270096,-104.25014042314172,65000.0,4011344.0
66000.0,694.106046514,7.20146273612985E-4,66000.0,33.0030303030303,0.0,-53.556049451312695,-103.00247911119276,66000.0,4011344.0
67000.0,704.731660366,7.311728722222282E-4,67000.0,33.126865671641795,0.0,-53.1219028741328,-101.86979049335434,67000.0,4011344.0
68000.0,715.361371294,7.422037225211294E-4,68000.0,33.25147058823529,0.0,-52.55781123958055,-100.73857856795362,68000.0,4011344.0
69000.0,725.574630638,7.528024053687273E-4,69000.0,33.402898550724636,0.0,-52.06327145173566,-99.37521693856301,69000.0,4011344.0
70000.0,735.757559836,7.633696134845723E-4,70000.0,33.53714285714286,0.0,-51.53903781635778,-98.1768614755495,70000.0,4011344.0
71000.0,745.848188943,7.738410383290479E-4,71000.0,33.69718309859155,0.0,-50.89591947943713,-96.76071055381398,71000.0,4011344.0
72000.0,755.831061523,7.842006401779483E-4,72000.0,33.80277777777778,0.0,-50.50048943762041,-95.83367573342098,72000.0,4011344.0
73000.0,766.074759025,7.948309098454086E-4,73000.0,33.8986301369863,0.0,-50.0948707580329,-94.99717126000165,73000.0,4011344.0
74000.0,776.407578312,8.0555366453672E-4,74000.0,34.02162162162162,0.0,-49.52378035708816,-93.93072767715283,74000.0,4011344.0
75000.0,786.487950577,8.160144454709888E-4,75000.0,34.083999999999996,0.0,-49.13572053455611,-93.39279427297265,75000.0,4011344.0
76000.0,796.647874451,8.265577800980023E-4,76000.0,34.18421052631579,0.0,-48.674355011294736,-92.53271747498073,76000.0,4011344.0
77000.0,806.788451949,8.370810382639598E-4,77000.0,34.32207792207792,0.0,-48.11820871042382,-91.35765097623734,77000.0,4011344.0
78000.0,816.986450755,8.476638846780649E-4,78000.0,34.38974358974359,0.0,-47.74525088053584,-90.78437220399641,78000.0,4011344.0
79000.0,827.19529417,8.582579849502702E-4,79000.0,34.515189873417725,0.0,-47.18199664286323,-89.72750944364985,79000.0,4011344.0
80000.0,837.328952377,8.687740627080574E-4,80000.0,34.6225,0.0,-46.746724278218906,-88.82951837677811,80000.0,4011344.0
81000.0,847.499691666,8.793286208974607E-4,81000.0,34.696296296296296,0.0,-46.51008198537559,-88.2152006831768,81000.0,4011344.0
82000.0,857.58819702,8.897978418436766E-4,82000.0,34.791463414634144,0.0,-46.10760444845206,-87.42682884082862,82000.0,4011344.0
83000.0,867.71325152,9.003049912115409E-4,83000.0,34.90361445783133,0.0,-45.613798679423255,-86.50327925440111,83000.0,4011344.0
84000.0,878.27595342,9.112663037251205E-4,84000.0,34.976190476190474,0.0,-45.296871674824416,-85.90878148400274,84000.0,4011344.0
85000.0,888.612498404,9.219929247121519E-4,85000.0,35.05647058823529,0.0,-45.08896890687832,-85.2540438955635,85000.0,4011344.0
86000.0,899.239944073,9.33021424266702E-4,86000.0,35.1360465116279,0.0,-44.774337546391216,-84.60800211801305,86000.0,4011344.0
87000.0,909.781673231,9.439609725781384E-4,87000.0,35.2367816091954,0.0,-44.39034390856442,-83.79436325678499,87000.0,4011344.0
88000.0,920.405283807,9.549854923126303E-4,88000.0,35.32954545454545,0.0,-44.068654751658165,-83.04921196526216,88000.0,4011344.0
89000.0,930.984160903,9.659635904346653E-4,89000.0,35.41460674157303,0.0,-43.82475103838262,-82.3693645102954,89000.0,4011344.0
90000.0,941.546868228,9.76924908577971E-4,90000.0,35.47222222222222,0.0,-43.600712130952985,-81.91072826938134,90000.0,4011344.0
91000.0,951.928601006,9.87698422636162E-4,91000.0,35.52087912087912,0.0,-43.37446548564448,-81.52456379160992,91000.0,4011344.0
92000.0,962.48556505,9.986537807610471E-4,92000.0,35.59130434782609,0.0,-43.17193389388228,-80.9675054971903,92000.0,4011344.0
93000.0,973.31509966,0.0010098919956004562,93000.0,35.66236559139785,0.0,-42.92129463752537,-80.40764638485196,93000.0,4011344.0
94000.0,984.082485968,0.0010210657168124905,94000.0,35.75638297872341,0.0,-42.537824250005905,-79.6703460176728,94000.0,4011344.0
95000.0,994.422773215,0.0010317962212864024,95000.0,35.824210526315795,0.0,-42.309936742839795,-79.14083389651219,95000.0,4011344.0
96000.0,1005.045035607,0.0010428193419597174,96000.0,35.891666666666666,0.0,-42.0748880373055,-78.61620617599257,96000.0,4011344.0
97000.0,1016.154693649,0.0010543482514063964,97000.0,35.94536082474227,0.0,-41.839972605866905,-78.2000172082485,97000.0,4011344.0
98000.0,1026.434689177,0.0010650161888988488,98000.0,36.0,0.0,-41.58333145217726,-77.77777777777779,98000.0,4011344.0
99000.0,1036.864098771,0.0010758391789798202,99000.0,36.067676767676765,0.0,-41.301096153416836,-77.25656033830901,99000.0,4011344.0
100000.0,1047.737259052,0.001087122665816676,100000.0,36.137,0.0,-40.959254844832905,-76.72468660929242,100000.0,4011344.0
