learning evaluation instances,evaluation time (cpu seconds),model cost (RAM-Hours),classified instances,classifications correct (percent),Kappa Statistic (percent),Kappa Temporal Statistic (percent),Kappa M Statistic (percent),model training instances,model serialized size (bytes)
1000.0,13.849035195,1.4170571123722506E-5,1000.0,28.9,0.0,-75.55555555555556,-146.02076124567472,1000.0,3955216.0
2000.0,26.025364079,2.6648147713484825E-5,2000.0,48.699999999999996,-2.4785629029599843,-23.317307692307683,-69.58677685950414,2000.0,3961104.0
3000.0,37.078988073,3.797524320289814E-5,3000.0,55.63333333333333,-2.030386810917992,-7.079646017699112,-46.263736263736256,3000.0,3961104.0
4000.0,48.190793721,4.936195978589559E-5,4000.0,57.275,-2.3730295887407613,-1.004728132387701,-41.23966942148761,4000.0,3961104.0
5000.0,58.488634742,5.991457390077594E-5,5000.0,54.879999999999995,-2.7233527153843764,-6.767628963558938,-47.93442622950819,5000.0,3961104.0
6000.0,69.339051797,7.103343502258151E-5,6000.0,55.00000000000001,-1.866598520846664,-7.015457788347199,-48.8423373759647,6000.0,3961104.0
7000.0,82.019711215,8.402781950448362E-5,7000.0,57.371428571428574,-1.3033248907429567,-1.7388339584043504,-42.23069590085796,7000.0,3961104.0
8000.0,93.687112763,9.598387767321281E-5,8000.0,58.575,-1.6692907201769098,2.3283230179781826,-36.49093904448106,8000.0,3961104.0
9000.0,105.636237651,1.082286291406745E-4,9000.0,59.699999999999996,-1.650143393248273,5.374380380902678,-32.32396935425027,9000.0,3961104.0
10000.0,117.719682051,1.2061102324365022E-4,10000.0,60.67,-1.535826837759731,7.349823321554771,-29.07778142435183,10000.0,3961104.0
11000.0,129.752178249,1.3294120866381013E-4,11000.0,61.345454545454544,-1.558108795719995,8.892221984143989,-26.887496269770228,11000.0,3961104.0
12000.0,141.722077721,1.4520724868757233E-4,12000.0,62.20833333333333,-1.2846738086320735,10.428599644479565,-24.793615850302718,12000.0,3961104.0
13000.0,153.005280107,1.5676960243888251E-4,13000.0,62.92307692307693,-1.083236092206642,12.05984309432586,-22.990558816024492,13000.0,3961104.0
14000.0,164.694959223,1.687484893323942E-4,14000.0,63.42857142857142,-1.0102177302863453,13.337846987136082,-21.35577150983646,14000.0,3961104.0
15000.0,176.638328107,1.8098734238979771E-4,15000.0,63.866666666666674,-0.9352188081867456,14.131812420785806,-20.497999110715877,15000.0,3961104.0
16000.0,189.175012501,1.93834189842593E-4,16000.0,64.16875,-0.9472232052187507,14.852220406950838,-19.16441488256081,16000.0,3961104.0
17000.0,201.181516406,2.0613773990904813E-4,17000.0,64.54705882352941,-0.8716633314830922,15.481699621371487,-18.06072477962781,17000.0,3961104.0
18000.0,212.600517901,2.1783925249874972E-4,18000.0,64.87777777777778,-0.8100523025896011,16.142724499270454,-17.07407407407405,18000.0,3961104.0
19000.0,223.046765137,2.285439444633416E-4,19000.0,65.07368421052632,-0.820567664479277,16.779533483822423,-16.135806790339497,19000.0,3961104.0
20000.0,233.992072085,2.3976004309563011E-4,20000.0,65.305,-0.7916714443090542,17.46163911026526,-15.32325078942996,20000.0,3961104.0
21000.0,246.693737058,2.527759528191563E-4,21000.0,65.42857142857143,-0.8148826095795557,17.882592466915508,-14.547175765225617,21000.0,3961104.0
22000.0,258.6700073,2.6504852122855656E-4,22000.0,65.67272727272727,-0.7570117647686703,18.09998915518924,-13.906485671191549,22000.0,3961104.0
23000.0,271.267244492,2.779574195820763E-4,23000.0,65.95652173913044,-0.6726311403987881,18.547799854363888,-13.346844238563973,23000.0,3961104.0
24000.0,283.160004445,2.90144411621377E-4,24000.0,66.14999999999999,-0.6337672865189752,18.94642322657887,-12.801999444598716,24000.0,3961104.0
25000.0,295.492789589,3.027823152674874E-4,25000.0,66.424,-0.5500820193511512,19.528329019269506,-12.339400428265494,25000.0,3961104.0
26000.0,307.460570959,3.1504618478647907E-4,26000.0,66.62307692307692,-0.50295844704144,20.08472235012431,-11.8875709128417,26000.0,3961104.0
27000.0,319.1299539,3.270042733687383E-4,27000.0,66.74814814814815,-0.48914117340153745,20.287667584125003,-11.444885799404169,27000.0,3961104.0
28000.0,331.053539816,3.392228540188551E-4,28000.0,66.95,-0.4365325398054791,20.57334134409064,-11.065770523283721,28000.0,3961104.0
29000.0,342.506048887,3.5095870317665206E-4,29000.0,67.02413793103447,-0.4404738903299568,20.934270359652736,-10.67006133549359,29000.0,3961104.0
30000.0,354.538343356,3.632886818769482E-4,30000.0,67.11666666666667,-0.43292137612058357,21.11786342555575,-10.309739461030954,30000.0,3961104.0
31000.0,365.558711899,3.74581699160949E-4,31000.0,67.26129032258065,-0.40107327818378147,21.215649743828607,-9.992413568873948,31000.0,3961104.0
32000.0,377.000276743,3.863063333267801E-4,32000.0,67.35624999999999,-0.38877827212425076,21.54712730003755,-9.680806383872328,32000.0,3961104.0
33000.0,387.419661802,3.969834985323563E-4,33000.0,67.33939393939394,-0.4191928301926008,21.671511627906987,-9.35470779220779,33000.0,3961104.0
34000.0,398.904347347,4.087523202242026E-4,34000.0,67.47352941176472,-0.38786796946253466,21.872129989403057,-9.095393114333609,34000.0,3961104.0
35000.0,410.672366101,4.20811484912645E-4,35000.0,67.54285714285714,-0.3807013839954406,22.015514519118547,-8.833109791147757,35000.0,3961104.0
36000.0,422.050520725,4.3247114006188074E-4,36000.0,67.575,-0.3858832319455778,22.164432886577302,-8.575946423588512,36000.0,3961104.0
37000.0,433.199578759,4.4389603067121193E-4,37000.0,67.64054054054054,-0.37752650230356133,22.33393876491957,-8.343136367749537,37000.0,3961104.0
38000.0,444.386743525,4.5535997078977085E-4,38000.0,67.66578947368421,-0.3822474180551461,22.4648198397173,-8.112626484821833,38000.0,3961104.0
39000.0,455.942865199,4.672019959717138E-4,39000.0,67.63846153846154,-0.40323827231211007,22.537285951021907,-7.881015471407818,39000.0,3961104.0
40000.0,467.354185652,4.7889563748707454E-4,40000.0,67.6725,-0.4020437604299535,22.58740421455939,-7.6775751519693625,40000.0,3961104.0
41000.0,478.670621789,4.904920472069298E-4,41000.0,67.67073170731707,-0.4113878329515154,22.742903771055563,-7.475877726425006,41000.0,3961104.0
42000.0,489.553900672,5.016445831727426E-4,42000.0,67.7095238095238,-0.406813964684717,22.921284455811307,-7.294303797468352,42000.0,3961104.0
43000.0,501.374189757,5.13757311383051E-4,43000.0,67.76279069767442,-0.39727316164650917,23.070092679948925,-7.125193199381773,43000.0,3961104.0
44000.0,513.747764946,5.264370142377271E-4,44000.0,67.77272727272728,-0.4003410496211645,23.10612222764493,-6.954291748378336,44000.0,3961104.0
45000.0,526.740849708,5.39751553603378E-4,45000.0,67.77555555555556,-0.4046874594081204,23.157225372264328,-6.789896163193167,45000.0,3961104.0
46000.0,539.21558896,5.525349233642488E-4,46000.0,67.70434782608696,-0.42919838507708513,23.169218038891177,-6.6169082819004,46000.0,3961104.0
47000.0,551.003662157,5.646146386513882E-4,47000.0,67.62978723404255,-0.4529078103328108,23.02555021502656,-6.451161488944887,47000.0,3961104.0
48000.0,562.091932087,5.759772372324216E-4,48000.0,67.59583333333333,-0.46410878698597924,23.034291652234142,-6.30125751776929,48000.0,3961104.0
49000.0,573.976467478,5.881558012304589E-4,49000.0,67.56530612244897,-0.473453233767523,23.04377300019367,-6.158573241600436,49000.0,3961104.0
50000.0,585.345651509,5.998062638502977E-4,50000.0,67.5,-0.4908614340329816,23.062355002130595,-6.015135699373662,50000.0,3961104.0
51000.0,596.987217385,6.117358471611941E-4,51000.0,67.44901960784314,-0.5035229455378979,23.03662494204916,-5.880477071241763,51000.0,3961104.0
52000.0,609.107149008,6.241556311970361E-4,52000.0,67.34423076923078,-0.5283648960558383,22.9746892860383,-5.741328849866115,52000.0,3961104.0
53000.0,621.453941077,6.368078883056014E-4,53000.0,67.21698113207547,-0.5570445866424972,22.805224808956805,-5.603841244757784,53000.0,3961104.0
54000.0,632.706088875,6.483384191648129E-4,54000.0,67.12777777777778,-0.5753112531370905,22.717575863119855,-5.478638065244537,54000.0,3961104.0
55000.0,643.089334148,6.589785504702663E-4,55000.0,66.99454545454545,-0.6023795386121048,22.6412682178471,-5.350821194359024,55000.0,3961104.0
56000.0,654.025733004,6.701855206204599E-4,56000.0,66.875,-0.6249409404827637,22.433619067530834,-5.230315407306555,56000.0,3961104.0
57000.0,665.729903329,6.821792572418246E-4,57000.0,66.75438596491227,-0.6464675938333028,22.33288249518422,-5.114266696250296,57000.0,3961104.0
58000.0,677.998872707,6.947517662919541E-4,58000.0,66.60000000000001,-0.6738193556271409,22.113219684786113,-4.997289972899701,58000.0,3961104.0
59000.0,689.78515379,7.068296451274088E-4,59000.0,66.43728813559322,-0.7013803849455393,21.96871182566892,-4.883474576271204,59000.0,3961104.0
60000.0,701.784221889,7.191255754227691E-4,60000.0,66.31333333333333,-0.7198388881231332,21.837658068757506,-4.779678589942967,60000.0,3961104.0
61000.0,713.491889142,7.31122895487663E-4,61000.0,66.16885245901639,-0.7412436831706156,21.71389552748377,-4.676642150646735,61000.0,3961104.0
62000.0,725.374107994,7.432990856345115E-4,62000.0,66.07096774193548,-0.7527754908665736,21.650713248165662,-4.583871929999019,62000.0,3961104.0
63000.0,736.674469904,7.548790234439556E-4,63000.0,65.92539682539682,-0.7723990562592433,21.481346013167517,-4.4877099050864055,63000.0,3961104.0
64000.0,746.989880803,7.654496421233074E-4,64000.0,65.8109375,-0.785436124479161,21.412922458068465,-4.399064840879798,64000.0,3961104.0
65000.0,757.5722703,7.762938445680214E-4,65000.0,65.71384615384616,-0.7947282916075176,21.30927580240812,-4.315671222617477,65000.0,3961104.0
66000.0,769.408684171,7.884230964985927E-4,66000.0,65.60000000000001,-0.8063620962395092,21.15571607167663,-4.232852814250297,66000.0,3961104.0
67000.0,780.924282695,8.00223595970069E-4,67000.0,65.49701492537314,-0.8155530736194693,20.997231810259382,-4.154088758729449,67000.0,3961104.0
68000.0,792.510702452,8.120966688228457E-4,68000.0,65.39117647058823,-0.827299207366785,20.899435332078493,-4.08208394144443,68000.0,3961104.0
69000.0,804.174857207,8.240493998714951E-4,69000.0,65.25942028985507,-0.8400815467285029,20.675733809854737,-4.004685872960778,69000.0,3961104.0
70000.0,816.218634699,8.363911456898059E-4,70000.0,65.14428571428572,-0.846859722801668,20.527018663887155,-3.931674902027624,70000.0,3961104.0
71000.0,828.905882597,8.493922816535868E-4,71000.0,65.00281690140845,-0.8573320280975547,20.35131583165049,-3.857889237199552,71000.0,3961104.0
72000.0,842.373110143,8.631926943032302E-4,72000.0,64.9125,-0.8671363162893121,20.22798320123778,-3.8006409729640915,72000.0,3961104.0
73000.0,855.274501229,8.764132714512055E-4,73000.0,64.83698630136986,-0.8517686722641726,20.156147936172193,-3.729895740725801,73000.0,3961104.0
74000.0,865.717590148,8.871147269606525E-4,74000.0,64.72567567567567,-0.8666226158798057,20.059412611398653,-3.6820781696854112,74000.0,3961104.0
75000.0,876.146882087,8.978020441467759E-4,75000.0,64.68,-0.8643888503997034,20.088087121783467,-3.62633493721392,75000.0,3961104.0
76000.0,887.888389586,9.098340416801666E-4,76000.0,64.58947368421053,-0.880303600533169,20.00951135417906,-3.5873749037721057,76000.0,3961104.0
77000.0,899.684411056,9.219219018840587E-4,77000.0,64.46363636363637,-0.8726048054448259,19.85765749934101,-3.5379143332828757,77000.0,3961104.0
78000.0,911.216501118,9.337393009014029E-4,78000.0,64.4025641025641,-0.8290418926431216,19.83948264911367,-3.5117804950790386,78000.0,3961104.0
79000.0,922.57981677,9.453837499559768E-4,79000.0,64.28354430379747,-0.8046940293147878,19.724600984380782,-3.4803975501522095,79000.0,3961104.0
80000.0,935.039388409,9.581515768504637E-4,80000.0,64.1675,-0.7604585057106709,19.570157964142414,-3.494837172359015,80000.0,3961104.0
81000.0,946.909388722,9.703152461663098E-4,81000.0,64.08271604938271,-0.7656574143700021,19.418900952803003,-3.5190720182180635,81000.0,3961104.0
82000.0,959.027109026,9.82732764174152E-4,82000.0,63.979268292682924,-0.7929279148004701,19.291198732136504,-3.5332468716043355,82000.0,3961104.0
83000.0,970.757157953,9.947530196454562E-4,83000.0,63.87831325301205,-0.7830165354629671,19.19956879126803,-3.4898170521228797,83000.0,3961104.0
84000.0,982.686028815,0.00100697701599345,84000.0,63.82261904761904,-0.7722144718171955,19.160991700361777,-3.4343090537781014,84000.0,3961104.0
85000.0,993.754512027,0.00101831933832442,85000.0,63.75058823529412,-0.7808444818928172,19.015953951691326,-3.402912947177687,85000.0,3961104.0
86000.0,1003.952408663,0.0010287695353864731,86000.0,63.67790697674418,-0.7450864603770636,18.930212037061057,-3.375583280934593,86000.0,3961104.0
87000.0,1015.066245272,0.0010401583331773347,87000.0,63.59885057471264,-0.694561912777806,18.843216647019613,-3.304410229645111,87000.0,3961104.0
88000.0,1028.071847534,0.001053485699731414,88000.0,63.50454545454546,-0.6832749116442686,18.697787453799805,-3.30009649404953,88000.0,3961104.0
89000.0,1042.095303302,0.0010678561019327121,89000.0,63.34719101123596,-0.5681434382668826,18.378121403192722,-3.496303816745456,89000.0,3961104.0
90000.0,1055.488125433,0.0010815802683448237,90000.0,63.126666666666665,-0.38580983050851664,17.941743731763992,-3.9498825371965465,90000.0,3961104.0
91000.0,1068.473450412,0.001094886855947047,91000.0,62.86923076923077,-0.21300413278195957,17.436774587660338,-4.532236109392404,91000.0,3961104.0
92000.0,1081.227744549,0.0011079566969031246,92000.0,62.643478260869564,0.13440941451707705,16.961438097999423,-4.959687270950384,92000.0,3961104.0
93000.0,1093.920491955,0.0011209634684351403,93000.0,62.48494623655914,0.2544178094776014,16.663083721485723,-5.195079298076356,93000.0,3961104.0
94000.0,1107.30653181,0.0011346806847747752,94000.0,62.41489361702127,0.23386321369962196,16.60962541600773,-5.1143970723870416,94000.0,3961104.0
95000.0,1120.207696946,0.0011479010303826487,95000.0,62.36421052631579,0.24899617078000713,16.542564365911158,-5.056856580377865,95000.0,3961104.0
96000.0,1132.872106317,0.0011608787627842758,96000.0,62.253125,0.3485034054515329,16.34655339581698,-5.168911074994202,96000.0,3961104.0
97000.0,1144.545887506,0.0011728413584291156,97000.0,62.06391752577319,0.4693925713231102,15.995890880036523,-5.538187971434317,97000.0,3961104.0
98000.0,1156.290055704,0.001184876082488364,98000.0,61.86020408163265,0.6650501073158502,15.625634890178103,-5.943877551020414,98000.0,3961104.0
99000.0,1168.459346571,0.0011973464469375056,99000.0,61.672727272727265,0.96214527007041,15.290335543500088,-6.264878035119168,99000.0,3961104.0
100000.0,1181.97168971,0.0012111930913596654,100000.0,61.480999999999995,1.2459369852156903,14.980355802763427,-6.591582035033364,100000.0,3961104.0
