learning evaluation instances,evaluation time (cpu seconds),model cost (RAM-Hours),classified instances,classifications correct (percent),Kappa Statistic (percent),Kappa Temporal Statistic (percent),Kappa M Statistic (percent),model training instances,model serialized size (bytes)
1000.0,13.775869306,1.409570652706965E-5,1000.0,28.9,0.0,-75.55555555555556,-146.02076124567472,1000.0,3955216.0
2000.0,27.592531841,2.8433776215545924E-5,2000.0,30.25,0.0,-67.66826923076921,-130.57851239669424,2000.0,4011344.0
3000.0,40.72302995,4.205978730573051E-5,3000.0,30.333333333333336,0.0,-68.14159292035397,-129.67032967032966,3000.0,4011344.0
4000.0,53.656207869,5.5481031823090685E-5,4000.0,30.25,0.0,-64.89361702127658,-130.57851239669424,4000.0,4011344.0
5000.0,66.46877151,6.877711037370538E-5,5000.0,30.48,0.0,-64.50544249881686,-128.08398950131237,5000.0,4011344.0
6000.0,79.342802901,8.213697631732192E-5,6000.0,30.216666666666665,0.0,-66.08488694962317,-130.9431880860452,6000.0,4011344.0
7000.0,91.012469425,9.424702760058507E-5,7000.0,29.97142857142857,0.0,-67.1326287078077,-133.6510962821735,7000.0,4011344.0
8000.0,102.369083903,1.060322130169793E-4,8000.0,30.337500000000002,0.0,-64.34680035387791,-129.62505150391434,8000.0,4011344.0
9000.0,113.906112297,1.180046207306415E-4,9000.0,30.444444444444446,0.0,-63.40381101540069,-128.46715328467155,9000.0,4011344.0
10000.0,125.521205169,1.3005803888535076E-4,10000.0,30.459999999999997,0.0,-63.893471600282815,-128.29940906106373,10000.0,4011344.0
11000.0,137.71990065,1.4271708338846516E-4,11000.0,30.44545454545455,0.0,-64.07891915076131,-128.4562555986862,11000.0,4011344.0
12000.0,149.485434252,1.5492661953948943E-4,12000.0,30.275000000000002,0.0,-65.35573122529645,-130.30553261767136,12000.0,4011344.0
13000.0,160.984661513,1.668597995975666E-4,13000.0,30.138461538461534,0.0,-65.72992700729928,-131.80193976518635,13000.0,4011344.0
14000.0,173.406881628,1.7975080400932497E-4,14000.0,30.114285714285714,0.0,-65.69009314140557,-132.06831119544592,14000.0,4011344.0
15000.0,186.080029584,1.9290220566693943E-4,15000.0,29.96666666666667,0.0,-66.56096400824481,-133.70411568409347,15000.0,4011344.0
16000.0,198.192033734,2.054712873196103E-4,16000.0,30.043750000000003,0.0,-66.38917793964619,-132.84793010193465,16000.0,4011344.0
17000.0,210.131107273,2.1786091238169662E-4,17000.0,30.023529411764706,0.0,-66.98483997754069,-133.07210031347964,17000.0,4011344.0
18000.0,221.618110068,2.2978140665223513E-4,18000.0,29.977777777777774,0.0,-67.36157216837073,-133.5804299481097,18000.0,4011344.0
19000.0,233.698918025,2.423181148436511E-4,19000.0,30.05263157894737,0.0,-66.85499058380414,-132.74956217162875,19000.0,4011344.0
20000.0,244.209586731,2.53225430557367E-4,20000.0,30.075000000000003,0.0,-66.46827758600165,-132.50207813798838,20000.0,4011344.0
21000.0,254.925278727,2.6434550664011797E-4,21000.0,30.157142857142855,0.0,-66.08538104404937,-131.59639981051632,21000.0,4011344.0
22000.0,265.215379416,2.75023930637706E-4,22000.0,30.13636363636364,0.0,-66.82948008249211,-131.82503770739063,22000.0,4011344.0
23000.0,275.694699939,2.85898715164435E-4,23000.0,30.017391304347825,0.0,-67.6492032079992,-133.14020857473926,23000.0,4011344.0
24000.0,286.60581939,2.9722159365780674E-4,24000.0,29.983333333333334,0.0,-67.888899990009,-133.51862145636468,24000.0,4011344.0
25000.0,297.248242917,3.082656362981958E-4,25000.0,29.864,0.0,-68.3210137275607,-134.851326011251,25000.0,4011344.0
26000.0,308.472791768,3.199137722528563E-4,26000.0,29.788461538461537,0.0,-68.4040590405904,-135.70045190445447,26000.0,4011344.0
27000.0,319.270053963,3.311184967950165E-4,27000.0,29.81111111111111,0.0,-68.51324915525521,-135.44539694371974,27000.0,4011344.0
28000.0,330.58100582,3.4285629639443807E-4,28000.0,29.725,0.0,-69.03187011425138,-136.41715727502103,28000.0,4011344.0
29000.0,341.758874548,3.544559906320815E-4,29000.0,29.76896551724138,0.0,-68.51729273539632,-135.9203058033129,29000.0,4011344.0
30000.0,352.995151065,3.6611629682626007E-4,30000.0,29.80333333333333,0.0,-68.55290539458942,-135.53293815009505,30000.0,4011344.0
31000.0,363.867288933,3.7739872266674224E-4,31000.0,29.738709677419354,0.0,-69.18595619077212,-136.2620674693568,31000.0,4011344.0
32000.0,374.237432587,3.881602102556524E-4,32000.0,29.721874999999997,0.0,-69.10294007068202,-136.45252865103566,32000.0,4011344.0
33000.0,384.857740164,3.99181302344016E-4,33000.0,29.784848484848485,0.0,-68.73725604427614,-135.74117407671181,33000.0,4011344.0
34000.0,395.821631216,4.1055894390993106E-4,34000.0,29.75588235294118,0.0,-68.84411452810181,-136.06800434911534,34000.0,4011344.0
35000.0,406.494629312,4.2163471492900103E-4,35000.0,29.751428571428573,0.0,-69.04090752836025,-136.11831364640352,35000.0,4011344.0
36000.0,416.920037333,4.3245355242736494E-4,36000.0,29.78611111111111,0.0,-68.79465776293824,-135.7269420871025,36000.0,4011344.0
37000.0,427.745189964,4.436872199225717E-4,37000.0,29.783783783783786,0.0,-68.79994802157104,-135.7531760435572,37000.0,4011344.0
38000.0,438.407437354,4.547518345302118E-4,38000.0,29.789473684210527,0.0,-68.74327999494021,-135.6890459363958,38000.0,4011344.0
39000.0,448.897498386,4.656377648865607E-4,39000.0,29.838461538461537,0.0,-68.44988918985474,-135.13792214488274,39000.0,4011344.0
40000.0,459.759120728,4.769092783707327E-4,40000.0,29.8375,0.0,-68.366428699982,-135.1487222454965,40000.0,4011344.0
41000.0,470.43871004,4.8799188934222243E-4,41000.0,29.787804878048778,0.0,-68.47310821092057,-135.70785228854496,41000.0,4011344.0
42000.0,481.386575872,4.993529009354107E-4,42000.0,29.752380952380953,0.0,-68.89346842978992,-136.10755441741358,42000.0,4011344.0
43000.0,492.33708534,5.107166559289753E-4,43000.0,29.737209302325578,0.0,-68.8914975683381,-136.27903339329004,43000.0,4011344.0
44000.0,502.979435959,5.217606229099942E-4,44000.0,29.795454545454547,0.0,-68.58593025159635,-135.6216628527841,44000.0,4011344.0
45000.0,513.1173538,5.322811210499819E-4,45000.0,29.81111111111111,0.0,-68.47130360571795,-135.44539694371974,45000.0,4011344.0
46000.0,523.245978825,5.427919756857534E-4,46000.0,29.789130434782606,0.0,-68.485575669049,-135.69291396044665,46000.0,4011344.0
47000.0,533.545179189,5.534798427578872E-4,47000.0,29.76595744680851,0.0,-68.64207622356186,-135.9542530378842,47000.0,4011344.0
48000.0,543.905853904,5.642315040731285E-4,48000.0,29.735416666666666,0.0,-68.66873374674937,-136.29930638268058,48000.0,4011344.0
49000.0,553.912345279,5.746156160327601E-4,49000.0,29.76326530612245,0.0,-68.48289029226025,-135.98464070213936,49000.0,4011344.0
50000.0,564.249656925,5.853430326137459E-4,50000.0,29.772,0.0,-68.33980535979674,-135.88606744592235,50000.0,4011344.0
51000.0,575.022976104,5.96522910588865E-4,51000.0,30.01960784313725,0.0,-67.16627634660423,-133.115610711953,51000.0,4011344.0
52000.0,586.031082163,6.079464357283302E-4,52000.0,30.265384615384615,0.0,-66.06521340904926,-130.41047147032657,52000.0,4011344.0
53000.0,596.814478231,6.191367708696686E-4,53000.0,30.47924528301887,0.0,-65.22129052508855,-128.09211340844377,53000.0,4011344.0
54000.0,607.311669672,6.300301007192663E-4,54000.0,30.703703703703706,0.0,-63.92149991238829,-125.69360675512668,54000.0,4011344.0
55000.0,618.182904683,6.413115896311268E-4,55000.0,30.94181818181818,0.0,-62.949933502080754,-123.18721353860617,55000.0,4011344.0
56000.0,628.858112241,6.523896534919051E-4,56000.0,31.157142857142855,0.0,-61.97638754674175,-120.95369096744611,56000.0,4011344.0
57000.0,639.165860531,6.630863910679229E-4,57000.0,31.34736842105263,0.0,-61.182964000329534,-119.00604432505035,57000.0,4011344.0
58000.0,649.452584852,6.737613112816155E-4,58000.0,31.575862068965517,0.0,-60.19860331812863,-116.69760838702629,58000.0,4011344.0
59000.0,659.88967335,6.845922700496997E-4,59000.0,31.796610169491522,0.0,-59.278024065864486,-114.49893390191899,59000.0,4011344.0
60000.0,670.407392436,6.955069022075651E-4,60000.0,32.02333333333333,0.0,-58.33689196009162,-112.27230144686165,60000.0,4011344.0
61000.0,680.681015782,7.061682270474068E-4,61000.0,32.19344262295082,0.0,-57.54551687361924,-110.62226295956819,61000.0,4011344.0
62000.0,690.818869549,7.16688658695398E-4,62000.0,32.36129032258064,0.0,-56.793539220818076,-109.01116427432216,62000.0,4011344.0
63000.0,701.301653171,7.275670370100387E-4,63000.0,32.53015873015873,0.0,-56.0769626202541,-107.40704596467256,63000.0,4011344.0
64000.0,711.991090997,7.386598681544321E-4,64000.0,32.6859375,0.0,-55.19651284268164,-105.9419666332043,64000.0,4011344.0
65000.0,723.04484419,7.501307630394284E-4,65000.0,32.80307692307692,0.0,-54.60691656932497,-104.8494512709877,65000.0,4011344.0
66000.0,733.806698903,7.612987439075557E-4,66000.0,32.96515151515151,0.0,-54.011905176314976,-103.35064576917775,66000.0,4011344.0
67000.0,744.555322614,7.7245299446793E-4,67000.0,33.0955223880597,0.0,-53.52421398725941,-102.15567782087128,67000.0,4011344.0
68000.0,755.496945884,7.838075279200502E-4,68000.0,33.233823529411765,0.0,-52.92195762740409,-100.89826983494845,68000.0,4011344.0
69000.0,766.050206116,7.94759042460102E-4,69000.0,33.381159420289855,0.0,-52.380163097527,-99.57018191290757,69000.0,4011344.0
70000.0,776.303309519,8.053990729843306E-4,70000.0,33.50714285714286,0.0,-51.83493720437122,-98.4438286079727,70000.0,4011344.0
71000.0,786.584173255,8.160679114488359E-4,71000.0,33.67464788732394,0.0,-51.16525423728814,-96.95930402777199,71000.0,4011344.0
72000.0,796.830845013,8.267012676134652E-4,72000.0,33.78611111111111,0.0,-50.75736014925846,-95.97961029351313,72000.0,4011344.0
73000.0,807.387280855,8.37656077603295E-4,73000.0,33.88904109589041,0.0,-50.313015853240714,-95.08064190145113,73000.0,4011344.0
74000.0,817.643599491,8.482994446955771E-4,74000.0,34.01081081081081,0.0,-49.72252031273955,-94.0241576605213,74000.0,4011344.0
75000.0,827.79692445,8.588359313806293E-4,75000.0,34.08266666666667,0.0,-49.291861694096326,-93.40427196619979,75000.0,4011344.0
76000.0,838.058474159,8.694847269538509E-4,76000.0,34.17236842105263,0.0,-48.886971013630145,-92.63409187170303,76000.0,4011344.0
77000.0,848.436593042,8.802544907374567E-4,77000.0,34.3012987012987,0.0,-48.351906158357785,-91.53415114341968,77000.0,4011344.0
78000.0,858.741275303,8.909480465800162E-4,78000.0,34.37692307692308,0.0,-47.91504117902036,-90.8928171850526,78000.0,4011344.0
79000.0,869.030359151,9.016254153635044E-4,79000.0,34.50126582278481,0.0,-47.35163458252647,-89.84443792192545,79000.0,4011344.0
80000.0,879.441680228,9.124296343109514E-4,80000.0,34.6075,0.0,-46.932928884395025,-88.95470634977966,80000.0,4011344.0
81000.0,890.161516169,9.23554010721082E-4,81000.0,34.68271604938272,0.0,-46.66241614459168,-88.32805325169973,81000.0,4011344.0
82000.0,900.867501366,9.346640136939079E-4,82000.0,34.765853658536585,0.0,-46.33292299275065,-87.63855759786729,82000.0,4011344.0
83000.0,911.865171456,9.460767090363502E-4,83000.0,34.89277108433735,0.0,-45.79915821282107,-86.59231380131902,83000.0,4011344.0
84000.0,922.267080021,9.568711602665458E-4,84000.0,34.96666666666667,0.0,-45.47681819392292,-85.9866539561487,84000.0,4011344.0
85000.0,933.277093969,9.682966652940897E-4,85000.0,35.050588235294114,0.0,-45.23189435193225,-85.30191655758061,85000.0,4011344.0
86000.0,943.774316009,9.791900268974192E-4,86000.0,35.13488372093023,0.0,-44.912326276139765,-84.61742123378343,86000.0,4011344.0
87000.0,954.517864054,9.903390102485351E-4,87000.0,35.22758620689655,0.0,-44.551610917299406,-83.86844166014095,87000.0,4011344.0
88000.0,965.381060075,0.0010016121567985154,88000.0,35.32159090909091,0.0,-44.19953890197866,-83.11295563491299,88000.0,4011344.0
89000.0,976.372292557,0.0010130181715933293,89000.0,35.42022471910112,0.0,-43.913065251139265,-82.32457809922599,89000.0,4011344.0
90000.0,987.354587325,0.0010244149113866105,90000.0,35.467777777777776,0.0,-43.72788240243511,-81.94605432160648,90000.0,4011344.0
91000.0,997.95294727,0.0010354132275928595,91000.0,35.510989010989015,0.0,-43.515688048714885,-81.60297075661455,91000.0,4011344.0
92000.0,1008.46148591,0.0010463183328570786,92000.0,35.582608695652176,0.0,-43.30552532946441,-81.03616813294234,92000.0,4011344.0
93000.0,1018.642942822,0.00105688401312644,93000.0,35.6494623655914,0.0,-43.05930724547604,-80.50913916872774,93000.0,4011344.0
94000.0,1029.040716809,0.0010676741737497436,94000.0,35.748936170212765,0.0,-42.6856926856927,-79.72860373765029,94000.0,4011344.0
95000.0,1039.873462816,0.001078915721176445,95000.0,35.811578947368425,0.0,-42.46764169898604,-79.23929337761973,95000.0,4011344.0
96000.0,1050.77873202,0.0010902325286487602,96000.0,35.88645833333333,0.0,-42.211182994454724,-78.65664276798931,96000.0,4011344.0
97000.0,1061.263969204,0.001101113453116848,97000.0,35.94639175257732,0.0,-41.94462213287034,-78.1920385453711,97000.0,4011344.0
98000.0,1071.557638743,0.0011117955806441327,98000.0,35.99387755102041,0.0,-41.70243527763972,-77.82502693201793,98000.0,4011344.0
99000.0,1081.62379616,0.0011222416102966994,99000.0,36.06363636363636,0.0,-41.41736857391809,-77.28762288883286,99000.0,4011344.0
99500.0,1086.65645184,0.0011274641861304187,99500.0,36.10150753768844,0.0,-41.25527660519883,-76.9967428523705,99500.0,4011344.0
