learning evaluation instances,evaluation time (cpu seconds),model cost (RAM-Hours),classified instances,classifications correct (percent),Kappa Statistic (percent),Kappa Temporal Statistic (percent),Kappa M Statistic (percent),model training instances,model serialized size (bytes)
1000.0,11.200837092,1.1460889254922222E-5,1000.0,28.9,0.0,-75.55555555555556,-146.02076124567472,1000.0,3955216.0
2000.0,20.908082087,2.1395076407919706E-5,2000.0,48.65,-2.7000000000000024,-23.437499999999993,-69.75206611570249,2000.0,3955840.0
3000.0,30.177196443,3.088089002470478E-5,3000.0,55.60000000000001,-2.19948849104859,-7.160096540627503,-46.37362637362635,3000.0,3955840.0
4000.0,39.571339767,4.049465561635995E-5,4000.0,59.199999999999996,-1.682242990654242,3.5460992907801447,-34.87603305785125,4000.0,3955840.0
5000.0,48.794958395,4.993390987703043E-5,5000.0,61.08,-1.6506477225240557,7.903454803596779,-27.69028871391078,5000.0,3955840.0
6000.0,58.105634586,5.946225698787326E-5,6000.0,62.74999999999999,-1.1922728644732863,11.344704482348266,-23.276337562051854,6000.0,3955840.0
7000.0,67.345179913,6.891781029205988E-5,7000.0,64.0,-0.8576329331046416,14.08114558472555,-20.11439466158246,7000.0,3955840.0
8000.0,76.700708838,7.849205873269393E-5,8000.0,64.3875,-1.0194131725911,15.98348569743438,-17.387721466831508,8000.0,3955840.0
9000.0,86.027280654,8.803667308658513E-5,9000.0,64.86666666666666,-0.9865152590489876,17.46280344557555,-15.401459854014629,9000.0,3955840.0
10000.0,95.290458711,9.751641162179017E-5,10000.0,65.32,-0.9078212290503154,18.26537827009192,-13.854235062376894,10000.0,3955840.0
11000.0,104.530229023,1.0697219517081947E-4,11000.0,65.71818181818182,-0.8264261928489643,19.129315891057264,-12.600776351149603,11000.0,3955840.0
12000.0,113.780070496,1.1643828533086698E-4,12000.0,66.20833333333334,-0.6828057107386459,19.861660079051383,-11.615744563721448,12000.0,3955840.0
13000.0,122.977549372,1.258507887277615E-4,13000.0,66.61538461538463,-0.5739955078612377,20.802919708029208,-10.770801429300654,13000.0,3955840.0
14000.0,132.220398177,1.353097227407615E-4,14000.0,66.87142857142857,-0.5263809759722461,21.456392887383576,-10.009487666034152,14000.0,3955840.0
15000.0,141.445682579,1.447506817189578E-4,15000.0,67.22,-0.43575951521753664,22.03900428095767,-9.388209121245833,15000.0,3955840.0
16000.0,150.659086725,1.5417948269696042E-4,16000.0,67.31875000000001,-0.4393862997910597,22.268470343392316,-8.778864156438502,16000.0,3955840.0
17000.0,159.864622218,1.6360023106358007E-4,17000.0,67.49411764705883,-0.40829414279604065,22.431218416619895,-8.2680250783699,17000.0,3955840.0
18000.0,169.078395996,1.7302941031507507E-4,18000.0,67.67777777777778,-0.37187547922093217,22.745983269154177,-7.820607857672328,18000.0,3955840.0
19000.0,178.373525603,1.8254184738397238E-4,19000.0,67.72631578947367,-0.3773584905660497,23.013182674199612,-7.390542907180418,19000.0,3955840.0
20000.0,187.601505687,1.9198556506553992E-4,20000.0,67.815,-0.36641459421533873,23.378169265563635,-7.015793848711557,20000.0,3955840.0
21000.0,196.814900198,2.0141435618328937E-4,21000.0,67.83333333333333,-0.3736016472435916,23.50809647831503,-6.663508605716076,21000.0,3955840.0
22000.0,206.034089805,2.1084907787848517E-4,22000.0,67.94545454545454,-0.351875808538169,23.455986106588515,-6.365007541478132,22000.0,3955840.0
23000.0,215.267719776,2.2029857753371054E-4,23000.0,68.14782608695651,-0.30598152204970974,23.695448390792613,-6.112398609501733,23000.0,3955840.0
24000.0,224.553157534,2.2980109617138725E-4,24000.0,68.25833333333333,-0.28522532800917194,23.888500349685277,-5.8643690939411,24000.0,3955840.0
25000.0,233.790069196,2.392539542390756E-4,25000.0,68.448,-0.24502079118330927,24.27762311606029,-5.652290383069919,25000.0,3955840.0
26000.0,243.058320497,2.4873888462381103E-4,26000.0,68.58846153846154,-0.2180479516707624,24.658671586715883,-5.448676565526121,26000.0,3955840.0
27000.0,252.365678042,2.5826383550323333E-4,27000.0,68.62592592592593,-0.2155767334866845,24.67544015650008,-5.242887315194444,27000.0,3955840.0
28000.0,261.587490348,2.6770124121255727E-4,28000.0,68.76785714285715,-0.18903591682420381,24.877587836096556,-5.070287156073512,28000.0,3955840.0
29000.0,270.814605287,2.7714407352321383E-4,29000.0,68.77586206896552,-0.19229962112399593,25.078603342710586,-4.888219622379246,29000.0,3955840.0
30000.0,280.010193706,2.865546422668002E-4,30000.0,68.78999999999999,-0.19333114557623154,25.060028813830627,-4.719829996644672,30000.0,3955840.0
31000.0,289.233044045,2.9599311027692093E-4,31000.0,68.89999999999999,-0.17429135481367475,25.112630107192775,-4.577502982969987,31000.0,3955840.0
32000.0,298.4521248,3.054277205753053E-4,32000.0,68.959375,-0.16575804367691474,25.31017369727047,-4.436967721585539,32000.0,3955840.0
33000.0,307.720969065,3.149132577867309E-4,33000.0,68.93636363636364,-0.17293506939615017,25.349548499854365,-4.293417438193104,33000.0,3955840.0
34000.0,317.015826161,3.244254159736925E-4,34000.0,69.00294117647059,-0.16268616664431634,25.49310710498409,-4.171196995156664,34000.0,3955840.0
35000.0,326.226858163,3.338517893502014E-4,35000.0,69.04285714285714,-0.15741002406053065,25.50704709522172,-4.0526265245366435,35000.0,3955840.0
36000.0,335.477771755,3.4331897669392995E-4,36000.0,69.04166666666667,-0.1592682646748998,25.57595993322203,-3.9354658211321345,36000.0,3955840.0
37000.0,344.680096397,3.5273643914422926E-4,37000.0,69.07567567567567,-0.15471965933291426,25.65785199142356,-3.8294010889292407,37000.0,3955840.0
38000.0,353.892807423,3.621645307980309E-4,38000.0,69.1,-0.15173280660806213,25.73524761242173,-3.7279151943463247,38000.0,3955840.0
39000.0,363.159162227,3.716475203482512E-4,39000.0,69.07948717948717,-0.15588763312740433,25.763358778625932,-3.6263641832087523,39000.0,3955840.0
40000.0,372.437622726,3.811428986081218E-4,40000.0,69.1075,-0.15196644580880725,25.868378427020218,-3.535819019690008,40000.0,3955840.0
41000.0,381.666234869,3.905872631253673E-4,41000.0,69.18292682926828,-0.14072881287128264,26.054895534616957,-3.4553344796528314,41000.0,3955840.0
42000.0,390.898188432,4.000350471804584E-4,42000.0,69.24285714285713,-0.13214232983910426,26.0518633007041,-3.3770806658130725,42000.0,3955840.0
43000.0,400.122534109,4.094750454875436E-4,43000.0,69.28139534883721,-0.12692435837091062,26.161328190508126,-3.300226792836479,43000.0,3955840.0
44000.0,409.527229136,4.1909960946663404E-4,44000.0,69.24545454545455,-0.13252161044026775,26.147464934781418,-3.2189168573607945,44000.0,3955840.0
45000.0,418.714203637,4.285013629105575E-4,45000.0,69.2511111111111,-0.13186565784077642,26.194794111371873,-3.145732389116674,45000.0,3955840.0
46000.0,427.95920732,4.379625021796682E-4,46000.0,69.29347826086956,-0.12605326906360947,26.31331837863217,-3.079617601984965,46000.0,3955840.0
47000.0,437.207419545,4.47426925002118E-4,47000.0,69.33617021276596,-0.12031631069396387,26.37171758455094,-3.016440314510364,47000.0,3955840.0
48000.0,446.483265857,4.5691962795885936E-4,48000.0,69.38541666666667,-0.11383023115199178,26.510302060412076,-2.956631401947725,48000.0,3955840.0
49000.0,455.693749887,4.663454405525297E-4,49000.0,69.37551020408164,-0.11518854976795602,26.53840505213688,-2.893582007679654,49000.0,3955840.0
50000.0,465.043704961,4.7591398483312397E-4,50000.0,69.384,-0.11405730071365537,26.612013998753536,-2.8348784092435855,50000.0,3955840.0
51000.0,474.330336191,4.8541772484454943E-4,51000.0,68.85294117647058,1.3698275908038229,25.59718969555033,-3.7557152188112584,51000.0,3955840.0
52000.0,483.693913657,4.950002099901027E-4,52000.0,68.38269230769231,2.722643173244165,24.706906026744825,-4.4668954123776885,52000.0,3955840.0
53000.0,492.970694532,5.044938693586533E-4,53000.0,67.9132075471698,3.781067824731836,23.743329895520375,-5.2742354834716165,53000.0,3955840.0
54000.0,502.241533831,5.139814482452548E-4,54000.0,67.48148148148148,4.777061595093877,23.07692307692309,-5.910735826296739,54000.0,3955840.0
55000.0,511.539033201,5.234963104789813E-4,55000.0,67.09454545454545,5.760957033850906,22.35617143592602,-6.346221647667188,55000.0,3955840.0
56000.0,520.83662478,5.330112670774285E-4,56000.0,66.6732142857143,6.479180716933561,21.58732826351834,-6.963548830811532,56000.0,3955840.0
57000.0,530.149604245,5.425419713096783E-4,57000.0,66.2719298245614,7.05789720886122,20.813081802454896,-7.594582493843729,57000.0,3955840.0
58000.0,539.412956223,5.520218878319193E-4,58000.0,65.9,7.6956493291990595,20.163080773422674,-7.993884459975951,58000.0,3955840.0
59000.0,548.708401581,5.615346480336447E-4,59000.0,65.57457627118643,8.368070174204433,19.604971500949947,-8.267590618336909,59000.0,3955840.0
60000.0,558.008590076,5.710522622604487E-4,60000.0,65.25833333333333,8.97211451450352,19.076827516596133,-8.48860206099719,60000.0,3955840.0
61000.0,567.281494684,5.805419547401597E-4,61000.0,64.89508196721312,9.280351151950791,18.435286051649292,-9.043690803544138,61000.0,3955840.0
62000.0,576.563553665,5.900410156096351E-4,62000.0,64.54354838709678,9.560344307629665,17.80827039557316,-9.564393939393932,62000.0,3955840.0
63000.0,585.806475556,5.995000244172862E-4,63000.0,64.22063492063492,9.85929235885449,17.23213630021297,-9.988289255391813,63000.0,3955840.0
64000.0,595.095849086,6.090065708399483E-4,64000.0,63.8953125,10.098341562285986,16.758528765445444,-10.459390984272684,64000.0,3955840.0
65000.0,604.427750451,6.185566393404314E-4,65000.0,63.55384615384615,10.222730604371435,16.144561254468865,-11.105900009379994,65000.0,3955840.0
66000.0,613.674601057,6.280196687110847E-4,66000.0,63.25909090909091,10.483654860630354,15.58812267205068,-11.45378498873926,66000.0,3955840.0
67000.0,622.932785067,6.374942964452772E-4,67000.0,62.96567164179104,10.645105391456768,15.01815192821426,-11.901325877153413,67000.0,3955840.0
68000.0,632.361780826,6.471437292743625E-4,68000.0,62.68970588235294,10.825837632310712,14.544107245107615,-12.26602947033054,68000.0,3955840.0
69000.0,641.657843221,6.566571209385719E-4,69000.0,62.43333333333333,11.046950666676405,14.072134190810848,-12.538531671948963,69000.0,3955840.0
70000.0,650.933247654,6.661493716857846E-4,70000.0,62.160000000000004,11.174463388312796,13.59321480998207,-12.931144745256862,70000.0,3955840.0
71000.0,660.191569585,6.756241405653821E-4,71000.0,61.94647887323944,11.462461991088588,13.270416024653322,-13.003471496089341,71000.0,3955840.0
72000.0,669.463161633,6.851124897992294E-4,72000.0,61.67083333333333,11.53807754398248,12.731239920311154,-13.446518128751158,72000.0,3955840.0
73000.0,678.746501238,6.946128612319485E-4,73000.0,61.4,11.600740362160531,12.237206839629994,-13.90112777396013,73000.0,3955840.0
74000.0,688.018421475,7.041015463274073E-4,74000.0,61.144594594594594,11.698661834841275,11.841177372374663,-14.244278448823913,74000.0,3955840.0
75000.0,697.261059019,7.13560264140413E-4,75000.0,60.870666666666665,11.692035131711103,11.378529367356172,-14.807135591894212,75000.0,3955840.0
76000.0,706.544614321,7.23060856312834E-4,76000.0,60.613157894736844,11.714805369751796,10.91601690375574,-15.259327711678386,76000.0,3955840.0
77000.0,715.770388658,7.325023166800429E-4,77000.0,60.397402597402596,11.84418087899691,10.574780058651015,-15.455096168408316,77000.0,3955840.0
78000.0,725.000493708,7.419482090064194E-4,78000.0,60.141025641025635,11.835396010306589,10.157491691952023,-15.946893413888299,78000.0,3955840.0
79000.0,734.232270252,7.513958119040475E-4,79000.0,59.94177215189873,11.963490694044918,9.881535482401183,-16.106545347813334,79000.0,3955840.0
80000.0,743.497035551,7.608771747888073E-4,80000.0,59.72875,12.03411324569677,9.512976070104465,-16.365672180885646,80000.0,3955840.0
81000.0,752.785811826,7.703831099934614E-4,81000.0,59.49382716049383,12.02359991155916,9.04806786050895,-16.790659594916896,81000.0,3955840.0
82000.0,761.983068449,7.797953859413837E-4,82000.0,59.274390243902445,12.034702706340763,8.644508275201758,-17.142556475375333,82000.0,3955840.0
83000.0,771.210241729,7.892382779569732E-4,83000.0,59.106024096385546,12.158843318164369,8.423267860997202,-17.198991747522523,83000.0,3955840.0
84000.0,780.448175024,7.986921815420488E-4,84000.0,58.891666666666666,12.144971948521272,8.042395675215042,-17.564346997140134,84000.0,3955840.0
85000.0,789.841142294,8.083047435851643E-4,85000.0,58.69411764705882,12.157063564768883,7.636861073843139,-17.84647400396066,85000.0,3955840.0
86000.0,799.0739133,8.177533641939587E-4,86000.0,58.503488372093024,12.170182520422802,7.294453825172104,-18.10630129732591,86000.0,3955840.0
87000.0,808.319436917,8.272150355524177E-4,87000.0,58.327586206896555,12.203758926174562,7.0003078185922485,-18.29483163664838,87000.0,3955840.0
88000.0,817.584734811,8.366969434835227E-4,88000.0,58.15909090909091,12.239926554512813,6.716323376656269,-18.45703439178975,88000.0,3955840.0
89000.0,826.843710618,8.461723815258499E-4,89000.0,58.00112359550562,12.28641399005135,6.407431518854234,-18.573150615404128,89000.0,3955840.0
90000.0,836.116908943,8.556623745892642E-4,90000.0,57.79777777777778,12.213443649336241,6.006087752728359,-18.987500391591738,90000.0,3955840.0
91000.0,845.350017966,8.651113411174353E-4,91000.0,57.5956043956044,12.132954959990817,5.632046171529176,-19.412037753365304,91000.0,3955840.0
92000.0,854.656772347,8.746356747317053E-4,92000.0,57.42717391304348,12.119256545578493,5.290774996977394,-19.64503910068425,92000.0,3955840.0
93000.0,863.919843481,8.841153038441963E-4,93000.0,57.259139784946235,12.095707184933465,4.9817130016972255,-19.892019062556553,93000.0,3955840.0
94000.0,873.245602925,8.936590868339374E-4,94000.0,57.128723404255325,12.144983475601764,4.7935172935172945,-19.923223425782645,94000.0,3955840.0
95000.0,882.513587036,9.031437437821348E-4,95000.0,56.96631578947369,12.11336419487203,4.485771692911543,-20.166955703829995,95000.0,3955840.0
96000.0,891.758687085,9.126049816701512E-4,96000.0,56.82083333333333,12.10919336880576,4.22365988909426,-20.321616208528045,96000.0,3955840.0
97000.0,901.042174706,9.221055045792828E-4,97000.0,56.66494845360825,12.073834676490131,3.968290231198009,-20.554663301594587,97000.0,3955840.0
98000.0,910.290351973,9.315698916264622E-4,98000.0,56.501020408163264,12.013647722101169,3.6980978629196137,-20.851051766173416,98000.0,3955840.0
99000.0,919.518058444,9.410133292983307E-4,99000.0,56.36363636363636,12.00135420138256,3.4830983712772814,-20.998235442399803,99000.0,3955840.0
99500.0,924.26421862,9.45870448230713E-4,99500.0,56.299497487437186,12.001608177968908,3.3948011552988357,-21.048968569917324,99500.0,3955840.0
