learning evaluation instances,evaluation time (cpu seconds),model cost (RAM-Hours),classified instances,classifications correct (percent),Kappa Statistic (percent),Kappa Temporal Statistic (percent),Kappa M Statistic (percent),model training instances,model serialized size (bytes)
1000.0,10.175155815,1.0411394522520465E-5,1000.0,28.9,0.0,-75.55555555555556,-146.02076124567472,1000.0,3955216.0
2000.0,20.172567232,2.07860838686777E-5,2000.0,30.25,0.0,-67.66826923076921,-130.57851239669424,2000.0,4011344.0
3000.0,29.789167285,3.076559095852924E-5,3000.0,30.333333333333336,0.0,-68.14159292035397,-129.67032967032966,3000.0,4011344.0
4000.0,39.325998326,4.066231874837691E-5,4000.0,30.25,0.0,-64.89361702127658,-130.57851239669424,4000.0,4011344.0
5000.0,48.849118993,5.054481876814124E-5,5000.0,30.5,0.0,-64.45811642214862,-127.86885245901635,5000.0,4011344.0
6000.0,58.386271289,6.0441879936369266E-5,6000.0,30.233333333333334,0.0,-65.9135949266746,-130.760749724366,6000.0,4011344.0
7000.0,67.921286187,7.03367230464086E-5,7000.0,29.97142857142857,0.0,-67.1326287078077,-133.6510962821735,7000.0,4011344.0
8000.0,77.453926059,8.022910150275797E-5,8000.0,30.349999999999998,0.0,-64.2204538756263,-129.48929159802307,8000.0,4011344.0
9000.0,86.946329177,9.007972476812482E-5,9000.0,30.45555555555556,0.0,-63.29246021393165,-128.3473184968989,9000.0,4011344.0
10000.0,96.444985255,9.993683696495482E-5,10000.0,30.470000000000002,0.0,-63.7926972909305,-128.19166393173614,10000.0,4011344.0
11000.0,105.87635185,1.097241203377753E-4,11000.0,30.463636363636365,0.0,-63.895436040282846,-128.26022082960313,11000.0,4011344.0
12000.0,115.258515217,1.1946034367274838E-4,12000.0,30.283333333333335,0.0,-65.23800118506811,-130.21463951568523,12000.0,4011344.0
13000.0,124.685428171,1.2924300533501728E-4,13000.0,30.146153846153844,0.0,-65.68144499178983,-131.71727481500383,13000.0,4011344.0
14000.0,134.194204902,1.3911062011361328E-4,14000.0,30.135714285714286,0.0,-65.55517941773864,-131.83218772220903,14000.0,4011344.0
15000.0,143.671062781,1.4894511150056582E-4,15000.0,29.986666666666668,0.0,-66.38149556400509,-133.48154735437976,15000.0,4011344.0
16000.0,153.149732834,1.5878148344854632E-4,16000.0,30.06875,0.0,-66.18149413337294,-132.57119102057783,16000.0,4011344.0
17000.0,162.592692775,1.6858079767197558E-4,17000.0,30.029411764705884,0.0,-66.80689945309211,-133.00685602350637,17000.0,4011344.0
18000.0,172.014854784,1.783585291001649E-4,18000.0,30.0,0.0,-67.13091922005573,-133.33333333333331,18000.0,4011344.0
19000.0,181.48619314,1.8818729267077824E-4,19000.0,30.073684210526313,0.0,-66.61650363681969,-132.51662583129155,19000.0,4011344.0
20000.0,191.053963222,1.981161270655914E-4,20000.0,30.085,0.0,-66.3256809801356,-132.3915572544458,20000.0,4011344.0
21000.0,200.543768381,2.0796405433132044E-4,21000.0,30.18095238095238,0.0,-65.84096821626511,-131.33480593247077,21000.0,4011344.0
22000.0,209.971346856,2.177474066297291E-4,22000.0,30.13636363636364,0.0,-66.68474135126341,-131.82503770739063,22000.0,4011344.0
23000.0,219.475807197,2.2761054212829158E-4,23000.0,30.034782608695654,0.0,-67.39831478206594,-132.94730746960045,23000.0,4011344.0
24000.0,228.958852776,2.3745145472395403E-4,24000.0,30.008333333333333,0.0,-67.59453257507731,-133.2407664537628,24000.0,4011344.0
25000.0,238.393565725,2.472422107340147E-4,25000.0,29.887999999999998,0.0,-68.0375802895216,-134.58244111349035,25000.0,4011344.0
26000.0,247.795603946,2.5699905895151484E-4,26000.0,29.83076923076923,0.0,-68.0081038769684,-135.22434244455908,26000.0,4011344.0
27000.0,257.285223385,2.6684679348862393E-4,27000.0,29.83703703703704,0.0,-68.19675042173488,-135.15392254220453,27000.0,4011344.0
28000.0,266.693718554,2.7661034232359693E-4,28000.0,29.75714285714286,0.0,-68.80954424512915,-136.05376860297645,28000.0,4011344.0
29000.0,276.169950545,2.8644418420306254E-4,29000.0,29.79655172413793,0.0,-68.32575444398512,-135.60930447864828,29000.0,4011344.0
30000.0,285.570720572,2.9619971636801344E-4,30000.0,29.81,0.0,-68.37517991364143,-135.45790003354577,30000.0,4011344.0
31000.0,295.049733611,3.060364442454492E-4,31000.0,29.76451612903226,0.0,-69.01878590281011,-135.97052129619593,31000.0,4011344.0
32000.0,304.433026156,3.1577383937084663E-4,32000.0,29.762499999999996,0.0,-68.80210289147577,-135.9932801343973,32000.0,4011344.0
33000.0,313.941225021,3.2564085447618884E-4,33000.0,29.86666666666667,0.0,-68.19767441860463,-134.82142857142858,33000.0,4011344.0
34000.0,323.384273935,3.354402610302422E-4,34000.0,29.814705882352943,0.0,-68.58353938537617,-135.40495215547003,34000.0,4011344.0
35000.0,332.869226592,3.452831526723781E-4,35000.0,29.822857142857146,0.0,-68.61399052653256,-135.3132784058249,35000.0,4011344.0
36000.0,342.379087258,3.5515189229103793E-4,36000.0,29.86388888888889,0.0,-68.36033873441356,-134.85257185378103,36000.0,4011344.0
37000.0,351.856721306,3.649871891377159E-4,37000.0,29.867567567567566,0.0,-68.3251167618059,-134.81132929146688,37000.0,4011344.0
38000.0,361.354906516,3.7484381269713575E-4,38000.0,29.907894736842106,0.0,-68.07597652552533,-134.35987681478227,38000.0,4011344.0
39000.0,370.875597764,3.847237916175509E-4,39000.0,29.9974358974359,0.0,-67.56275701221382,-133.36182579707668,39000.0,4011344.0
40000.0,380.373624817,3.9458025105151124E-4,40000.0,30.0225,0.0,-67.57064176245211,-133.08352069281375,40000.0,4011344.0
41000.0,389.855586218,4.0442003855493963E-4,41000.0,30.080487804878047,0.0,-67.0863204522935,-132.44141733560363,41000.0,4011344.0
42000.0,399.406648612,4.143315347543477E-4,42000.0,30.0952380952381,0.0,-66.86558681443591,-132.2784810126582,42000.0,4011344.0
43000.0,408.959688582,4.2424508315865196E-4,43000.0,30.093023255813954,0.0,-66.82390809700871,-132.30293663060274,43000.0,4011344.0
44000.0,418.422763239,4.340652711784153E-4,44000.0,30.131818181818183,0.0,-66.70462556260505,-131.87509428269723,44000.0,4011344.0
45000.0,427.935675682,4.4393717774069764E-4,45000.0,30.175555555555555,0.0,-66.504159821949,-131.39406436409163,45000.0,4011344.0
46000.0,437.490261232,4.538523300514223E-4,46000.0,30.291304347826088,0.0,-65.83574679354571,-130.12774508396728,46000.0,4011344.0
47000.0,446.993042464,4.637137230755055E-4,47000.0,30.40851063829787,0.0,-65.48444219580064,-128.85530366638682,47000.0,4011344.0
48000.0,456.463919063,4.735420074635356E-4,48000.0,30.483333333333334,0.0,-65.11455292196547,-128.04811372334612,48000.0,4011344.0
49000.0,465.976743303,4.834138224942518E-4,49000.0,30.553061224489795,0.0,-64.77338756536898,-127.29944559481663,49000.0,4011344.0
50000.0,475.48646929,4.932824223514546E-4,50000.0,30.656,0.0,-64.15889399176174,-126.20041753653442,50000.0,4011344.0
51000.0,485.097380159,5.032560255613745E-4,51000.0,30.74313725490196,0.0,-63.75057950857672,-125.275846673895,51000.0,4011344.0
52000.0,494.611121047,5.13128791832151E-4,52000.0,30.882692307692306,0.0,-63.02730654086908,-123.80596550221061,52000.0,4011344.0
53000.0,504.132079607,5.230090481522692E-4,53000.0,31.043396226415094,0.0,-62.37337835436292,-122.12970278976476,53000.0,4011344.0
54000.0,513.673536526,5.329105763894729E-4,54000.0,31.164814814814818,0.0,-61.83116374243545,-120.87468061085033,54000.0,4011344.0
55000.0,523.25868832,5.428574484397133E-4,55000.0,31.329090909090908,0.0,-60.952015682263685,-119.19215367651329,55000.0,4011344.0
56000.0,532.867419011,5.528287891970316E-4,56000.0,31.478571428571428,0.0,-60.45159941459334,-117.6764238711141,56000.0,4011344.0
57000.0,542.506892686,5.628320331036023E-4,57000.0,31.628070175438594,0.0,-59.72785769908604,-116.17483913911695,57000.0,4011344.0
58000.0,552.006218361,5.726898401663904E-4,58000.0,31.810344827586206,0.0,-59.01415246059827,-114.36314363143627,58000.0,4011344.0
59000.0,561.64352059,5.826908306818839E-4,59000.0,32.0,0.0,-58.0959136225716,-112.50000000000003,59000.0,4011344.0
60000.0,571.173490675,5.92580438599982E-4,60000.0,32.15,0.0,-57.43068177423719,-111.04199066874028,60000.0,4011344.0
61000.0,580.719431431,6.024866198832606E-4,61000.0,32.31967213114754,0.0,-56.61393725579455,-109.40907938118187,61000.0,4011344.0
62000.0,590.237290286,6.123636595230705E-4,62000.0,32.441935483870964,0.0,-56.00581027226341,-108.24301481555139,62000.0,4011344.0
63000.0,599.747394825,6.222326522179026E-4,63000.0,32.611111111111114,0.0,-55.28529626920262,-106.6439522998296,63000.0,4011344.0
64000.0,609.301142727,6.321469352698343E-4,64000.0,32.7484375,0.0,-54.58463527637106,-105.35808006107159,64000.0,4011344.0
65000.0,618.871089542,6.420780285422431E-4,65000.0,32.86769230769231,0.0,-54.076480350270096,-104.25014042314172,65000.0,4011344.0
66000.0,628.407701915,6.519745294120937E-4,66000.0,33.0030303030303,0.0,-53.556049451312695,-103.00247911119276,66000.0,4011344.0
67000.0,637.958577491,6.618858317434461E-4,67000.0,33.126865671641795,0.0,-53.1219028741328,-101.86979049335434,67000.0,4011344.0
68000.0,647.44932929,6.717347413730605E-4,68000.0,33.25147058823529,0.0,-52.55781123958055,-100.73857856795362,68000.0,4011344.0
69000.0,656.989349329,6.816347785059166E-4,69000.0,33.402898550724636,0.0,-52.06327145173566,-99.37521693856301,69000.0,4011344.0
70000.0,666.514727377,6.915196210947355E-4,70000.0,33.53714285714286,0.0,-51.53903781635778,-98.1768614755495,70000.0,4011344.0
71000.0,676.144182299,7.015124681649977E-4,71000.0,33.69718309859155,0.0,-50.89591947943713,-96.76071055381398,71000.0,4011344.0
72000.0,685.684955895,7.114132872922575E-4,72000.0,33.80277777777778,0.0,-50.50048943762041,-95.83367573342098,72000.0,4011344.0
73000.0,695.252315585,7.213416958078773E-4,73000.0,33.8986301369863,0.0,-50.0948707580329,-94.99717126000165,73000.0,4011344.0
74000.0,704.849850821,7.313014186210229E-4,74000.0,34.02162162162162,0.0,-49.52378035708816,-93.93072767715283,74000.0,4011344.0
75000.0,714.442225255,7.412557858760851E-4,75000.0,34.083999999999996,0.0,-49.13572053455611,-93.39279427297265,75000.0,4011344.0
76000.0,724.107331048,7.512856291942877E-4,76000.0,34.18421052631579,0.0,-48.674355011294736,-92.53271747498073,76000.0,4011344.0
77000.0,733.657556854,7.611962572349046E-4,77000.0,34.32207792207792,0.0,-48.11820871042382,-91.35765097623734,77000.0,4011344.0
78000.0,743.163504793,7.710609364697883E-4,78000.0,34.38974358974359,0.0,-47.74525088053584,-90.78437220399641,78000.0,4011344.0
79000.0,752.69650044,7.809536841272187E-4,79000.0,34.515189873417725,0.0,-47.18199664286323,-89.72750944364985,79000.0,4011344.0
80000.0,762.285618132,7.909046717387791E-4,80000.0,34.6225,0.0,-46.746724278218906,-88.82951837677811,80000.0,4011344.0
81000.0,771.774835413,8.00751988941426E-4,81000.0,34.696296296296296,0.0,-46.51008198537559,-88.2152006831768,81000.0,4011344.0
82000.0,781.358837382,8.106976677750746E-4,82000.0,34.791463414634144,0.0,-46.10760444845206,-87.42682884082862,82000.0,4011344.0
83000.0,791.030309268,8.207341174271039E-4,83000.0,34.90361445783133,0.0,-45.613798679423255,-86.50327925440111,83000.0,4011344.0
84000.0,800.657395105,8.30724506008875E-4,84000.0,34.976190476190474,0.0,-45.296871674824416,-85.90878148400274,84000.0,4011344.0
85000.0,810.294990297,8.407258005430777E-4,85000.0,35.05647058823529,0.0,-45.08896890687832,-85.2540438955635,85000.0,4011344.0
86000.0,819.793392857,8.505826496547566E-4,86000.0,35.1360465116279,0.0,-44.774337546391216,-84.60800211801305,86000.0,4011344.0
87000.0,829.223892211,8.603690330590165E-4,87000.0,35.2367816091954,0.0,-44.39034390856442,-83.79436325678499,87000.0,4011344.0
88000.0,838.667454516,8.701689723781943E-4,88000.0,35.32954545454545,0.0,-44.068654751658165,-83.04921196526216,88000.0,4011344.0
89000.0,848.131204872,8.799898615961902E-4,89000.0,35.41460674157303,0.0,-43.82475103838262,-82.3693645102954,89000.0,4011344.0
90000.0,857.558479085,8.897728981504928E-4,90000.0,35.47222222222222,0.0,-43.600712130952985,-81.91072826938134,90000.0,4011344.0
91000.0,866.993614876,8.995640929595795E-4,91000.0,35.52087912087912,0.0,-43.37446548564448,-81.52456379160992,91000.0,4011344.0
92000.0,876.478691002,9.094071127301345E-4,92000.0,35.59130434782609,0.0,-43.17193389388228,-80.9675054971903,92000.0,4011344.0
93000.0,885.960214498,9.192464458030959E-4,93000.0,35.66236559139785,0.0,-42.92129463752537,-80.40764638485196,93000.0,4011344.0
94000.0,895.423346359,9.290666931855987E-4,94000.0,35.75638297872341,0.0,-42.537824250005905,-79.6703460176728,94000.0,4011344.0
95000.0,904.890146401,9.388907471773079E-4,95000.0,35.824210526315795,0.0,-42.309936742839795,-79.14083389651219,95000.0,4011344.0
96000.0,914.290125475,9.486454585406213E-4,96000.0,35.891666666666666,0.0,-42.0748880373055,-78.61620617599257,96000.0,4011344.0
97000.0,923.698027543,9.584083918924087E-4,97000.0,35.94536082474227,0.0,-41.839972605866905,-78.2000172082485,97000.0,4011344.0
98000.0,933.122018211,9.681880209887297E-4,98000.0,36.0,0.0,-41.58333145217726,-77.77777777777779,98000.0,4011344.0
99000.0,942.563573456,9.77985877506357E-4,99000.0,36.067676767676765,0.0,-41.301096153416836,-77.25656033830901,99000.0,4011344.0
100000.0,951.975577802,9.877530679461132E-4,100000.0,36.137,0.0,-40.959254844832905,-76.72468660929242,100000.0,4011344.0
