learning evaluation instances,evaluation time (cpu seconds),model cost (RAM-Hours),classified instances,classifications correct (percent),Kappa Statistic (percent),Kappa Temporal Statistic (percent),Kappa M Statistic (percent),model training instances,model serialized size (bytes)
100.0,2.455194264,1.5108913707081677E-5,100.0,100.0,?,?,?,100.0,2.3787552E7
200.0,5.884318385,3.76458621095607E-5,200.0,98.0,59.01639344262287,0.0,33.33333333333333,200.0,2.5404712E7
300.0,9.16627697,5.9227500073345554E-5,300.0,98.66666666666667,59.3495934959351,0.0,33.33333333333352,300.0,2.541872E7
400.0,12.443763373,8.078548175189468E-5,400.0,99.0,59.51417004048588,0.0,33.33333333333333,400.0,2.542536E7
500.0,15.711303943,1.0228238529666895E-4,500.0,98.8,49.46091644204845,0.0,25.0,500.0,2.543064E7
600.0,19.00693816,1.2396958500322862E-4,600.0,98.66666666666667,42.3076923076929,0.0,20.0000000000004,600.0,2.5437056E7
700.0,22.402963564,1.4633020212756178E-4,700.0,97.28571428571429,28.800856531049252,-58.333333333333435,13.636363636363779,700.0,2.5451608E7
800.0,25.830483296,1.6893866506904675E-4,800.0,85.125,5.16039051603899,-815.3846153846164,2.459016393442571,800.0,2.5497256E7
900.0,29.269297872,1.9163713851214084E-4,900.0,78.0,2.8300343530181626,-607.1428571428576,1.4925373134328699,900.0,2.5514688E7
1000.0,32.736181953,2.1452948518917853E-4,1000.0,74.6,2.0930501484022837,-296.87500000000034,1.1673151750972772,1000.0,2.5524272E7
1100.0,36.235156051,2.3764791307145233E-4,1100.0,71.36363636363636,5.919087700244383,-228.125,3.0769230769230598,1100.0,2.5539944E7
1200.0,39.389214887,2.5849333680730106E-4,1200.0,71.41666666666666,8.156161302415278,-193.16239316239313,4.45682451253481,1200.0,2.55472E7
1300.0,42.460131078,2.7879309665969587E-4,1300.0,69.6923076923077,9.571444208653073,-215.19999999999996,5.966587112171851,1300.0,2.5552024E7
1400.0,45.584410005,2.9945350312362765E-4,1400.0,68.35714285714286,11.60356436320929,-205.5172413793104,7.32217573221758,1400.0,2.55618E7
1500.0,48.675377568,3.198978292205158E-4,1500.0,66.66666666666666,10.796055996289128,-179.3296089385476,6.54205607476635,1500.0,2.5567056E7
1600.0,51.757398671,3.402865024712794E-4,1600.0,65.1875,10.01288415168565,-149.77578475336318,6.228956228956217,1600.0,2.5571472E7
1700.0,54.859309241,3.6080953141245085E-4,1700.0,63.70588235294118,9.187405196118503,-157.08333333333323,5.513016845329264,1700.0,2.5574936E7
1800.0,57.958782406,3.8132535669263903E-4,1800.0,63.55555555555556,10.109622411693023,-130.98591549295773,6.28571428571427,1800.0,2.5586064E7
1900.0,61.048665918,4.0178042459091973E-4,1900.0,62.10526315789474,9.457219860108754,-138.41059602649005,6.250000000000008,1900.0,2.5589464E7
2000.0,64.134120919,4.222089151451281E-4,2000.0,61.85000000000001,8.96552382406843,-128.443113772455,5.569306930693087,2000.0,2.5592896E7
2100.0,67.248557797,4.428337908913675E-4,2100.0,61.66666666666667,11.817544474629777,-116.98113207547172,8.730158730158747,2100.0,2.559848E7
2200.0,70.326516763,4.632189765140634E-4,2200.0,61.04545454545455,12.883163449187233,-115.32663316582914,10.261780104712043,2200.0,2.560084E7
2300.0,73.428971494,4.8376863095976364E-4,2300.0,61.21739130434782,14.616636354934421,-119.16461916461915,12.118226600985217,2300.0,2.5603624E7
2400.0,76.568625585,5.045689704859568E-4,2400.0,61.458333333333336,15.859371446763992,-114.61716937354988,13.389513108614231,2400.0,2.5608904E7
2500.0,79.650352084,5.249876675331988E-4,2500.0,61.68,16.82526011640992,-108.71459694989107,14.311270125223624,2500.0,2.5611576E7
2600.0,82.713828531,5.452884815583793E-4,2600.0,61.23076923076923,18.797327946261493,-119.6078431372549,17.241379310344836,2600.0,2.5615408E7
2700.0,85.801769984,5.657549972949347E-4,2700.0,60.88888888888889,20.482105126940812,-130.0653594771241,19.878603945371776,2700.0,2.5619888E7
2800.0,88.866648886,5.860713656335691E-4,2800.0,61.035714285714285,22.719402722276588,-137.6906318082789,21.05643994211287,2800.0,2.5623304E7
2900.0,91.920650896,6.063206584498178E-4,2900.0,60.96551724137931,24.148741296098105,-146.62309368191725,18.08972503617944,2900.0,2.5629664E7
3000.0,94.97757159,6.265922831829534E-4,3000.0,60.73333333333333,25.006366182836754,-156.64488017429193,14.76121562952242,3000.0,2.5633432E7
3100.0,98.100108889,6.473016866226165E-4,3100.0,60.74193548387097,26.07917700556302,-165.14161220043573,11.939218523878436,3100.0,2.5636712E7
3200.0,101.149436404,6.675266688583296E-4,3200.0,60.875,27.0651287428638,-170.41036717062642,9.798270893371756,3200.0,2.5638136E7
3300.0,104.229404701,6.879568489358235E-4,3300.0,61.18181818181818,27.66892479197095,-170.82452431289644,9.852216748768484,3300.0,2.5640608E7
3400.0,107.28548746,7.082293683816237E-4,3400.0,61.52941176470588,28.78379334873425,-174.2138364779875,8.33917309039942,3400.0,2.5641592E7
3500.0,110.423638108,7.290470708833201E-4,3500.0,61.97142857142857,29.385039723852067,-173.8683127572016,9.578804347826079,3500.0,2.564256E7
3600.0,113.624015232,7.502788597699045E-4,3600.0,62.25000000000001,29.76381208331181,-175.65922920892496,10.297029702970299,3600.0,2.564412E7
3700.0,116.698027133,7.706743583739884E-4,3700.0,62.45945945945945,30.01314406890912,-179.4768611670021,11.018577834721324,3700.0,2.564668E7
3800.0,119.75972704,7.909891576780939E-4,3800.0,62.81578947368421,30.800280438391198,-172.77992277992286,10.851735015772883,3800.0,2.5647928E7
3900.0,122.844919135,8.114605460101342E-4,3900.0,63.07692307692307,31.04113882317578,-169.158878504673,12.034208918753809,3900.0,2.5648824E7
4000.0,125.900580716,8.31737227988594E-4,4000.0,63.275000000000006,31.752506434498212,-174.57943925233636,10.262675626145397,4000.0,2.5650392E7
4100.0,128.978634341,8.521646580784939E-4,4100.0,63.34146341463415,32.112355302359624,-179.88826815642454,8.74316939890711,4100.0,2.5653104E7
4200.0,132.069853937,8.72680065198517E-4,4200.0,63.61904761904762,32.599336579857436,-179.34186471663614,8.393285371702635,4200.0,2.5653856E7
4300.0,135.18766036,8.933731786023094E-4,4300.0,63.604651162790695,32.79881285725128,-185.5839416058394,6.287425149700587,4300.0,2.5655416E7
4400.0,138.287625045,9.139486000369967E-4,4400.0,63.65909090909091,32.75270782276903,-186.5591397849462,6.3817330210772845,4400.0,2.565632E7
4500.0,141.371506241,9.344184064665599E-4,4500.0,63.955555555555556,33.17215544931219,-189.12655971479492,6.835152211372759,4500.0,2.5657744E7
4600.0,144.440433563,9.547899002837245E-4,4600.0,64.56521739130436,34.26371769273891,-190.0355871886121,6.6971951917573085,4600.0,2.5658936E7
4700.0,147.582590305,9.756482312441863E-4,4700.0,65.06382978723404,34.9821856883974,-190.61946902654873,8.21688093907209,4700.0,2.5659848E7
4800.0,150.739080486,9.966219294168098E-4,4800.0,65.33333333333333,35.32385443008763,-188.38821490467933,8.319559228650146,4800.0,2.5684608E7
4900.0,154.135460373,0.0010191911725813353,4900.0,65.6734693877551,35.85188383818965,-188.507718696398,8.137629710540697,4900.0,2.5686392E7
5000.0,157.371813029,0.0010406978512653528,5000.0,65.88000000000001,36.155667004126016,-188.66328257191202,7.232191408374135,5000.0,2.5687384E7
5100.0,160.473170867,0.0010613089319753692,5100.0,66.33333333333333,36.811027542589976,-189.54468802698133,7.289416846652272,5100.0,2.568924E7
5200.0,163.587263805,0.00108200566622953,5200.0,66.82692307692307,37.537950743416765,-188.94472361809056,7.058189655172395,5200.0,2.5690504E7
5300.0,166.648615718,0.0011023526105794796,5300.0,67.0377358490566,37.83529236097385,-189.71807628524053,6.176154672395257,5300.0,2.5691432E7
5400.0,169.76844718,0.0011230900150088596,5400.0,67.2037037037037,37.98247525368859,-190.80459770114953,5.997876857749462,5400.0,2.569364E7
5500.0,172.878700189,0.001143766217185149,5500.0,67.49090909090908,38.34380706991013,-190.7317073170732,5.795574288724978,5500.0,2.5696704E7
5600.0,175.960149956,0.0011642527472454443,5600.0,67.85714285714286,38.83198213505511,-191.7341977309561,5.263157894736856,5600.0,2.5698968E7
5700.0,179.044422967,0.0011847589153148627,5700.0,68.08771929824562,39.00183342193343,-190.11164274322167,5.40821632865315,5700.0,2.5700056E7
5800.0,182.121572656,0.0012052184554787013,5800.0,68.46551724137932,39.51591292188966,-186.22848200312973,5.67302733367718,5800.0,2.5700976E7
5900.0,185.280149842,0.0012262206246990012,5900.0,68.69491525423729,39.770962411084895,-185.47140649149924,6.100660904931371,5900.0,2.570248E7
6000.0,188.422154399,0.001247115257975263,6000.0,69.05,40.21301808676937,-182.6484018264839,6.542526421741335,6000.0,2.5705752E7
6100.0,191.524547534,0.0012677478711949045,6100.0,69.08196721311477,40.04307876075342,-181.0730253353204,6.956092747903325,6100.0,2.5707496E7
6200.0,194.627676396,0.0012883867902976948,6200.0,69.01612903225806,39.69494559977964,-178.8098693759072,6.973365617433407,6200.0,2.5709256E7
6300.0,197.713188827,0.0013089094492493485,6300.0,69.19047619047619,39.8740394980697,-177.68240343347648,7.439198855507868,6300.0,2.5710392E7
6400.0,200.828233351,0.001329629192501828,6400.0,69.515625,40.316565403415744,-175.9547383309759,7.928268050967437,6400.0,2.5711208E7
6500.0,203.930677414,0.0013502662922806029,6500.0,69.8,40.74262249249267,-174.92997198879564,8.909512761020874,6500.0,2.5712664E7
6600.0,207.036731042,0.001370930044503004,6600.0,69.9090909090909,40.795785297321906,-175.06925207756237,9.315068493150678,6600.0,2.5715952E7
6700.0,210.140460044,0.0013915792951285442,6700.0,70.11940298507463,41.04984143746025,-173.8714090287277,9.941520467836273,6700.0,2.5717152E7
6800.0,213.230477919,0.0014121390069169375,6800.0,70.26470588235294,41.08954521091199,-173.6129905277403,9.852875613018272,6800.0,2.5719256E7
6900.0,216.464863015,0.0014336601491991266,6900.0,70.46376811594203,41.30191682288517,-175.033738191633,9.220489977728292,6900.0,2.5720296E7
7000.0,219.569986767,0.0014543224514462028,7000.0,70.62857142857143,41.47298570813581,-174.4993324432577,9.784993418165879,7000.0,2.5721848E7
7100.0,222.775070693,0.0014756506576531366,7100.0,70.66197183098592,41.423346186744716,-176.9946808510638,9.118673647469441,7100.0,2.5722744E7
7200.0,225.880427662,0.0014963157714523293,7200.0,70.88888888888889,41.678708083213884,-178.35325365205833,9.067245119305852,7200.0,2.5723416E7
7300.0,229.161542117,0.0015181529983745003,7300.0,70.98630136986301,41.78326342811611,-179.78863936591802,9.37098844672658,7300.0,2.5726368E7
7400.0,232.50507255,0.0015404058934086796,7400.0,71.32432432432432,42.193982575734665,-180.31704095112278,9.199828840393694,7400.0,2.5726672E7
7500.0,235.585753541,0.001560909920952753,7500.0,71.67999999999999,42.64058547650983,-179.8418972332017,9.19196237708421,7500.0,2.5727336E7
7600.0,238.699975635,0.0015816375998462682,7600.0,72.05263157894737,43.09775050980572,-179.8418972332015,9.191962377084225,7600.0,2.5727848E7
7700.0,241.889001219,0.001602864001560116,7700.0,72.25974025974025,43.28808687771871,-181.4229249011859,8.67892261650278,7700.0,2.5728872E7
7800.0,244.984713703,0.001623469573130465,7800.0,72.61538461538461,43.71144833219219,-181.42292490118575,8.678922616502764,7800.0,2.5729208E7
7900.0,248.063541217,0.0016439632079718327,7900.0,72.9620253164557,44.118052832191154,-181.42292490118575,8.678922616502758,7900.0,2.5729776E7
8000.0,251.176395958,0.0016646841761436312,8000.0,73.075,44.14970420280606,-183.79446640316192,7.909362975630631,8000.0,2.5730816E7
8100.0,254.307395147,0.0016855265074882356,8100.0,73.29629629629629,44.35192510456386,-184.98023715415016,7.524583155194533,8100.0,2.5731536E7
8200.0,257.589271143,0.0017073736727928276,8200.0,73.5,44.52426410417953,-186.2977602108038,7.0970500213766625,8200.0,2.5732104E7
8300.0,260.694615168,0.0017280461684395004,8300.0,73.69879518072288,44.68718705303647,-187.6152832674571,6.669516887558778,8300.0,2.5732712E7
8400.0,263.814127295,0.0017488211169088737,8400.0,73.75,44.61345020587101,-190.513833992095,5.728943993159504,8400.0,2.5742792E7
8500.0,267.639113954,0.0017742950432171746,8500.0,73.98823529411764,44.836566421957656,-191.30434782608688,5.472424112868718,8500.0,2.5743544E7
8600.0,270.985278169,0.0017965804536303651,8600.0,74.17441860465117,44.97579068457299,-192.62187088274052,5.044890979050884,8600.0,2.5743984E7
8700.0,274.26373779,0.0018184154069257495,8700.0,74.37931034482759,45.1441189249862,-193.67588932806328,4.702864471996602,8700.0,2.574452E7
8800.0,277.535797834,0.001840208483139819,8800.0,74.5340909090909,45.28122423022241,-193.70904325032774,4.434968017057577,8800.0,2.57454E7
8900.0,280.800401424,0.001861952741290478,8900.0,74.76404494382022,45.539175890093404,-193.59477124183002,4.466184602296893,8900.0,2.57464E7
9000.0,283.891796558,0.0018825444767389104,9000.0,74.8888888888889,45.57911076909133,-195.42483660130725,3.870693321990669,9000.0,2.574784E7
9100.0,287.086903143,0.001903828507179814,9100.0,75.01098901098902,45.61427973783295,-197.25490196078414,3.275202041684412,9100.0,2.5749624E7
9200.0,290.19513792,0.001924534482599505,9200.0,75.10869565217392,45.61004550550465,-199.34640522875796,2.594640578477253,9200.0,2.5750416E7
9300.0,293.28947849,0.0019451496159501576,9300.0,75.12903225806453,45.583376439817286,-197.30077120822628,2.896725440806055,9300.0,2.575256E7
9324.0,294.75618686,0.001954921168259189,9324.0,75.17160017160018,45.631061798608634,-196.03580562659843,3.016338500209462,9324.0,2.5752664E7
