learning evaluation instances,evaluation time (cpu seconds),model cost (RAM-Hours),classified instances,classifications correct (percent),Kappa Statistic (percent),Kappa Temporal Statistic (percent),Kappa M Statistic (percent),model training instances,model serialized size (bytes)
100.0,0.173268631,1.8854352502189576E-8,100.0,52.0,2.399349328995533,4.0000000000000036,-6.666666666666673,100.0,420624.0
200.0,0.328804942,3.580297017985334E-8,200.0,51.5,2.1388216303470644,2.020202020202022,-3.1914893617021307,200.0,421216.0
300.0,0.384101223,4.183163393348663E-8,300.0,55.333333333333336,9.654800431499453,11.842105263157896,0.7407407407407333,300.0,421432.0
400.0,0.4265861,4.646758208281878E-8,400.0,58.5,13.799818252628851,19.024390243902438,4.046242774566465,400.0,421800.0
500.0,0.468205939,5.101146300849401E-8,500.0,59.599999999999994,14.97600808148834,19.521912350597606,6.912442396313369,500.0,422016.0
600.0,0.510044036,5.55803846719861E-8,600.0,60.333333333333336,16.039510818438394,20.401337792642146,9.160305343511459,600.0,422128.0
700.0,0.551413192,6.010006493046051E-8,700.0,61.0,18.03770865858051,21.999999999999996,12.218649517684884,700.0,422312.0
800.0,0.601790236,6.560606819281147E-8,800.0,61.375,18.86782544767107,23.325062034739457,13.687150837988831,800.0,422480.0
900.0,0.654705084,7.139787546306019E-8,900.0,61.22222222222222,19.67573649754501,22.787610619469028,15.29126213592232,900.0,423096.0
1000.0,0.710429289,7.75007567129077E-8,1000.0,62.3,21.60532335204824,24.448897795591183,17.505470459518595,1000.0,423344.0
1100.0,1.087432467,1.193673003642054E-7,1100.0,61.727272727272734,21.96294124387467,23.45454545454546,18.72586872586874,1100.0,429264.0
1200.0,1.140041827,1.2521353704316333E-7,1200.0,61.5,21.634702370182737,22.48322147651007,18.66197183098592,1200.0,429552.0
1300.0,1.180356956,1.2969757721472944E-7,1300.0,60.15384615384616,18.6369084441695,20.430107526881724,15.635179153094473,1300.0,429936.0
1400.0,1.216753291,1.3374936615171945E-7,1400.0,58.92857142857143,15.644975374620133,18.899858956276454,12.480974124809748,1400.0,430320.0
1500.0,1.253482924,1.3784297216907556E-7,1500.0,57.333333333333336,12.699812850223804,15.900131406044684,9.732016925246835,1500.0,430816.0
1600.0,1.290331093,1.419523821891513E-7,1600.0,56.25,9.886714727085465,13.258983890954154,6.666666666666667,1600.0,431088.0
1700.0,1.326033013,1.45935437119123E-7,1700.0,55.352941176470594,8.044584443905995,11.01992966002346,4.887218045112784,1700.0,431248.0
1800.0,1.360499895,1.497819187231817E-7,1800.0,54.166666666666664,6.296851574212882,8.73893805309734,3.508771929824549,1800.0,431384.0
1900.0,1.395021192,1.5363533035151866E-7,1900.0,53.63157894736842,5.018543485267355,7.845188284518821,2.219755826859052,1900.0,431480.0
2000.0,1.430487649,1.5759622653687786E-7,2000.0,52.900000000000006,3.9139264625330767,6.081754735792627,1.3612565445026306,2000.0,431696.0
2100.0,1.479880289,1.6311342196297106E-7,2100.0,52.95238095238095,4.394939032650767,6.083650190114061,2.0812685827552047,2100.0,431776.0
2200.0,1.513697367,1.668914451684989E-7,2200.0,53.18181818181819,4.558852145404129,7.20720720720721,2.1842355175688595,2200.0,431848.0
2300.0,1.547830912,1.7070553030289709E-7,2300.0,53.30434782608696,5.09743053848047,7.253886010362703,2.893309222423162,2300.0,431928.0
2400.0,1.58240296,1.7457033101089297E-7,2400.0,53.5,5.635316292916678,7.385892116182577,3.5436473638720845,2400.0,432120.0
2500.0,1.61679107,1.7842090345009332E-7,2500.0,52.68000000000001,4.187686522196075,5.511182108626212,2.2314049586776923,2500.0,432832.0
2600.0,1.652607584,1.824331248238724E-7,2600.0,51.92307692307693,3.0142572026088885,3.6979969183359147,1.2638230647709368,2600.0,433016.0
2700.0,1.691183519,1.8675645673647934E-7,2700.0,51.44444444444445,1.9798426892364682,2.8888888888888964,0.2283105022831179,2700.0,433216.0
2800.0,1.72527369,1.9057888870735962E-7,2800.0,51.142857142857146,0.963731689899398,2.0758768790264828,-0.9594095940959468,2800.0,433424.0
2900.0,1.759500945,1.9441704569406186E-7,2900.0,50.758620689655174,0.13008266543579444,1.788170563961491,-1.7818959372772551,2900.0,433464.0
3000.0,1.800234672,1.9898566486606994E-7,3000.0,50.53333333333333,-0.46427493091388844,1.526211015262108,-2.4154589371980775,3000.0,433544.0
3100.0,1.849211406,2.0447860166970638E-7,3100.0,50.54838709677419,-0.4842051845900004,1.604621309370987,-2.404809619238474,3100.0,433528.0
3200.0,1.886959,2.0871245795538025E-7,3200.0,50.59375000000001,-0.5709196736693034,1.679104477611949,-2.5291828793774123,3200.0,433560.0
3300.0,1.925914317,2.1308209769742976E-7,3300.0,50.66666666666667,-0.41324862764448667,1.8685955394816278,-2.3255813953488174,3300.0,433592.0
3400.0,1.961959396,2.171254436100564E-7,3400.0,50.52941176470588,-0.44260222003653676,1.637426900584785,-2.187120291616045,3400.0,433608.0
3500.0,1.996861784,2.2104075297126754E-7,3500.0,50.71428571428571,-0.280902795540917,1.7653758542141196,-2.071005917159765,3500.0,433624.0
3600.0,2.030536761,2.2481851217947694E-7,3600.0,50.583333333333336,-0.343251507404939,1.3311148086522548,-2.006880733944947,3600.0,433640.0
3700.0,2.062647965,2.284209755904952E-7,3700.0,50.72972972972973,0.030709162297924236,2.0419129500268793,-1.5598885793871706,3700.0,433656.0
3800.0,2.096970706,2.3227175806605361E-7,3800.0,50.81578947368421,0.5062801715805114,1.9926586261143175,-0.9179265658747261,3800.0,433680.0
3900.0,2.12919687,2.358876520717082E-7,3900.0,50.871794871794876,0.6083687210849207,1.7939518195797075,-0.789058390320881,3900.0,433720.0
4000.0,2.162170962,2.395876028337268E-7,4000.0,50.975,0.730725131426759,1.6549648946840703,-0.6673511293634445,4000.0,433736.0
4100.0,2.206225761,2.445313513794107E-7,4100.0,51.21951219512195,1.3315903518659913,2.343750000000002,0.0,4100.0,433776.0
4200.0,2.246207748,2.49018139197578E-7,4200.0,51.42857142857142,1.714445131698973,2.578796561604571,0.3906249999999895,4200.0,433784.0
4300.0,2.283998071,2.5325905618639457E-7,4300.0,51.58139534883721,2.0489564842921313,2.8917910447761304,0.7626310772163989,4300.0,433792.0
4400.0,2.316235974,2.5687706798796235E-7,4400.0,51.5,1.8753167764825294,2.7790432801822416,0.6054960409874197,4400.0,433816.0
4500.0,2.347813811,2.6042113227355403E-7,4500.0,51.422222222222224,1.7432899866454108,2.7147307521139274,0.5006827492034648,4500.0,433832.0
4600.0,2.379973079,2.6403051865729613E-7,4600.0,51.08695652173913,1.4008697681729745,2.0887728459530086,0.3101462117855701,4600.0,433840.0
4700.0,2.41269496,2.677031851953724E-7,4700.0,50.91489361702127,0.9767799686132721,1.7043033659991502,-0.130208333333346,4700.0,433856.0
4800.0,2.4457905,2.7141785928741516E-7,4800.0,50.958333333333336,0.9603841536614784,1.7529215358931625,-0.17021276595742804,4800.0,433864.0
4900.0,2.478658815,2.7510709745925336E-7,4900.0,50.73469387755102,0.646287141519946,1.3888888888888833,-0.41597337770383197,4900.0,433872.0
5000.0,2.510708719,2.787048063812488E-7,5000.0,50.660000000000004,0.45274430841491553,1.2805122048819673,-0.6117455138662323,5000.0,433912.0
5100.0,2.551143486,2.8324458106027506E-7,5100.0,50.66666666666667,0.3987125325022215,1.6419077404222167,-0.6802721088435304,5100.0,433992.0
5200.0,2.583338935,2.868594941098388E-7,5200.0,50.55769230769231,0.14340772609123853,1.3051823416506627,-0.9422850412249854,5200.0,434016.0
5300.0,2.615222786,2.9043975079319134E-7,5300.0,50.39622641509433,-0.053797846477668894,1.0165662650602385,-1.076509034986557,5300.0,434056.0
5400.0,2.64745511,2.940592711343741E-7,5400.0,50.31481481481481,-0.09625357220137574,0.7399186089530052,-1.0546139359698674,5400.0,434072.0
5500.0,2.697153219,2.996402100612513E-7,5500.0,50.36363636363637,-0.11831497708646194,0.655021834061144,-1.1111111111110956,5500.0,434080.0
5600.0,2.730895218,3.0342939862453486E-7,5600.0,50.30357142857142,-0.25200660970574,0.5360972122944941,-1.2368133866860769,5600.0,434088.0
5700.0,2.770678635,3.078970316389493E-7,5700.0,50.29824561403509,-0.12035696889914588,0.5964912280701729,-1.0342368045649013,5700.0,434088.0
5800.0,2.802713023,3.114949214960759E-7,5800.0,50.10344827586207,-0.29685363824965977,0.3100241129865762,-1.1180992313067717,5800.0,434144.0
5900.0,2.833953063,3.150036601122676E-7,5900.0,50.118644067796616,-0.4085804673833079,0.2372881355932277,-1.2732278045423173,5900.0,434152.0
5931.0,2.851030061,3.169216705351489E-7,5931.0,50.092733097285446,-0.4452469799072631,0.23592854735422839,-1.3004791238877593,5931.0,434152.0
