learning evaluation instances,evaluation time (cpu seconds),model cost (RAM-Hours),classified instances,classifications correct (percent),Kappa Statistic (percent),Kappa Temporal Statistic (percent),Kappa M Statistic (percent),model training instances,model serialized size (bytes)
100.0,0.524848723,1.0795170190679116E-7,100.0,56.00000000000001,3.0409872190392555,12.00000000000001,-4.76190476190474,100.0,795056.0
200.0,1.496076327,3.078720910744245E-7,200.0,52.5,4.291759016723754,1.0416666666666676,-2.1505376344086042,200.0,795680.0
300.0,2.040627061,4.19964039670647E-7,300.0,53.0,6.241688092916034,6.000000000000005,-2.173913043478263,300.0,795680.0
400.0,2.637142943,5.427501803442463E-7,400.0,53.75,7.56932300774419,11.483253588516746,0.5376344086021392,400.0,795664.0
500.0,3.232930686,6.653864417264776E-7,500.0,52.0,3.8476947484815955,5.138339920948621,-2.5641025641025665,500.0,795664.0
600.0,3.979583687,8.190797242467933E-7,600.0,50.5,1.0000000000000009,1.0000000000000009,-5.693950177935932,600.0,795680.0
700.0,4.70386875,9.681687236398375E-7,700.0,49.57142857142857,-0.684540787221909,1.6713091922005554,-9.28792569659443,700.0,795680.0
800.0,5.586906626,1.1499322208649665E-6,800.0,49.375,-1.133696249313287,-0.24752475247524225,-9.164420485175198,800.0,795664.0
900.0,6.581284845,1.354618001729879E-6,900.0,49.77777777777778,-0.357220391166196,-0.6681514476614631,-7.363420427553456,900.0,795680.0
1000.0,7.685681545,1.5819457438027362E-6,1000.0,49.5,-0.9152312057871445,-2.2267206477732815,-7.675906183368878,1000.0,795664.0
1100.0,8.784879519,1.8082033861159367E-6,1100.0,49.45454545454545,-0.9957560645342336,-3.7313432835820795,-9.019607843137253,1100.0,795664.0
1200.0,9.996307863,2.0575674126157247E-6,1200.0,49.666666666666664,-0.6507303010356699,-4.498269896193772,-7.857142857142859,1200.0,795680.0
1300.0,11.256165197,2.316894992164042E-6,1300.0,49.53846153846154,-0.9625060674583017,-4.625199362041467,-6.840390879478829,1300.0,795664.0
1400.0,12.529789132,2.5790562729732817E-6,1400.0,50.0,-0.01285879613093605,-3.857566765578635,-4.1666666666666705,1400.0,795664.0
1500.0,13.882061338,2.8574120204527306E-6,1500.0,50.8,1.5930021690431313,-2.2160664819944698,-1.7931034482758714,1500.0,795680.0
1600.0,15.676536812,3.2267922086149415E-6,1600.0,50.74999999999999,1.5024624384390235,-2.6041666666666807,-2.072538860103629,1600.0,795680.0
1700.0,17.392955276,3.5801049088348906E-6,1700.0,50.35294117647059,0.7106922156020102,-3.052503052503041,-3.052503052503041,1700.0,795680.0
1800.0,19.053101063,3.9218274015501225E-6,1800.0,50.16666666666667,0.33259505625967883,-3.103448275862072,-3.341013824884785,1800.0,795664.0
1900.0,20.683079617,4.257347052668457E-6,1900.0,50.1578947368421,0.31446401503399213,-3.159041394335517,-3.2715376226826707,1900.0,795680.0
2000.0,22.461085789,4.623315071914866E-6,2000.0,50.05,0.10359627053425334,-3.3092037228541904,-3.630705394190886,2000.0,795632.0
2100.0,24.233546153,4.988163604118534E-6,2100.0,50.28571428571429,0.5764786550524471,-1.8536585365853502,-3.9840637450199057,2100.0,795680.0
2200.0,26.211873646,5.3953802519628694E-6,2200.0,50.36363636363637,0.7265343295941927,-1.48698884758363,-3.1161473087818727,2200.0,795664.0
2300.0,28.155629557,5.795488770886316E-6,2300.0,50.30434782608696,0.6023823063241925,-1.1504424778760904,-3.345388788426753,2300.0,795680.0
2400.0,30.3080773,6.238546130027291E-6,2400.0,50.541666666666664,1.083882867317399,-0.16877637130802076,-2.327586206896571,2400.0,795664.0
2500.0,32.393238797,6.667753365951003E-6,2500.0,50.68,1.3593686999596892,0.0,-1.3980263157894566,2500.0,795664.0
2600.0,34.582661786,7.118430729537801E-6,2600.0,51.0,2.001391696212603,0.0,-0.9508716323296276,2600.0,795680.0
2700.0,37.175673205,7.652183940286326E-6,2700.0,50.96296296296296,1.925925925925931,0.675168792198065,-0.7610350076103397,2700.0,795680.0
2800.0,39.55209658,8.141334348494697E-6,2800.0,50.89285714285714,1.7859147226230154,0.6502890173410426,-0.9544787077826782,2800.0,795648.0
2900.0,42.001570622,8.645531258204708E-6,2900.0,50.793103448275865,1.586206896551734,-0.2106741573033554,-1.565836298932369,2900.0,795664.0
3000.0,44.689017443,9.198723333995049E-6,3000.0,50.83333333333333,1.6657925848229647,0.20297699594046026,-1.9350380096752071,3000.0,795680.0
3100.0,47.899590474,9.859597270408236E-6,3100.0,51.064516129032256,2.1290322580645116,1.1082138200782286,-1.3360053440213795,3100.0,795680.0
3200.0,51.165137261,1.053178716885572E-5,3200.0,51.0,2.0000000000000018,0.884955752212393,-1.8181818181818257,3200.0,795680.0
3300.0,54.544399533,1.12273846021817E-5,3300.0,51.030303030303024,2.0608938522861853,0.980392156862729,-2.1491782553729593,3300.0,795680.0
3400.0,58.290135978,1.1998402668825562E-5,3400.0,50.97058823529412,1.9426015262062117,1.0682492581602514,-2.33271945979127,3400.0,795664.0
3500.0,61.99115849,1.2760216871107925E-5,3500.0,50.885714285714286,1.7715568698032795,0.9792626728110672,-2.0178041543026626,3500.0,795664.0
3600.0,65.648501906,1.351302508016478E-5,3600.0,50.638888888888886,1.2786918639642173,0.6707657909446549,-2.657423454650491,3600.0,795648.0
3700.0,69.64188953,1.4335019379663873E-5,3700.0,50.62162162162163,1.2464172079202858,0.43596730245233395,-2.929577464788726,3700.0,795664.0
3800.0,73.618280876,1.5153515184915943E-5,3800.0,50.44736842105263,0.8974271612571123,-0.05313496280552844,-2.95243302351011,3800.0,795664.0
3900.0,77.651472429,1.5983702679220128E-5,3900.0,50.66666666666667,1.334890179247679,0.25920165889061597,-2.558635394456276,3900.0,795664.0
4000.0,81.833625887,1.6844569630940463E-5,4000.0,50.625,1.2507406194453543,0.2525252525252471,-2.2786121180735392,4000.0,795680.0
4100.0,85.884144528,1.7678323713040263E-5,4100.0,50.58536585365854,1.1730833293675358,0.49115913555992186,-2.530364372469638,4100.0,795664.0
4200.0,90.167453871,1.856001289408409E-5,4200.0,50.57142857142857,1.1439331272584734,0.5747126436781456,-2.3668639053254488,4200.0,795680.0
4300.0,94.827989215,1.9519332110269967E-5,4300.0,50.51162790697674,1.0249045067286076,0.5142589995324891,-2.3569023569023506,4300.0,795664.0
4400.0,99.474823255,2.0475831065854036E-5,4400.0,50.63636363636363,1.272829263606132,1.092896174863395,-1.923979352416698,4400.0,795664.0
4500.0,104.294427456,2.1467912781334068E-5,4500.0,50.71111111111111,1.4221638057266952,1.5534842432312352,-1.5567765567765761,4500.0,795680.0
4600.0,109.036181542,2.244396959675623E-5,4600.0,50.67391304347826,1.3467071460167765,1.2189812799303323,-1.840215439856388,4600.0,795680.0
4700.0,114.098398568,2.3485970506758362E-5,4700.0,50.51063829787235,1.0214737462723107,0.9791400595998433,-2.1071115013169432,4700.0,795664.0
4800.0,119.202842414,2.4536684465024986E-5,4800.0,50.5,1.000051562473136,0.7104053489343917,-2.281532501076184,4800.0,795680.0
4900.0,124.437976487,2.5614300089733793E-5,4900.0,50.57142857142857,1.1428571428571344,1.021659174499377,-2.4101479915433464,4900.0,795680.0
5000.0,129.620525639,2.6681048574001982E-5,5000.0,50.660000000000004,1.3195579116194676,1.2805122048819673,-2.322687681459973,5000.0,795648.0
5100.0,135.12823085,2.7814748257838E-5,5100.0,50.745098039215684,1.4892870983815347,1.6059537798668266,-2.155347702318012,5100.0,795664.0
5200.0,140.600396579,2.8941155186168535E-5,5200.0,50.71153846153847,1.423076923076927,1.9135093761959476,-2.1115537848605643,5200.0,795680.0
5300.0,145.862625544,3.0024348104326152E-5,5300.0,50.66037735849057,1.3207828207097827,1.765589782118716,-2.228303362001561,5300.0,795680.0
5400.0,150.654774221,3.101073862135671E-5,5400.0,50.64814814814815,1.296242137855793,1.8777614138438945,-2.3032629558541187,5400.0,795648.0
5500.0,155.643941451,3.203772369687975E-5,5500.0,50.709090909090904,1.418103604445815,1.9529837251356166,-2.186204297022258,5500.0,795680.0
5600.0,160.92878498,3.312554978931186E-5,5600.0,50.69642857142858,1.3926055933816157,1.918294849023097,-2.4870081662954577,5600.0,795664.0
5700.0,166.637454204,3.4300615673638326E-5,5700.0,50.70175438596492,1.403508771929829,1.8512050296891365,-2.592186929536321,5700.0,795664.0
5800.0,171.912746329,3.5386475716094965E-5,5800.0,50.706896551724135,1.4136524332733724,1.9547325102880555,-2.253218884120168,5800.0,795664.0
5900.0,177.527145712,3.654209072678052E-5,5900.0,50.610169491525426,1.2202481771887839,1.8855218855218892,-2.353354408148926,5900.0,795632.0
6000.0,183.342354716,3.773906256607814E-5,6000.0,50.56666666666667,1.1334981108364914,1.6252072968490967,-2.4171270718231908,6000.0,795648.0
6100.0,189.001738986,3.89040071177443E-5,6100.0,50.59016393442622,1.1802428854547768,1.5997388181521255,-2.6916524701874014,6100.0,795680.0
6200.0,196.160551416,4.0377598437728744E-5,6200.0,50.61290322580645,1.225590607430041,1.6698779704560007,-2.5452109845947892,6200.0,795680.0
6300.0,203.056073212,4.179696468565293E-5,6300.0,50.71428571428571,1.4284522188386484,1.7715912685858906,-2.2053982883476033,6300.0,795664.0
6400.0,209.639310243,4.3152023348567365E-5,6400.0,50.734375,1.4687499999999964,1.958955223880594,-2.4033777200389803,6400.0,795648.0
6500.0,216.565762876,4.4577785034332364E-5,6500.0,50.676923076923075,1.3530523085866215,1.6564417177914084,-2.657700928594297,6500.0,795680.0
6600.0,223.89371781,4.608619315223853E-5,6600.0,50.772727272727266,1.543194288206786,2.020506634499393,-2.5568181818181928,6600.0,795680.0
6700.0,231.312641217,4.761332649217221E-5,6700.0,50.865671641791046,1.729986023420225,2.1984551396316068,-2.1408625504188645,6700.0,795680.0
6800.0,238.600164858,4.9113412112037945E-5,6800.0,50.720588235294116,1.43906201447921,1.9315188762071993,-2.4770642201834963,6800.0,795680.0
6900.0,245.937041879,5.0623626410079724E-5,6900.0,50.73913043478261,1.4762908092596276,1.9896193771626314,-2.348690153568193,6900.0,795664.0
7000.0,253.769759464,5.223590395753384E-5,7000.0,50.7,1.4000000000000012,1.764873327640191,-2.251851851851861,7000.0,795664.0
7100.0,261.489814664,5.382502316463126E-5,7100.0,50.63380281690141,1.2670258885074872,1.4619061006466083,-2.485380116959061,7100.0,795680.0
7200.0,269.29724668,5.5432063643134166E-5,7200.0,50.625,1.248476056729256,1.414309484193011,-2.538217479088554,7200.0,795648.0
7300.0,277.090812521,5.703628224079086E-5,7300.0,50.6027397260274,1.204255860552968,1.3406292749658135,-2.5305658231447117,7300.0,795664.0
7400.0,285.032806089,5.867108590405392E-5,7400.0,50.62162162162163,1.2411656286122108,1.1898323418063919,-2.525252525252523,7400.0,795680.0
7500.0,293.556908649,6.042564205372738E-5,7500.0,50.57333333333334,1.1451904348438426,1.093916755603001,-2.5449515905947404,7500.0,795648.0
7600.0,301.80563344,6.212358418753995E-5,7600.0,50.63157894736842,1.2635134554916996,1.3669821240799112,-2.2900763358778744,7600.0,795680.0
7700.0,310.718506081,6.395823649730922E-5,7700.0,50.675324675324674,1.3511085696413412,1.3762659049597499,-2.1791767554479344,7700.0,795680.0
7800.0,319.492703679,6.576434352227581E-5,7800.0,50.69230769230769,1.3833899711179798,1.283367556468168,-2.3416711016498146,7800.0,795680.0
7900.0,329.129366361,6.774798293463198E-5,7900.0,50.63291139240506,1.2654241129126258,1.1907778059285552,-2.25485055060304,7900.0,795680.0
8000.0,337.820991842,6.953709306855362E-5,8000.0,50.712500000000006,1.424913746799537,1.2274549098196486,-2.12380212380212,8000.0,795680.0
8100.0,346.622487965,7.13488193033936E-5,8100.0,50.91358024691358,1.8272263313830295,1.6328550222662008,-1.9225839528326159,8100.0,795680.0
8200.0,356.078134225,7.329519775510272E-5,8200.0,51.01219512195122,2.02406385172967,1.9526482792287057,-1.9543147208121847,8200.0,795680.0
8300.0,365.773248556,7.52908288992418E-5,8300.0,51.0722891566265,2.143612391586958,1.955577015934327,-2.0095453403667345,8300.0,795664.0
8400.0,374.976301062,7.718521269862327E-5,8400.0,51.07142857142857,2.1417920195049747,2.0962363030014175,-2.1371769383697874,8400.0,795680.0
8500.0,384.619130949,7.917012158686604E-5,8500.0,51.05882352941177,2.1177825359411404,1.7941454202077423,-2.1360176773876645,8500.0,795680.0
8600.0,394.121148356,8.11260452138937E-5,8600.0,51.06976744186047,2.1381534915122407,1.8656716417910613,-2.160718621024503,8600.0,795680.0
8700.0,404.182258235,8.319705410427528E-5,8700.0,51.03448275862069,2.0646594158612235,1.8885306310456065,-2.256361017762834,8700.0,795680.0
8800.0,414.046422344,8.522748225960668E-5,8800.0,51.0,1.9923051809852863,1.7319963536918923,-2.422802850356296,8800.0,795664.0
8900.0,424.122877329,8.73016081238354E-5,8900.0,50.91011235955057,1.8104069994121448,1.4214801444043272,-2.5105584232754445,8900.0,795664.0
9000.0,434.120777754,8.935960579152241E-5,9000.0,50.888888888888886,1.7669503127455708,1.405308944902946,-2.5046382189239353,9000.0,795680.0
9100.0,443.860595203,9.136447888903971E-5,9100.0,50.86813186813187,1.7232661902103086,1.4547057527000258,-2.5223572575097366,9100.0,795680.0
9200.0,455.009764874,9.365945725491644E-5,9200.0,50.96739130434783,1.9195977600312906,1.8921270117442446,-2.313449761850749,9200.0,795680.0
9300.0,465.042404786,9.572460580230655E-5,9300.0,50.97849462365591,1.9404271679971132,1.8725785622040327,-2.3574315222272233,9300.0,795680.0
9400.0,477.065915756,9.819956119111952E-5,9400.0,50.96808510638298,1.9191736802556882,1.8108223263740997,-2.3312611012433337,9400.0,795680.0
9500.0,487.535568472,1.0035466575858885E-4,9500.0,51.0,1.9806676552272913,2.0000000000000018,-2.352682497801236,9500.0,795680.0
9600.0,499.591469675,1.0283628844964892E-4,9600.0,50.989583333333336,1.9587328921591958,1.9178653324994677,-2.304848880191359,9600.0,795680.0
9700.0,510.524070519,1.0508668764170779E-4,9700.0,50.98969072164948,1.956423678674554,1.878224974200204,-2.3686477174849183,9700.0,795680.0
9800.0,521.390265071,1.0732341756439547E-4,9800.0,50.969387755102034,1.9161030558917231,1.7784137367129889,-2.277564921243098,9800.0,795680.0
9900.0,532.353126683,1.0958004572326929E-4,9900.0,50.97979797979798,1.9352783900213482,1.8207566255310657,-2.1899347230995905,9900.0,795680.0
10000.0,543.579315569,1.1189083148669813E-4,10000.0,50.94,1.8544154090088119,1.6636600521146472,-2.229631173161084,10000.0,795664.0
