learning evaluation instances,evaluation time (cpu seconds),model cost (RAM-Hours),classified instances,classifications correct (percent),Kappa Statistic (percent),Kappa Temporal Statistic (percent),Kappa M Statistic (percent),model training instances,model serialized size (bytes)
100.0,0.418073993,8.599010932016289E-8,100.0,35.0,0.0,-35.41666666666667,-91.17647058823532,100.0,795056.0
200.0,1.214097362,2.498426408534414E-7,200.0,56.99999999999999,15.892420537897298,-14.66666666666668,-59.25925925925927,200.0,795664.0
300.0,1.560399571,3.2112652128245266E-7,300.0,59.333333333333336,8.408408408408432,-1.6666666666666496,-37.07865168539326,300.0,795680.0
400.0,1.918931214,3.9492626087318275E-7,400.0,62.25000000000001,7.213960919257735,0.0,-27.966101694915217,400.0,795664.0
500.0,2.226824932,4.5830274842639346E-7,500.0,64.4,6.6988153894538005,5.820105820105825,-23.61111111111109,500.0,795664.0
600.0,2.615497316,5.383050145600197E-7,600.0,64.83333333333333,5.536487091478862,9.4420600858369,-18.53932584269665,600.0,795648.0
700.0,3.037425497,6.251542243626548E-7,700.0,65.71428571428571,4.998869034155179,13.669064748201434,-15.94202898550725,700.0,795664.0
800.0,3.47998561,7.162502872355323E-7,800.0,66.375,4.550696354120448,15.141955835962131,-13.983050847457628,800.0,795664.0
900.0,3.915128779,8.058142514670682E-7,900.0,66.88888888888889,4.173217093039901,16.05633802816902,-12.45283018867927,900.0,795616.0
1000.0,4.402514262,9.061350993733398E-7,1000.0,66.9,3.560398578171469,17.04260651629074,-11.073825503355677,1000.0,795648.0
1100.0,5.00032344,1.029184976144313E-6,1100.0,67.63636363636364,3.57529794149516,18.535469107551485,-10.216718266253881,1100.0,795648.0
1200.0,5.6544089,1.1638157575126447E-6,1200.0,68.16666666666666,3.4947368421052705,19.578947368421055,-9.45558739255013,1200.0,795632.0
1300.0,6.194105725,1.2749040951526125E-6,1300.0,67.53846153846153,2.764976958525355,18.689788053949908,-8.4832904884319,1300.0,795648.0
1400.0,6.840832962,1.4080203293057036E-6,1400.0,67.28571428571428,2.3573125418773397,19.507908611599298,-7.764705882352942,1400.0,795632.0
1500.0,7.48825898,1.541285753614886E-6,1500.0,67.80000000000001,2.3953225198038575,19.900497512437827,-7.333333333333301,1500.0,795664.0
1600.0,8.199133444,1.6876083903590673E-6,1600.0,67.8125,2.2004889975550275,20.647149460708782,-6.846473029045644,1600.0,795648.0
1700.0,9.107921157,1.874672204312736E-6,1700.0,68.35294117647058,2.2737957857844435,21.688500727802033,-6.5346534653465325,1700.0,795664.0
1800.0,9.878297719,2.0332424379422805E-6,1800.0,68.61111111111111,2.224700521083715,22.283356258596967,-6.203007518796985,1800.0,795648.0
1900.0,10.71442159,2.2053457496311803E-6,1900.0,68.73684210526316,2.129799854313387,22.4543080939948,-5.8823529411764355,1900.0,795648.0
2000.0,11.56356973,2.380129907908692E-6,2000.0,68.95,2.0829062928683184,23.048327137546462,-5.612244897959169,2000.0,795648.0
2100.0,12.520944042,2.5771907685489E-6,2100.0,69.52380952380952,2.1862536752932997,23.900118906064193,-5.436573311367408,2100.0,795648.0
2200.0,13.434013552,2.765132163267388E-6,2200.0,69.27272727272728,1.9721577726218082,23.269012485811594,-5.132192846034219,2200.0,795648.0
2300.0,14.434061598,2.9709767594260513E-6,2300.0,69.30434782608695,1.880453435815584,23.26086956521739,-4.9034175334323855,2300.0,795648.0
2400.0,15.412223555,3.172324536514576E-6,2400.0,69.29166666666666,1.7824421122771716,23.309053069719027,-4.687500000000014,2400.0,795680.0
2500.0,16.392512561,3.3741101517186025E-6,2500.0,69.36,1.720280007390228,23.705179282868517,-4.502046384720323,2500.0,795680.0
2600.0,17.325857882,3.5662250120458464E-6,2600.0,69.3076923076923,1.6253532345856758,24.43181818181818,-4.313725490196109,2600.0,795648.0
2700.0,18.371887474,3.781534206235554E-6,2700.0,69.4074074074074,1.585088168322963,25.38392050587173,-4.161412358133678,2700.0,795648.0
2800.0,19.506263568,4.015037567590736E-6,2800.0,69.53571428571429,1.5571804235464766,25.2410166520596,-4.024390243902441,2800.0,795680.0
2900.0,20.715624598,4.263966040403707E-6,2900.0,69.6551724137931,1.5295334228519124,25.863521482729556,-3.8961038961039156,2900.0,795648.0
3000.0,21.844774213,4.496388893931235E-6,3000.0,69.73333333333333,1.4927963895157323,26.477732793522268,-3.771428571428576,3000.0,795664.0
3100.0,23.265720604,4.788874859049209E-6,3100.0,69.54838709677419,1.386998072490528,26.07674236491777,-3.622392974753049,3100.0,795664.0
3200.0,24.592054479,5.061891383048474E-6,3200.0,69.46875,1.3162463306082737,26.040878122634375,-3.4957627118643884,3200.0,795680.0
3300.0,25.924480857,5.3361564908571586E-6,3300.0,69.27272727272728,1.2209377841278448,25.76866764275257,-3.3639143730886882,3300.0,795664.0
3400.0,27.357201207,5.631071924439077E-6,3400.0,69.58823529411765,1.2571762406048936,25.771715721464467,-3.2967032967032774,3400.0,795680.0
3500.0,28.797041465,5.927446981333705E-6,3500.0,69.37142857142857,1.1643222169537912,25.658807212205282,-3.1761308950914424,3500.0,795664.0
3600.0,30.23024539,6.222461955437118E-6,3600.0,69.19444444444444,1.0866495220823134,25.067567567567572,-3.066914498141261,3600.0,795680.0
3700.0,31.629201326,6.510415640104069E-6,3700.0,69.32432432432432,1.0821022084872,24.983476536682105,-2.994555353902004,3700.0,795648.0
3800.0,33.10921505,6.81505383078362E-6,3800.0,69.47368421052632,1.0825269734125789,25.401929260450174,-2.9281277728482524,3800.0,795648.0
3900.0,34.663290461,7.134942919725643E-6,3900.0,69.53846153846153,1.0651109953278808,25.610519724483403,-2.8571428571428776,3900.0,795664.0
4000.0,36.188010491,7.448783219784962E-6,4000.0,69.27499999999999,0.9801275414630594,25.288753799392094,-2.7591973244147083,4000.0,795648.0
4100.0,37.810667383,7.78279575814171E-6,4100.0,69.29268292682926,0.9566825793973774,25.281899109792278,-2.691680261011421,4100.0,795680.0
4200.0,39.498420898,8.13020099372461E-6,4200.0,69.30952380952381,0.9343331759642692,25.014543339150663,-2.6273885350318604,4200.0,795664.0
4300.0,41.144857472,8.469101597858605E-6,4300.0,69.23255813953489,0.895078288863964,24.957458876914355,-2.5581395348837073,4300.0,795664.0
4400.0,42.970685669,8.844935524112495E-6,4400.0,69.31818181818183,0.8883341898539119,25.373134328358223,-2.5056947608200293,4400.0,795680.0
4500.0,44.777367171,9.216828237513796E-6,4500.0,69.28888888888889,0.8608321377331902,25.458468176914785,-2.4462564862861274,4500.0,795680.0
4600.0,46.595276873,9.591002098269243E-6,4600.0,69.45652173913044,0.8702801031942944,25.857519788918214,-2.4052478134110764,4600.0,795616.0
4700.0,48.404791461,9.963463002622703E-6,4700.0,69.57446808510637,0.8707913227650653,26.021727884117947,-2.362204724409454,4700.0,795648.0
4800.0,50.205147974,1.0334053761407853E-5,4800.0,69.5625,0.8486006995795744,26.17483577564427,-2.3109243697478874,4800.0,795680.0
4900.0,52.141867719,1.0732705918426043E-5,4900.0,69.75510204081633,0.8627986348123259,26.195219123505993,-2.277432712215311,4900.0,795664.0
5000.0,54.036947167,1.1122786884769491E-5,5000.0,69.76,0.8446566287183689,26.637554585152838,-2.23123732251523,5000.0,795664.0
5100.0,56.028709019,1.153276884556493E-5,5100.0,69.52941176470588,0.7881467535264315,26.455276857548508,-2.1696252465483234,5100.0,795664.0
5200.0,58.116460954,1.1962500652610073E-5,5200.0,69.42307692307692,0.7543056882619278,26.354793886058346,-2.119460500963406,5200.0,795648.0
5300.0,60.149512234,1.2380981581610252E-5,5300.0,69.15094339622641,0.6960615339481762,26.151761517615178,-2.059925093632962,5300.0,795664.0
5400.0,62.239799604,1.2811243921316185E-5,5400.0,68.9074074074074,0.6450085803894112,25.937362152624623,-2.004860267314725,5400.0,795664.0
5500.0,64.326207667,1.3240699112862465E-5,5500.0,68.78181818181818,0.6135679555452457,25.670995670995666,-1.9596199524940632,5500.0,795648.0
5600.0,66.404876331,1.3668569871535252E-5,5600.0,68.53571428571429,0.5663381502307625,25.053168864313065,-1.908617698091383,5600.0,795664.0
5700.0,68.558004772,1.411176734476691E-5,5700.0,68.45614035087719,0.5442187433282637,25.114535610162434,-1.8696883852691348,5700.0,795664.0
5800.0,70.75491565,1.4563976944298526E-5,5800.0,68.32758620689656,0.5163446904266236,25.020408163265305,-1.829268292682936,5800.0,795664.0
5900.0,72.974336318,1.5020819933023748E-5,5900.0,68.10169491525424,0.4768306892533913,24.75009996001601,-1.7847485127095621,5900.0,795664.0
6000.0,75.254478394,1.5490161746289213E-5,6000.0,67.91666666666667,0.44425136662889525,24.539396315170535,-1.7441860465116115,6000.0,795664.0
6100.0,77.435537047,1.5939099314259966E-5,6100.0,67.83606557377048,0.42597800222969484,24.451289949942225,-1.710730948678071,6100.0,795648.0
6200.0,79.925182225,1.645156500424013E-5,6200.0,67.7258064516129,0.4047646953989317,24.54751131221719,-1.6768292682926969,6200.0,795664.0
6300.0,82.26003078,1.6932167536002696E-5,6300.0,67.33333333333333,0.6021491659271482,23.692992213570633,-2.032721864154671,6300.0,795664.0
6400.0,84.612550076,1.7416407392697767E-5,6400.0,66.984375,1.7395254560837434,23.303085299455518,-2.4733268671193267,6400.0,795664.0
6500.0,87.058164363,1.791979969197873E-5,6500.0,66.56923076923077,2.341967461749859,22.309617447264923,-3.3777354900095156,6500.0,795648.0
6600.0,89.465322238,1.8415296254448686E-5,6600.0,66.28787878787878,3.5246704859991573,22.22998951415588,-3.4883720930232522,6600.0,795680.0
6700.0,91.917739551,1.8920099003664318E-5,6700.0,65.82089552238806,3.6079513042674005,21.27878996218632,-4.805491990846707,6700.0,795664.0
6800.0,94.468572958,1.9445159608080578E-5,6800.0,65.47058823529412,4.189857508936296,20.702465383316433,-5.433318365514152,6800.0,795664.0
6900.0,96.970573612,1.9960158178670596E-5,6900.0,65.10144927536233,4.580231582110227,19.89354624085163,-6.219673577415063,6900.0,795648.0
7000.0,99.599471161,2.05012874159773E-5,7000.0,64.8,5.200016532835738,19.39810271508015,-6.620510601471205,7000.0,795664.0
7100.0,102.259002865,2.1048722352392354E-5,7100.0,64.35211267605634,5.067577562051764,18.433773767321956,-7.977815699658707,7100.0,795664.0
7200.0,104.867381052,2.158563870453653E-5,7200.0,64.15277777777779,5.978590285992401,18.141452584839833,-7.811194653299902,7200.0,795680.0
7300.0,107.526580967,2.2133005345886765E-5,7300.0,63.89041095890411,6.521734906234139,17.753510140405616,-8.07708077080771,7300.0,795664.0
7400.0,110.269607009,2.2697626660469565E-5,7400.0,63.62162162162163,6.963762906858416,17.321867321867323,-8.417237213048729,7400.0,795664.0
7500.0,112.998489535,2.3259347985464644E-5,7500.0,63.25333333333333,6.938674071952976,16.459533191876307,-9.40849543469633,7500.0,795680.0
7600.0,115.870525847,2.3850536513090774E-5,7600.0,63.013157894736835,7.3790342509760976,16.26452189454869,-9.633385335413443,7600.0,795680.0
7700.0,118.66717838,2.4426196242687237E-5,7700.0,62.75324675324675,7.684451345430257,15.992970123022848,-10.011507479861937,7700.0,795664.0
7800.0,121.54510385,2.5018585099833465E-5,7800.0,62.5,7.965095555748819,15.486853510546075,-10.377358490566033,7800.0,795664.0
7900.0,124.662836987,2.5660348595334224E-5,7900.0,62.139240506329116,7.803618417972243,14.931740614334476,-11.438152011922494,7900.0,795680.0
8000.0,127.834680137,2.6313250257431847E-5,8000.0,61.9,8.055075251249757,14.526079641054398,-11.77117711771176,8000.0,795680.0
8100.0,131.304026994,2.702737661028076E-5,8100.0,61.71604938271605,8.461067500492007,14.265966270389827,-11.788031723143447,8100.0,795664.0
8200.0,134.45676928,2.7676333443648693E-5,8200.0,61.52439024390244,8.79531696333072,14.032697547683911,-11.879432624113488,8200.0,795664.0
8300.0,137.821897941,2.8369007643317876E-5,8300.0,61.40963855421687,9.349419288524803,13.805166846071057,-11.525069637882982,8300.0,795664.0
8400.0,141.139862505,2.9051959905938803E-5,8400.0,61.1547619047619,9.392284479903143,13.333333333333316,-12.053571428571438,8400.0,795648.0
8500.0,144.58641368,2.9761408287918857E-5,8500.0,61.035294117647055,9.849880453102337,13.343799058084759,-11.77860276746542,8500.0,795680.0
8600.0,148.086089356,3.048177748986629E-5,8600.0,60.86046511627907,10.091351033709069,12.955779674166035,-11.864406779661007,8600.0,795664.0
8700.0,151.539222377,3.1192580698674105E-5,8700.0,60.54022988505747,9.84699244271182,12.132070642436647,-12.853385930309013,8700.0,795680.0
8800.0,155.013143193,3.1907648549964477E-5,8800.0,60.31818181818181,9.893045494018892,11.706700379266751,-13.266299059357777,8800.0,795664.0
8900.0,158.544208097,3.263447887437511E-5,8900.0,60.1123595505618,9.9673072613625,11.427145708582836,-13.599999999999984,8900.0,795664.0
9000.0,162.054710974,3.335707673488002E-5,9000.0,60.044444444444444,10.431998724727013,11.275598322230453,-13.117332494495127,9000.0,795664.0
9100.0,166.091522747,3.418797599265571E-5,9100.0,59.86813186813187,10.546073461115329,10.90509880458649,-13.31058020477816,9100.0,795632.0
9200.0,170.120572877,3.5017294344139056E-5,9200.0,59.71739130434782,10.713668440773077,10.569498069498055,-13.368002447231564,9200.0,795648.0
9300.0,174.081066052,3.583250129490292E-5,9300.0,59.526881720430104,10.747231484433458,10.167064439140805,-13.68166717003926,9300.0,795648.0
9400.0,178.057490343,3.665102034077669E-5,9400.0,59.308510638297875,10.590705611039366,9.830268741159825,-14.179104477611922,9400.0,795680.0
9500.0,181.993703468,3.746126220020879E-5,9500.0,59.231578947368426,10.756082877615757,9.783368273934313,-14.113140836770766,9500.0,795680.0
9600.0,185.996146944,3.828513711279146E-5,9600.0,58.97916666666667,10.461199853269774,9.241760774371995,-15.045281916447545,9600.0,795680.0
9700.0,190.056455458,3.912092313752592E-5,9700.0,58.74226804123711,10.181490335614987,8.567511994516787,-15.798611111111125,9700.0,795680.0
9800.0,194.159414812,3.9965488538480755E-5,9800.0,58.61224489795919,10.264169941088628,8.401084010840112,-15.753424657534252,9800.0,795680.0
9900.0,198.190269647,4.0795211730009236E-5,9900.0,58.42424242424242,10.113876403602111,7.898858805101802,-16.304040689460294,9900.0,795680.0
10000.0,202.364591173,4.1654466533468004E-5,10000.0,58.330000000000005,10.23651031605883,7.789333923434391,-16.16950097574573,10000.0,795680.0
