learning evaluation instances,evaluation time (cpu seconds),model cost (RAM-Hours),classified instances,classifications correct (percent),Kappa Statistic (percent),Kappa Temporal Statistic (percent),Kappa M Statistic (percent),model training instances,model serialized size (bytes)
100.0,0.512036999,1.0531656658197855E-7,100.0,35.0,0.0,-35.41666666666667,-91.17647058823532,100.0,795056.0
200.0,1.512372985,3.250997292258218E-7,200.0,27.500000000000004,0.0,-93.33333333333333,-168.51851851851848,200.0,849280.0
300.0,1.970195099,4.256875252777876E-7,300.0,30.0,0.0,-74.99999999999999,-135.9550561797753,300.0,849280.0
400.0,2.33684321,5.06243540997261E-7,400.0,29.75,0.0,-86.0927152317881,-138.13559322033896,400.0,849280.0
500.0,2.747892377,5.965548835758907E-7,500.0,28.999999999999996,0.0,-87.83068783068784,-146.52777777777774,500.0,849280.0
600.0,3.247916627,7.064148832176667E-7,600.0,29.833333333333336,0.0,-80.68669527896996,-136.5168539325843,600.0,849280.0
700.0,3.74214905,8.150023643523E-7,700.0,29.714285714285715,0.0,-76.97841726618705,-137.68115942028987,700.0,849280.0
800.0,4.239447531,9.242634870768795E-7,800.0,29.625,0.0,-77.602523659306,-138.55932203389827,800.0,849280.0
900.0,4.774237034,1.041761737627739E-6,900.0,29.555555555555557,0.0,-78.59154929577463,-139.24528301886795,900.0,849280.0
1000.0,5.322911598,1.1623106658137053E-6,1000.0,29.9,0.0,-75.6892230576441,-135.23489932885903,1000.0,849280.0
1100.0,5.994327503,1.309827013436411E-6,1100.0,29.454545454545457,0.0,-77.57437070938217,-140.2476780185759,1100.0,849280.0
1200.0,6.659222234,1.4559105982015075E-6,1200.0,29.166666666666668,0.0,-78.94736842105262,-143.5530085959885,1200.0,849280.0
1300.0,7.240591056,1.5836427603449631E-6,1300.0,30.0,0.0,-75.33718689788053,-133.93316195372756,1300.0,849280.0
1400.0,7.893293293,1.7270475402591502E-6,1400.0,30.428571428571427,0.0,-71.1775043936731,-129.17647058823528,1400.0,849280.0
1500.0,8.617517076,1.8861662720825481E-6,1500.0,30.06666666666667,0.0,-73.96351575456052,-133.11111111111106,1500.0,849280.0
1600.0,9.395061703,2.0570000915296747E-6,1600.0,30.1875,0.0,-72.11093990755008,-131.7427385892116,1600.0,849280.0
1700.0,10.365843831,2.2702899954379803E-6,1700.0,29.764705882352942,0.0,-73.79912663755455,-136.43564356435638,1700.0,849280.0
1800.0,11.177935405,2.4487141019262743E-6,1800.0,29.61111111111111,0.0,-74.27785419532327,-138.1578947368421,1800.0,849280.0
1900.0,12.015963758,2.632836761098061E-6,1900.0,29.63157894736842,0.0,-74.54308093994776,-137.90035587188615,1900.0,849280.0
2000.0,12.885332249,2.8238451414112787E-6,2000.0,29.5,0.0,-74.5049504950495,-139.38879456706283,2000.0,849280.0
2100.0,13.742843978,3.0122484803308585E-6,2100.0,29.04761904761905,0.0,-76.74970344009488,-144.66338259441704,2100.0,849280.0
2200.0,14.723666831,3.2277444253359775E-6,2200.0,29.363636363636363,0.0,-76.1904761904762,-140.9302325581395,2200.0,849280.0
2300.0,15.665925529,3.4347674651680265E-6,2300.0,29.347826086956523,0.0,-76.63043478260867,-141.09792284866472,2300.0,849280.0
2400.0,16.711798591,3.664555548879293E-6,2400.0,29.375,0.0,-76.37877211238295,-140.76704545454547,2400.0,849280.0
2500.0,17.717486958,3.885514679638168E-6,2500.0,29.32,0.0,-75.82089552238804,-141.39344262295086,2500.0,849280.0
2600.0,18.712282085,4.104080463789358E-6,2600.0,29.423076923076923,0.0,-73.60454115421004,-140.18324607329842,2600.0,849280.0
2700.0,19.802818503,4.343681504120549E-6,2700.0,29.444444444444446,0.0,-71.77637511271415,-139.92443324937028,2700.0,849280.0
2800.0,20.895330204,4.583716532582661E-6,2800.0,29.428571428571427,0.0,-72.27550130775936,-140.09720534629406,2800.0,849280.0
2900.0,22.075826333,4.843082561948353E-6,2900.0,29.310344827586203,0.0,-72.12426532325776,-141.4605418138987,2900.0,849280.0
3000.0,23.285911734,5.108949630836269E-6,3000.0,29.233333333333334,0.0,-71.34786117836964,-142.35159817351595,3000.0,849280.0
3100.0,24.759890484,5.432796534155429E-6,3100.0,29.419354838709676,0.0,-70.40498442367603,-140.17563117453352,3100.0,849280.0
3200.0,26.200567375,5.7493267079003526E-6,3200.0,29.593750000000004,0.0,-69.90950226244341,-138.16067653276954,3200.0,849280.0
3300.0,27.72270096,6.083753678397954E-6,3300.0,29.666666666666668,0.0,-70.16129032258064,-137.321063394683,3300.0,849280.0
3400.0,29.19424789,6.407066288141695E-6,3400.0,29.64705882352941,0.0,-70.85714285714288,-137.53723932472695,3400.0,849280.0
3500.0,30.642382719,6.72523504054757E-6,3500.0,29.714285714285715,0.0,-70.47817047817048,-136.76612127045237,3500.0,849280.0
3600.0,32.181230399,7.0633342538828195E-6,3600.0,29.86111111111111,0.0,-69.91924629878868,-135.1024208566108,3600.0,849280.0
3700.0,33.691412609,7.3951353956266785E-6,3700.0,30.08108108108108,0.0,-69.19555264879006,-132.6438848920863,3700.0,849280.0
3800.0,35.325551378,7.75417095155612E-6,3800.0,29.947368421052634,0.0,-70.42253521126761,-134.1248900615655,3800.0,849280.0
3900.0,36.9895807,8.11977374125847E-6,3900.0,29.97435897435897,0.0,-69.73275326289621,-133.81849315068493,3900.0,849280.0
4000.0,38.768020552,8.510513593382924E-6,4000.0,30.0,0.0,-69.38898971566849,-133.52793994995832,4000.0,849280.0
4100.0,40.619738379,8.917353301278872E-6,4100.0,30.21951219512195,0.0,-68.19517930629041,-131.0985460420032,4100.0,849280.0
4200.0,42.41665978,9.312153722398768E-6,4200.0,30.214285714285715,0.0,-68.06192660550461,-131.15141955835963,4200.0,849280.0
4300.0,44.312392139,9.728663834219632E-6,4300.0,30.162790697674417,0.0,-69.18309859154932,-131.71296296296296,4300.0,849280.0
4400.0,46.261421607,1.0156883818862959E-5,4400.0,30.25,0.0,-68.53377265238882,-130.75187969924815,4400.0,849280.0
4500.0,48.351234375,1.061603520990821E-5,4500.0,30.288888888888888,0.0,-67.93361884368309,-130.32305433186494,4500.0,849280.0
4600.0,50.560591916,1.1101451704533851E-5,4600.0,30.26086956521739,0.0,-67.51958224543083,-130.6254493170381,4600.0,849280.0
4700.0,52.881177713,1.16113060862506E-5,4700.0,30.404255319148938,0.0,-66.71763506625891,-129.06162464985997,4700.0,849280.0
4800.0,55.104897503,1.2099878101173497E-5,4800.0,30.541666666666668,0.0,-65.70576540755467,-127.57679180887374,4800.0,849280.0
4900.0,57.374274697,1.2598481474349688E-5,4900.0,30.551020408163264,0.0,-65.19417475728153,-127.47326203208556,4900.0,849280.0
5000.0,59.560882885,1.3078899723565371E-5,5000.0,30.56,0.0,-65.64885496183206,-127.37393582187295,5000.0,849280.0
5100.0,61.928643179,1.3599118783042289E-5,5100.0,30.686274509803923,0.0,-65.03267973856207,-126.02301790281332,5100.0,849280.0
5200.0,64.335101233,1.41278401019591E-5,5200.0,30.76923076923077,0.0,-64.15868673050615,-125.14071294559099,5200.0,849280.0
5300.0,66.764419469,1.4661584016452688E-5,5300.0,30.943396226415093,0.0,-62.88384512683578,-123.30689444783407,5300.0,849280.0
5400.0,69.325872202,1.5224359114520044E-5,5400.0,31.037037037037035,0.0,-62.691131498470966,-122.3283582089552,5400.0,849280.0
5500.0,71.73829561,1.5754391077447226E-5,5500.0,31.09090909090909,0.0,-62.45177882554649,-121.76711527208892,5500.0,849280.0
5600.0,74.291890288,1.6315439687410286E-5,5600.0,30.982142857142858,0.0,-62.942664418212466,-122.89504036908883,5600.0,849280.0
5700.0,77.124264238,1.693773870817253E-5,5700.0,31.17543859649123,0.0,-61.83993399339936,-120.88963963963964,5700.0,849280.0
5800.0,79.832664641,1.7532799582326867E-5,5800.0,31.344827586206897,0.0,-60.62928600242032,-119.15244909190974,5800.0,849280.0
5900.0,82.593192643,1.813931337702949E-5,5900.0,31.52542372881356,0.0,-59.36883629191318,-117.32114039806349,5900.0,849280.0
6000.0,85.423389557,1.876113408264166E-5,6000.0,31.55,0.0,-59.124370399070116,-117.07188160676532,6000.0,849280.0
6100.0,88.335902282,1.9401040341038462E-5,6100.0,31.655737704918035,0.0,-58.276385725132855,-116.01036269430054,6100.0,849280.0
6200.0,91.331929898,2.005929560129936E-5,6200.0,31.85483870967742,0.0,-57.649253731343286,-114.03242147923001,6200.0,849280.0
6300.0,94.161130772,2.0680897467617148E-5,6300.0,32.12698412698413,0.0,-56.57268399853535,-111.36925358378645,6300.0,849280.0
6400.0,97.098557672,2.1326277603044066E-5,6400.0,32.265625,0.0,-55.543595263724455,-110.02906976744187,6400.0,849280.0
6500.0,100.113248634,2.1988633374799907E-5,6500.0,32.38461538461539,0.0,-55.24549629106323,-108.88783269961975,6500.0,849280.0
6600.0,103.307000557,2.2690330512722122E-5,6600.0,32.68181818181819,0.0,-53.31262939958592,-106.07606679035251,6600.0,849280.0
6700.0,106.385904781,2.3366794538108296E-5,6700.0,32.626865671641795,0.0,-53.5896563456958,-106.59038901601834,6700.0,849280.0
6800.0,109.566207731,2.406553681100354E-5,6800.0,32.76470588235294,0.0,-52.756431673905766,-105.29860799281545,6800.0,849280.0
6900.0,112.763055462,2.4767914126868668E-5,6900.0,32.91304347826087,0.0,-52.21966458401841,-103.92070484581501,6900.0,849280.0
7000.0,116.050761465,2.5490253854015592E-5,7000.0,33.04285714285714,0.0,-51.682847896440144,-102.7249134948097,7000.0,849280.0
7100.0,119.289666944,2.6201871650077856E-5,7100.0,33.056338028169016,0.0,-51.65922144224635,-102.60017050298377,7100.0,849280.0
7200.0,122.883399745,2.6991448324070166E-5,7200.0,33.30555555555556,0.0,-50.816582914572884,-100.33375052148521,7200.0,849280.0
7300.0,126.188148718,2.771753255096504E-5,7300.0,33.41095890410959,0.0,-50.16991041087429,-99.3847415914684,7300.0,849280.0
7400.0,129.67821611,2.8484332966014698E-5,7400.0,33.56756756756757,0.0,-49.46792338096687,-97.98630688683046,7400.0,849280.0
7500.0,133.21482083,2.9261358066841917E-5,7500.0,33.61333333333334,0.0,-49.384938493849376,-97.5793650793651,7500.0,849280.0
7600.0,136.622536691,3.0010065081089195E-5,7600.0,33.776315789473685,0.0,-48.466076696165196,-96.14185502727983,7600.0,849280.0
7700.0,140.199211414,3.0795893935964795E-5,7700.0,33.909090909090914,0.0,-47.76422764227642,-94.98084291187742,7700.0,849280.0
7800.0,144.144198065,3.166264436270044E-5,7800.0,33.96153846153846,0.0,-47.550845030077326,-94.52416918429006,7800.0,849280.0
7900.0,148.005350369,3.251097560010399E-5,7900.0,33.974683544303794,0.0,-47.012401352874875,-94.40924338427136,7900.0,849280.0
8000.0,151.748434513,3.3333366159599813E-5,8000.0,34.112500000000004,0.0,-46.53878231859881,-93.2184750733138,8000.0,849280.0
8100.0,155.481847961,3.415363197682744E-5,8100.0,34.27160493827161,0.0,-45.942982456140335,-91.85585585585588,8100.0,849280.0
8200.0,159.671001202,3.507402808472742E-5,8200.0,34.40243902439024,0.0,-45.29983792544572,-90.74468085106385,8200.0,849280.0
8300.0,163.912083476,3.6005833486370205E-5,8300.0,34.6144578313253,0.0,-44.79722518676626,-88.96239554317546,8300.0,849280.0
8400.0,168.039573051,3.6912681510702894E-5,8400.0,34.67857142857143,0.0,-44.584980237154156,-88.42719780219778,8400.0,849280.0
8500.0,172.311010965,3.785115633007797E-5,8500.0,34.88235294117647,0.0,-43.69158878504673,-86.7408906882591,8500.0,849280.0
8600.0,176.527799055,3.8777624072506154E-5,8600.0,35.0,0.0,-43.443674621503725,-85.77600531738119,8600.0,849280.0
8700.0,180.883593998,3.9734632919332344E-5,8700.0,34.98850574712644,0.0,-43.626206196038595,-85.86920801840289,8700.0,849280.0
8800.0,185.365000107,4.071923971296164E-5,8800.0,35.04545454545455,0.0,-43.437892095357576,-85.4038274408044,8800.0,849280.0
8900.0,189.491660288,4.162590551168318E-5,8900.0,35.13483146067416,0.0,-42.96681525507676,-84.6769033909149,8900.0,849280.0
9000.0,193.597908069,4.252808651540391E-5,9000.0,35.333333333333336,0.0,-42.542248346803824,-83.07643913180246,9000.0,849280.0
9100.0,197.793805853,4.344996446241782E-5,9100.0,35.43956043956044,0.0,-42.25181598062952,-82.22704714640197,9100.0,849280.0
9200.0,202.173383426,4.4412198575265166E-5,9200.0,35.55434782608696,0.0,-42.04599904168663,-81.31498470948011,9200.0,849280.0
9300.0,206.391929592,4.5339052583416924E-5,9300.0,35.623655913978496,0.0,-41.872037914691944,-80.76690821256041,9300.0,849280.0
9400.0,210.676393647,4.6280389367677895E-5,9400.0,35.648936170212764,0.0,-41.56330446992746,-80.56716417910447,9400.0,849280.0
9500.0,214.961743531,4.722419123691413E-5,9500.0,35.73684210526316,0.0,-41.221374045801525,-79.87625220978197,9500.0,851328.0
9600.0,219.421793472,4.820646890038315E-5,9600.0,35.67708333333333,0.0,-41.30434782608696,-80.3446261682243,9600.0,851328.0
9700.0,223.847592132,4.918120309041205E-5,9700.0,35.649484536082475,0.0,-41.60617059891106,-80.56118021405842,9700.0,851328.0
9800.0,228.383153754,5.018011138325932E-5,9800.0,35.775510204081634,0.0,-41.18438761776581,-79.57203994293864,9800.0,851328.0
9900.0,233.060758028,5.121030303081455E-5,9900.0,35.75757575757576,0.0,-41.364747721715936,-79.71178298954504,9900.0,851328.0
10000.0,238.125932459,5.2325852805136165E-5,10000.0,35.88,0.0,-40.95405583644758,-78.75662113186506,10000.0,851328.0
