learning evaluation instances,evaluation time (cpu seconds),model cost (RAM-Hours),classified instances,classifications correct (percent),Kappa Statistic (percent),Kappa Temporal Statistic (percent),Kappa M Statistic (percent),model training instances,model serialized size (bytes)
100.0,0.572465483,1.1774559118579245E-7,100.0,33.0,0.0,-42.55319148936171,-179.16666666666669,100.0,795056.0
200.0,1.459839263,3.127099017225744E-7,200.0,41.5,0.0,-17.000000000000004,-58.10810810810811,200.0,849280.0
300.0,1.980140556,4.270249571675766E-7,300.0,38.666666666666664,0.0,-26.027397260273965,-71.96261682242991,300.0,849280.0
400.0,2.439395495,5.279275582594715E-7,400.0,38.0,0.0,-31.914893617021285,-73.4265734265734,400.0,849280.0
500.0,2.89161994,6.272854941309865E-7,500.0,37.4,0.0,-28.80658436213992,-75.84269662921349,500.0,849280.0
600.0,3.347512473,7.27449343208443E-7,600.0,36.333333333333336,0.0,-32.63888888888889,-82.77511961722486,600.0,849280.0
700.0,3.785907626,8.237688544152223E-7,700.0,35.85714285714286,0.0,-34.029850746268664,-85.5371900826446,700.0,849280.0
800.0,4.209298216,9.167917229375617E-7,800.0,36.875,0.0,-32.89473684210527,-76.57342657342654,800.0,849280.0
900.0,4.589414199,1.0003067559708863E-6,900.0,36.333333333333336,0.0,-36.10451306413302,-80.18867924528298,900.0,849280.0
1000.0,4.974375387,1.0848863258133043E-6,1000.0,37.3,0.0,-32.27848101265823,-72.25274725274727,1000.0,849280.0
1100.0,5.480894304,1.1961732644771248E-6,1100.0,37.27272727272727,0.0,-31.931166347992345,-72.06982543640899,1100.0,849280.0
1200.0,6.008276417,1.3120440422349218E-6,1200.0,36.833333333333336,0.0,-33.21616871704746,-75.05773672055427,1200.0,849280.0
1300.0,6.618161855,1.4460415713551685E-6,1300.0,37.38461538461538,0.0,-31.502423263327955,-70.64989517819707,1300.0,849280.0
1400.0,7.185873029,1.5707730206244234E-6,1400.0,37.142857142857146,0.0,-32.330827067669176,-72.21135029354208,1400.0,849280.0
1500.0,7.626754666,1.6676388355981684E-6,1500.0,37.13333333333333,0.0,-31.88811188811188,-72.08029197080293,1500.0,849280.0
1600.0,8.113774082,1.7746415517010335E-6,1600.0,37.625,0.0,-30.287206266318538,-68.29679595278247,1600.0,849280.0
1700.0,8.618904348,1.8856233907654594E-6,1700.0,37.29411764705882,0.0,-32.09417596034696,-70.55999999999999,1700.0,849280.0
1800.0,9.117232876,1.99511082444006E-6,1800.0,37.44444444444445,0.0,-30.02309468822169,-69.32330827067668,1800.0,849280.0
1900.0,9.692376223,2.1214751915590344E-6,1900.0,37.57894736842105,0.0,-28.913043478260885,-68.22695035460991,1900.0,849280.0
2000.0,10.264266714,2.247124875822138E-6,2000.0,37.5,0.0,-30.072840790842864,-68.69095816464235,2000.0,849280.0
2100.0,10.837121791,2.3729864886419354E-6,2100.0,37.523809523809526,0.0,-30.158730158730158,-68.42105263157896,2100.0,849280.0
2200.0,11.473360234,2.5127740191868324E-6,2200.0,38.31818181818182,0.0,-27.179006560449864,-62.70983213429254,2200.0,849280.0
2300.0,12.147404322,2.6608678031707517E-6,2300.0,38.173913043478265,0.0,-27.877697841726608,-63.636363636363626,2300.0,849280.0
2400.0,12.927218853,2.8322003417352547E-6,2400.0,38.416666666666664,0.0,-27.744165946413148,-61.883899233296844,2400.0,849280.0
2500.0,13.587456157,2.977260646272339E-6,2500.0,38.76,0.0,-26.11202635914332,-59.47916666666666,2500.0,849280.0
2600.0,14.301869303,3.1342238894823236E-6,2600.0,38.80769230769231,0.0,-27.076677316293914,-59.10000000000001,2600.0,849280.0
2700.0,15.126274023,3.3153533091932247E-6,2700.0,38.88888888888889,0.0,-26.436781609195414,-58.501440922190206,2700.0,849280.0
2800.0,15.785412774,3.4601722513720107E-6,2800.0,39.285714285714285,0.0,-25.832716506291625,-55.82034830430796,2800.0,849280.0
2900.0,16.469950855,3.6105716636673984E-6,2900.0,39.310344827586206,0.0,-25.714285714285722,-55.614500442086644,2900.0,849280.0
3000.0,17.168206398,3.7639849305316517E-6,3000.0,39.7,0.0,-24.329896907216494,-53.04568527918781,3000.0,849280.0
3100.0,18.005602613,3.9479687030785325E-6,3100.0,39.87096774193548,0.0,-24.101198402130503,-51.915240423797904,3100.0,849280.0
3200.0,18.941962544,4.153695728686257E-6,3200.0,39.875,0.0,-24.129032258064516,-51.854775059194935,3200.0,849280.0
3300.0,19.678283488,4.315472319809732E-6,3300.0,40.15151515151515,0.0,-23.360399750156166,-50.07598784194529,3300.0,849280.0
3400.0,20.45592205,4.486326777654029E-6,3400.0,40.1764705882353,0.0,-23.04900181488202,-49.88946204863667,3400.0,849280.0
3500.0,21.194595372,4.648620208203266E-6,3500.0,40.37142857142857,0.0,-22.118197776477466,-48.64672364672366,3500.0,849280.0
3600.0,22.013845204,4.828617050856488E-6,3600.0,40.666666666666664,0.0,-21.501706484641648,-46.8041237113402,3600.0,849280.0
3700.0,22.840758242,5.010297571468158E-6,3700.0,40.72972972972973,0.0,-21.563192904656315,-46.39519359145528,3700.0,849280.0
3800.0,23.643500037,5.18666744415161E-6,3800.0,40.81578947368421,0.0,-20.58981233243967,-45.84954604409859,3800.0,849280.0
3900.0,24.624129937,5.402120995579796E-6,3900.0,41.05128205128205,0.0,-19.801980198019812,-44.40954773869346,3900.0,849280.0
4000.0,25.719870677,5.6428654740803476E-6,4000.0,41.025,0.0,-20.418580908626847,-44.54656862745097,4000.0,849280.0
4100.0,26.765910868,5.872690277594464E-6,4100.0,41.02439024390244,0.0,-20.358387257341967,-44.53078302450687,4100.0,849280.0
4200.0,27.674787214,6.072378902788099E-6,4200.0,41.04761904761905,0.0,-20.428015564202344,-44.373177842565596,4200.0,849280.0
4300.0,28.718182195,6.301622528950012E-6,4300.0,41.18604651162791,0.0,-20.142517814726844,-43.530079455164596,4300.0,849280.0
4400.0,29.620076876,6.499777217110796E-6,4400.0,41.340909090909086,0.0,-19.823584029712176,-42.59668508287292,4400.0,849280.0
4500.0,30.552704004,6.704684111022423E-6,4500.0,41.31111111111111,0.0,-20.100045475216007,-42.756756756756765,4500.0,849280.0
4600.0,31.468406743,6.905872558539745E-6,4600.0,41.32608695652174,0.0,-20.276292335115862,-42.65327695560254,4600.0,849280.0
4700.0,32.381803297,7.106554315665003E-6,4700.0,41.42553191489362,0.0,-19.904181184668996,-42.053663570691455,4700.0,849280.0
4800.0,33.368813675,7.323409717725022E-6,4800.0,41.333333333333336,0.0,-20.187793427230037,-42.58227848101265,4800.0,849280.0
4900.0,34.463305695,7.563879840774307E-6,4900.0,41.55102040816326,0.0,-19.283631820074973,-41.29255056734091,4900.0,849280.0
5000.0,35.81759465,7.861429777824682E-6,5000.0,41.64,0.0,-18.859470468431773,-40.76218041485771,5000.0,849280.0
5100.0,37.112361504,8.145902153147726E-6,5100.0,41.431372549019606,0.0,-19.575660528422752,-41.96768060836501,5100.0,849280.0
5200.0,38.219471748,8.389144617906679E-6,5200.0,41.40384615384615,0.0,-19.724950884086436,-42.117537313432855,5200.0,849280.0
5300.0,39.300024176,8.626552082350654E-6,5300.0,41.16981132075472,0.0,-20.339637205712087,-43.48826507132995,5300.0,849280.0
5400.0,40.459828832,8.881372001769943E-6,5400.0,40.925925925925924,0.0,-21.43129044537494,-44.934120854157186,5400.0,849280.0
5500.0,41.559825402,9.123051525885333E-6,5500.0,40.74545454545454,0.0,-21.831775700934585,-46.01254480286737,5500.0,849280.0
5600.0,42.72507597,9.37906796305425E-6,5600.0,40.55357142857143,0.0,-22.479764532744674,-47.17064544650753,5600.0,849280.0
5700.0,43.929636179,9.643721095635794E-6,5700.0,40.29824561403509,0.0,-23.341790503805722,-48.732517482517466,5700.0,849280.0
5800.0,45.288172897,9.942204305905736E-6,5800.0,40.17241379310345,0.0,-23.795932929004625,-49.504523912106855,5800.0,849280.0
5900.0,46.577243994,1.0225425270198256E-5,5900.0,40.016949152542374,0.0,-24.612676056338035,-50.46768707482991,5900.0,849280.0
6000.0,48.046424702,1.0548217998860084E-5,6000.0,39.96666666666667,0.0,-24.593566240055342,-50.774382586856426,6000.0,849280.0
6100.0,49.364062894,1.083771542083734E-5,6100.0,39.885245901639344,0.0,-24.855294518215853,-51.27887788778877,6100.0,849280.0
6200.0,50.685690932,1.1128089449259444E-5,6200.0,39.66129032258065,0.0,-25.663419549882448,-52.69387755102042,6200.0,849280.0
6300.0,51.968518084,1.140993856049591E-5,6300.0,39.55555555555556,0.0,-25.967581872312273,-53.36286749899316,6300.0,849280.0
6400.0,53.236373329,1.1688498203876254E-5,6400.0,39.46875,0.0,-26.47730982696701,-53.91338895510527,6400.0,849280.0
6500.0,54.505895027,1.1967423982551002E-5,6500.0,39.36923076923077,0.0,-26.679524268723874,-54.54901960784312,6500.0,849280.0
6600.0,55.947921297,1.2284250627469986E-5,6600.0,39.27272727272727,0.0,-27.44038155802861,-55.168408826945424,6600.0,849280.0
6700.0,57.312997501,1.2584170623915033E-5,6700.0,39.08955223880597,0.0,-28.172110552763822,-56.36015325670499,6700.0,849280.0
6800.0,58.920563358,1.293736786279725E-5,6800.0,38.91176470588235,0.0,-28.646639826571697,-57.527493363670835,6800.0,849280.0
6900.0,60.536071133,1.3292310015268428E-5,6900.0,38.7536231884058,0.0,-29.11701802627561,-58.57410881801125,6900.0,849280.0
7000.0,62.068602359,1.3629021444642844E-5,7000.0,38.614285714285714,0.0,-29.701177180802894,-59.5025983667409,7000.0,849280.0
7100.0,63.440772771,1.3930500104869375E-5,7100.0,38.45070422535211,0.0,-30.408833184124155,-60.60271958838664,7100.0,849280.0
7200.0,64.90055155,1.4251227141884104E-5,7200.0,38.34722222222222,0.0,-30.674124227259338,-61.30087209302325,7200.0,849280.0
7300.0,66.427795232,1.4587586011257306E-5,7300.0,38.21917808219178,0.0,-31.371977861928347,-62.17188061848259,7300.0,851328.0
7400.0,68.199613091,1.497780969252868E-5,7400.0,38.13513513513514,0.0,-31.778929188255624,-62.744400995378626,7400.0,851328.0
7500.0,69.986248527,1.5371296784548E-5,7500.0,37.98666666666667,0.0,-32.658300057045054,-63.767605633802795,7500.0,851328.0
7600.0,71.620093075,1.573113333936496E-5,7600.0,37.82894736842105,0.0,-33.21116436425149,-64.86392184228892,7600.0,851328.0
7700.0,73.215093986,1.608241500410272E-5,7700.0,37.84415584415585,0.0,-33.166388425153045,-64.75043029259894,7700.0,851328.0
7800.0,74.914878946,1.6456774220029846E-5,7800.0,37.705128205128204,0.0,-33.96746622553074,-65.72305593451571,7800.0,851328.0
7900.0,76.534940051,1.681357512090488E-5,7900.0,37.68354430379747,0.0,-33.959183673469376,-65.86927223719675,7900.0,851328.0
8000.0,78.316950523,1.72060436147265E-5,8000.0,37.625,0.0,-34.139784946236574,-66.27790736421191,8000.0,851328.0
8100.0,79.971743531,1.7570493840828375E-5,8100.0,37.641975308641975,0.0,-34.19234856535602,-66.15131578947368,8100.0,851328.0
8200.0,81.855156625,1.798529516318901E-5,8200.0,37.829268292682926,0.0,-33.31589958158997,-64.8237956676366,8200.0,851328.0
8300.0,83.693604416,1.8390193364877836E-5,8300.0,37.78313253012048,0.0,-33.471181183768394,-65.1423089222897,8300.0,851328.0
8400.0,85.575265714,1.8804608873154655E-5,8400.0,37.86904761904762,0.0,-33.34184977005619,-64.53341740226986,8400.0,851328.0
8500.0,87.613463461,1.925349983785136E-5,8500.0,37.96470588235294,0.0,-32.78771090405439,-63.85954008701056,8500.0,851328.0
8600.0,89.400031449,1.964697207517965E-5,8600.0,38.01162790697674,0.0,-32.97580444000999,-63.52760736196319,8600.0,851328.0
8700.0,91.374391741,2.008180353225453E-5,8700.0,38.03448275862069,0.0,-32.7178729689808,-63.36363636363637,8700.0,851328.0
8800.0,93.186086759,2.0480809725624754E-5,8800.0,38.15909090909091,0.0,-32.5054784514244,-62.49626754255,8800.0,851328.0
8900.0,94.957049489,2.0870845074001386E-5,8900.0,38.19101123595506,0.0,-32.26737196441452,-62.27138643067847,8900.0,851328.0
9000.0,96.865683147,2.1291200952253772E-5,9000.0,38.32222222222222,0.0,-31.821420090239837,-61.36627906976743,9000.0,851328.0
9100.0,98.890396481,2.1737122121125294E-5,9100.0,38.40659340659341,0.0,-31.60366283165063,-60.786001147446925,9100.0,851328.0
9200.0,100.963437847,2.2193687015287113E-5,9200.0,38.42391304347826,0.0,-31.46901833372014,-60.663641520136125,9200.0,851328.0
9300.0,103.093763668,2.2662868189839256E-5,9300.0,38.53763440860215,0.0,-31.130993347097945,-59.888111888111894,9300.0,851328.0
9400.0,105.307113713,2.315033454994781E-5,9400.0,38.57446808510638,0.0,-30.92970521541949,-59.63505667680396,9400.0,851328.0
9500.0,107.367980392,2.360421810124172E-5,9500.0,38.66315789473684,0.0,-30.41629364368844,-59.03384279475984,9500.0,851328.0
9600.0,109.574304456,2.409013706517948E-5,9600.0,38.77083333333333,0.0,-30.18826135105204,-58.30864530029628,9600.0,851328.0
9700.0,111.613120312,2.4539164161684646E-5,9700.0,38.83505154639175,0.0,-30.081122560841916,-57.876530069185726,9700.0,851328.0
9800.0,113.813265304,2.502372225198044E-5,9800.0,38.87755102040816,0.0,-29.569543586415737,-57.59010786635095,9800.0,851328.0
9900.0,115.74836362,2.544990668434514E-5,9900.0,38.97979797979798,0.0,-29.219251336898395,-56.909090909090935,9900.0,851328.0
10000.0,117.932375205,2.5930911566595866E-5,10000.0,39.0,0.0,-29.34690415606445,-56.772038036494465,10000.0,851328.0
