learning evaluation instances,evaluation time (cpu seconds),model cost (RAM-Hours),classified instances,classifications correct (percent),Kappa Statistic (percent),Kappa Temporal Statistic (percent),Kappa M Statistic (percent),model training instances,model serialized size (bytes)
100.0,0.455268466,9.364032639399998E-8,100.0,35.0,0.0,-35.41666666666667,-91.17647058823532,100.0,795056.0
200.0,1.436704509,2.96982321790403E-7,200.0,51.0,9.719023491478575,-30.666666666666664,-81.48148148148147,200.0,800880.0
300.0,1.813303382,3.7499514584131127E-7,300.0,53.333333333333336,1.9607843137254843,-16.666666666666664,-57.30337078651687,300.0,800736.0
400.0,2.197798167,4.546452072735628E-7,400.0,55.00000000000001,-1.2800675200450036,-19.205298013245038,-52.542372881355895,400.0,800752.0
500.0,2.559271716,5.295337829903265E-7,500.0,58.4,0.602121762400833,-10.052910052910063,-44.44444444444444,500.0,800832.0
600.0,3.015580715,6.240605261877387E-7,600.0,59.333333333333336,0.6312360008145099,-4.72103004291845,-37.07865168539326,600.0,800752.0
700.0,3.494800663,7.233472748105601E-7,700.0,60.0,0.07749092540480901,-0.7194244604316633,-35.2657004830918,700.0,800864.0
800.0,3.979717082,8.238021985616494E-7,800.0,60.75000000000001,-0.2546275971615545,0.9463722397476418,-33.050847457627086,800.0,800768.0
900.0,4.486383589,9.287586599238673E-7,900.0,62.0,0.9627017426445685,3.6619718309859244,-29.05660377358493,900.0,800736.0
1000.0,5.037960387,1.0430251811720142E-6,1000.0,62.5,0.9498251434246646,6.015037593984967,-25.838926174496624,1000.0,800784.0
1100.0,5.664293015,1.1727680037539577E-6,1100.0,62.54545454545455,-0.2158222473818091,5.720823798626998,-27.55417956656348,1100.0,800720.0
1200.0,6.354479049,1.31572357326859E-6,1200.0,63.33333333333333,-0.18975332068314166,7.36842105263158,-26.07449856733523,1200.0,800640.0
1300.0,6.989926421,1.4473623769901237E-6,1300.0,63.0,-0.20833333333332657,7.321772639691727,-23.650385604113126,1300.0,800768.0
1400.0,7.665121195,1.5872128646783075E-6,1400.0,62.78571428571429,-0.7341689638218766,8.435852372583499,-22.588235294117624,1400.0,800640.0
1500.0,8.341409547,1.7273066567599814E-6,1500.0,63.46666666666667,-0.16840966198644328,9.121061359867348,-21.777777777777747,1500.0,800736.0
1600.0,9.178719442,1.9007666160171892E-6,1600.0,63.5625,-0.29762416777054995,10.16949152542373,-20.954356846473026,1600.0,800784.0
1700.0,10.002177975,2.071357080117915E-6,1700.0,64.05882352941177,-0.2954694681549302,11.06259097525475,-20.990099009900955,1700.0,800784.0
1800.0,10.936623515,2.264939989222888E-6,1800.0,64.11111111111111,-0.898787097311642,11.14167812929847,-21.428571428571434,1800.0,800784.0
1900.0,11.748793277,2.4331884714724657E-6,1900.0,64.47368421052632,-0.7114587259705774,11.879895561357715,-20.320855614973237,1900.0,800768.0
2000.0,12.59387591,2.6082411676319973E-6,2000.0,64.9,-0.46698543228711464,13.011152416356875,-19.387755102040792,2000.0,800704.0
2100.0,13.42021072,2.779424070662181E-6,2100.0,65.52380952380953,-0.32464961596327824,13.912009512485138,-19.275123558484353,2100.0,800768.0
2200.0,14.350925151,2.9722263257175595E-6,2200.0,65.4090909090909,-0.6158831504754958,13.620885357548243,-18.351477449455704,2200.0,800752.0
2300.0,15.322842077,3.1735558424267E-6,2300.0,65.6086956521739,-0.6143152939511193,14.02173913043478,-17.533432392273397,2300.0,800720.0
2400.0,16.275019554,3.370792453454335E-6,2400.0,65.70833333333333,-0.5068083287537412,14.360041623309053,-16.903409090909083,2400.0,800704.0
2500.0,17.323006013,3.5878665197773685E-6,2500.0,65.88000000000001,-0.4508866998786279,15.039840637450203,-16.37107776261935,2500.0,800672.0
2600.0,18.34088642,3.7987425055105276E-6,2600.0,65.88461538461539,-0.632366776221044,16.003787878787893,-15.947712418300666,2600.0,800816.0
2700.0,19.435767138,4.025552646640758E-6,2700.0,66.0,-0.7721555630002851,17.073170731707332,-15.762925598991167,2700.0,800752.0
2800.0,20.563733444,4.259216636560439E-6,2800.0,66.25,-0.608824070680193,17.177914110429437,-15.243902439024415,2800.0,800752.0
2900.0,21.756293284,4.506286188735643E-6,2900.0,66.48275862068965,-0.544168381163253,18.112889637742203,-14.75796930342386,2900.0,800832.0
3000.0,22.984756622,4.76078899236196E-6,3000.0,66.63333333333334,-0.5633961293640932,18.947368421052623,-14.400000000000016,3000.0,800816.0
3100.0,24.455689249,5.065512386977424E-6,3100.0,66.51612903225806,-0.6430546346223649,18.715740015661716,-13.940724478594968,3100.0,800784.0
3200.0,25.842162354,5.352756077118218E-6,3200.0,66.53125,-0.6070711459202053,18.925056775170322,-13.453389830508469,3200.0,800832.0
3300.0,27.228239409,5.639911978013007E-6,3300.0,66.42424242424242,-0.7075196270042923,18.887262079062943,-12.94597349643224,3300.0,800816.0
3400.0,28.620612767,5.928360767871751E-6,3400.0,66.73529411764706,-0.7013004698032445,18.808327351040912,-12.987012987012978,3400.0,800784.0
3500.0,30.054038909,6.225331991538121E-6,3500.0,66.57142857142857,-0.8541198723253439,18.862690707350904,-12.608277189605408,3500.0,800832.0
3600.0,31.575867549,6.540580279410594E-6,3600.0,66.47222222222223,-0.9287338893100852,18.44594594594594,-12.174721189591088,3600.0,800736.0
3700.0,33.06842237,6.849783001109958E-6,3700.0,66.64864864864865,-0.9057159868087759,18.440185062789162,-11.978221415608015,3700.0,800784.0
3800.0,34.572916867,7.161434276923393E-6,3800.0,66.86842105263158,-0.8268127414136274,19.03536977491961,-11.712511091393086,3800.0,800720.0
3900.0,36.318233818,7.5230289561647846E-6,3900.0,66.97435897435898,-0.8345872751536124,19.34877896055103,-11.515151515151544,3900.0,800848.0
4000.0,37.930892094,7.85710604203913E-6,4000.0,66.75,-0.9833730496637161,19.148936170212764,-11.204013377926412,4000.0,800768.0
4100.0,39.766532225,8.237398677022496E-6,4100.0,66.8048780487805,-1.0064259208978332,19.22848664688429,-11.01141924959214,4100.0,800816.0
4200.0,41.566745492,8.610351869360086E-6,4200.0,66.9047619047619,-0.8832729727180176,19.139034322280377,-10.668789808917229,4200.0,800816.0
4300.0,43.388855357,8.987841416514704E-6,4300.0,66.93023255813954,-0.7040024348411407,19.34203062960863,-10.232558139534866,4300.0,800816.0
4400.0,45.294319899,9.382576030103885E-6,4400.0,67.02272727272728,-0.7444904863646744,19.78993919292428,-10.174639331814712,4400.0,800768.0
4500.0,47.249640688,9.7876307331569E-6,4500.0,67.04444444444444,-0.7472826086956261,20.01078748651564,-9.933283914010381,4500.0,800752.0
4600.0,49.171181891,1.0185703729515586E-5,4600.0,67.26086956521739,-0.6732768805758236,20.52770448548814,-9.766763848396497,4600.0,800784.0
4700.0,51.112731313,1.0587905623452983E-5,4700.0,67.42553191489363,-0.6205847312104212,20.796689084324903,-9.59198282032925,4700.0,800752.0
4800.0,53.17001806,1.1014108642903711E-5,4800.0,67.45833333333333,-0.6185323511610218,21.07124810510357,-9.383753501400573,4800.0,800800.0
4900.0,55.211063446,1.1436904738076151E-5,4900.0,67.71428571428572,-0.45095244265907697,21.215139442231084,-9.178743961352655,4900.0,800720.0
5000.0,57.360585588,1.1882242628717403E-5,5000.0,67.78,-0.35782454636520933,21.834061135371172,-8.924949290060884,5000.0,800848.0
5100.0,59.518304814,1.2329269859558622E-5,5100.0,67.3529411764706,-0.09010053918877724,21.202082347373413,-9.467455621301763,5100.0,800832.0
5200.0,61.729356758,1.2787328035488341E-5,5200.0,66.75,0.5605716937617654,19.916628068550242,-11.046885035324355,5200.0,800800.0
5300.0,63.889044605,1.3234718419958801E-5,5300.0,66.33962264150944,2.0155457779282937,19.421860885275517,-11.360799001248452,5300.0,800752.0
5400.0,66.120658579,1.3697017906666912E-5,5400.0,65.92592592592592,3.203236378748912,18.8354653727393,-11.786148238153134,5400.0,800768.0
5500.0,68.337567899,1.4156252835705E-5,5500.0,65.41818181818182,3.7372332897462424,17.662337662337674,-12.945368171021357,5500.0,800736.0
5600.0,70.634773042,1.4632130631453086E-5,5600.0,65.05357142857143,4.778289255322278,16.758826031475976,-13.186813186813184,5600.0,800752.0
5700.0,72.95195648,1.5112185398449697E-5,5700.0,64.54385964912281,5.015415607956751,15.826738858808826,-14.504249291784726,5700.0,800816.0
5800.0,75.285390152,1.5595587436442472E-5,5800.0,64.10344827586208,5.442853910008021,15.02040816326532,-15.410199556541013,5800.0,800784.0
5900.0,77.743955014,1.6104891723348404E-5,5900.0,63.77966101694915,6.238473436849304,14.554178328668538,-15.575987020010821,5900.0,800752.0
6000.0,80.045991081,1.6581827441397808E-5,6000.0,63.43333333333333,6.821443299319349,13.994511956095648,-15.961945031712474,6000.0,800848.0
6100.0,82.42016044,1.707367824973493E-5,6100.0,63.0,6.970222795224605,13.092029264535999,-17.00362882322445,6100.0,800800.0
6200.0,84.884219756,1.7584120740891504E-5,6200.0,62.61290322580645,7.219914419415603,12.594268476621409,-17.784552845528477,6200.0,800752.0
6300.0,87.677900968,1.816289234839402E-5,6300.0,62.39682539682539,8.013404611588742,12.161661104931397,-17.45166088249875,6300.0,800816.0
6400.0,90.24517285,1.8694694597575167E-5,6400.0,62.125,8.515215678846529,12.014519056261326,-17.555771096023303,6400.0,800720.0
6500.0,92.975996321,1.926038734450278E-5,6500.0,61.784615384615385,8.70896978191133,11.190561315695376,-18.173168411037118,6500.0,800736.0
6600.0,95.779292295,1.9841069634280542E-5,6600.0,61.57575757575757,9.282274369088054,11.359664452988456,-17.95348837209302,6600.0,800704.0
6700.0,98.542580338,2.041349888681242E-5,6700.0,61.17910447761194,9.179780330837925,10.5878308697147,-19.038901601830666,6700.0,800752.0
6800.0,101.308872449,2.0986504646324693E-5,6800.0,60.89705882352941,9.403493666481886,10.19925700776765,-19.398293668612467,6800.0,800688.0
6900.0,103.929523362,2.1529418430062256E-5,6900.0,60.59420289855072,9.516004599944308,9.54757152361941,-19.938244375827082,6900.0,800800.0
7000.0,106.804163329,2.2124950499452068E-5,7000.0,60.357142857142854,9.787010964326456,9.224730127576048,-20.077888360017305,7000.0,800800.0
7100.0,109.587215447,2.2701520059779605E-5,7100.0,59.971830985915496,9.577283142008165,8.411214953271047,-21.2457337883959,7100.0,800816.0
7200.0,112.484345511,2.3301723338909202E-5,7200.0,59.833333333333336,10.057963164298958,8.277830637488108,-20.802005012531307,7200.0,800816.0
7300.0,115.239208079,2.3872418614156564E-5,7300.0,59.63013698630137,10.307595197415772,8.049921996879887,-20.82820828208281,7300.0,800768.0
7400.0,118.124144686,2.4470071871687754E-5,7400.0,59.41891891891892,10.498407657677982,7.770270270270255,-20.94240837696337,7400.0,800784.0
7500.0,121.021648106,2.5070328512845472E-5,7500.0,59.10666666666666,10.382640120993655,7.032434070930568,-21.754664549424394,7500.0,800784.0
7600.0,123.928127483,2.567245667424789E-5,7600.0,58.92105263157895,10.584764755160645,7.000297885016388,-21.76287051482059,7600.0,800800.0
7700.0,126.882297873,2.6284489321017673E-5,7700.0,58.71428571428572,10.701869306028012,6.883421206795568,-21.9409282700422,7700.0,800832.0
7800.0,129.96572831,2.6923288759901067E-5,7800.0,58.51282051282052,10.807366343032058,6.501011268419535,-22.113207547169793,7800.0,800816.0
7900.0,133.08969962,2.75704483268916E-5,7900.0,58.20253164556962,10.61465148321674,6.0864618885096675,-23.025335320417287,7900.0,800768.0
8000.0,136.312259206,2.8238004689908614E-5,8000.0,58.0125,10.708067216436305,5.804823331463821,-23.17565089842316,8000.0,800736.0
8100.0,139.693686893,2.89384707350813E-5,8100.0,57.876543209876544,10.912545873888496,5.667680398119975,-22.999279019466464,8100.0,800736.0
8200.0,142.971783888,2.9617599570252534E-5,8200.0,57.731707317073166,11.072195627402342,5.558583106267011,-22.90780141843974,8200.0,800816.0
8300.0,146.298388595,3.0306736520659034E-5,8300.0,57.662650602409634,11.389750751280083,5.435952637244347,-22.35376044568244,8300.0,800768.0
8400.0,149.679592984,3.1007128318393315E-5,8400.0,57.452380952380956,11.354086001560107,5.073041168658696,-22.73351648351647,8400.0,800704.0
8500.0,153.109846652,3.171772291172286E-5,8500.0,57.37647058823529,11.61277108851461,5.206698063840921,-22.274721565980425,8500.0,800752.0
8600.0,156.461412149,3.241210008496343E-5,8600.0,57.24418604651162,11.723045158812088,4.913369537108873,-22.20006646726488,8600.0,800848.0
8700.0,159.954740892,3.313580438159186E-5,8700.0,56.96551724137932,11.49180042157477,4.171998976196574,-23.076923076923077,8700.0,800800.0
8800.0,163.570719449,3.3884797999175314E-5,8800.0,56.784090909090914,11.467904178868146,3.843236409608103,-23.353876094712934,8800.0,800672.0
8900.0,167.1191135,3.4619910039799955E-5,8900.0,56.61797752808989,11.466054064838891,3.6676646706586866,-23.551999999999982,8900.0,800800.0
9000.0,170.754078021,3.537295667109995E-5,9000.0,56.58888888888889,11.745306033937531,3.602269923513453,-22.900283107895568,9000.0,800800.0
9100.0,174.483092876,3.614542573732134E-5,9100.0,56.450549450549445,11.776603769744597,3.317882410343984,-22.959975178405227,9100.0,800736.0
9200.0,178.202898444,3.691594089956836E-5,9200.0,56.33695652173913,11.848345301913062,3.064671814671818,-22.8816151728357,9200.0,800688.0
9300.0,182.0424419,3.7711274287983275E-5,9300.0,56.18279569892473,11.82542348226652,2.7446300715990377,-23.074599818785863,9300.0,800704.0
9400.0,186.239883257,3.8581021598576255E-5,9400.0,56.00000000000001,11.73588291519137,2.4988213107025037,-23.46268656716415,9400.0,800960.0
9500.0,190.513570311,3.9466567698067013E-5,9500.0,55.87368421052632,11.752668150012498,2.3526671325413497,-23.512080141426036,9500.0,800960.0
9600.0,194.538827949,4.030063700537392E-5,9600.0,55.59375,11.457186652321464,1.7515556579857143,-24.5398773006135,9600.0,800960.0
9700.0,198.512158173,4.112394648905703E-5,9700.0,55.36082474226804,11.2524670698498,1.0737948366461108,-25.289351851851848,9700.0,800960.0
9800.0,202.558752462,4.1962436940876976E-5,9800.0,55.285714285714285,11.349181658869936,1.038843721770539,-25.057077625570802,9800.0,800960.0
9900.0,206.49392471,4.2777839751379694E-5,9900.0,55.08080808080808,11.188856894905221,0.49228015215932297,-25.656965244419304,9900.0,800960.0
10000.0,210.530453447,4.3614244530991965E-5,10000.0,55.010000000000005,11.277768934258859,0.442575791104227,-25.425146361862268,10000.0,800960.0
