learning evaluation instances,evaluation time (cpu seconds),model cost (RAM-Hours),classified instances,classifications correct (percent),Kappa Statistic (percent),Kappa Temporal Statistic (percent),Kappa M Statistic (percent),model training instances,model serialized size (bytes)
100.0,0.106237545,8.357692014301818E-9,100.0,100.0,?,?,?,100.0,304096.0
200.0,0.460784468,3.876741911476892E-8,200.0,95.5,44.92044063647486,-125.0,-50.0,200.0,331544.0
300.0,0.551488405,4.654321440566538E-8,300.0,96.0,38.27160493827152,-200.00000000000085,-100.0,300.0,331376.0
400.0,0.60655084,5.1264360937099486E-8,400.0,96.25,33.30369052912419,-274.9999999999995,-149.99999999999963,400.0,331432.0
500.0,0.654287256,5.53577573609559E-8,500.0,95.6,24.904423812124428,-266.66666666666663,-175.0,500.0,331464.0
600.0,0.697624227,5.907434994330836E-8,600.0,95.66666666666667,29.856115107913716,-225.00000000000063,-159.9999999999992,600.0,331504.0
700.0,0.738503029,6.258960469726058E-8,700.0,94.57142857142857,31.822841911010823,-216.66666666666688,-72.72727272727244,700.0,332400.0
800.0,0.774331075,6.567898733857604E-8,800.0,93.5,74.85371633057693,-300.0,57.3770491803279,800.0,333312.0
900.0,0.805591,6.83724642339121E-8,900.0,93.0,79.49485744043746,-125.0,68.65671641791047,900.0,333064.0
1000.0,0.838152943,7.117859980417E-8,1000.0,92.5,80.13392384141045,-17.187500000000032,70.81712062256811,1000.0,333120.0
1100.0,0.869912602,7.391539864729675E-8,1100.0,87.54545454545455,68.30037862852335,-42.708333333333286,57.84615384615385,1100.0,333096.0
1200.0,0.899282926,7.644733664528362E-8,1200.0,85.91666666666666,64.09323012202637,-44.44444444444443,52.924791086350965,1200.0,333232.0
1300.0,0.927741508,7.890067577544184E-8,1300.0,82.76923076923077,57.12236910690254,-79.19999999999999,46.53937947494035,1300.0,333232.0
1400.0,0.95574279,8.131598312009538E-8,1400.0,81.14285714285714,54.7396057839257,-82.06896551724148,44.76987447698743,1400.0,333424.0
1500.0,0.98405828,8.375892052986967E-8,1500.0,78.8,49.87969024177534,-77.65363128491623,40.56074766355142,1500.0,333496.0
1600.0,1.012233501,8.618981445157277E-8,1600.0,77.0625,46.53594437990071,-64.5739910313901,38.215488215488215,1600.0,333504.0
1700.0,1.039963571,8.858224436815411E-8,1700.0,76.41176470588236,46.057795784009635,-67.08333333333324,38.591117917304764,1700.0,333496.0
1800.0,1.0674452,9.095352425573598E-8,1800.0,76.83333333333333,47.5398378529494,-46.83098591549296,40.428571428571416,1800.0,333536.0
1900.0,1.095467799,9.33712502987517E-8,1900.0,77.31578947368422,49.914740686918506,-42.71523178807946,43.88020833333334,1900.0,333504.0
2000.0,1.123636824,9.580137644857994E-8,2000.0,78.05,51.6741228688178,-31.437125748502982,45.668316831683164,2000.0,333472.0
2100.0,1.151814977,9.823211511290112E-8,2100.0,78.85714285714286,54.541731509542146,-19.67654986522912,49.659863945578245,2100.0,333448.0
2200.0,1.179222979,1.0059607771715147E-7,2200.0,79.5,56.72879833230121,-13.316582914572841,52.77486910994765,2200.0,333400.0
2300.0,1.207347363,1.0302142141051381E-7,2300.0,79.91304347826087,57.977244594899226,-13.513513513513498,54.48275862068965,2300.0,333344.0
2400.0,1.236006812,1.0549302577394784E-7,2400.0,80.54166666666667,59.50574463472794,-8.352668213457084,56.27340823970037,2400.0,333360.0
2500.0,1.263314087,1.0784784846966878E-7,2500.0,81.08,60.75079660116835,-3.050108932461901,57.692307692307686,2500.0,333336.0
2600.0,1.291848314,1.1030853551971829E-7,2600.0,81.57692307692308,62.45986454925916,-4.357298474945519,60.673234811165855,2600.0,333344.0
2700.0,1.320254301,1.1275804604426853E-7,2700.0,82.03703703703704,63.86022974903353,-5.664488017429141,63.20182094081943,2700.0,333328.0
2800.0,1.347479413,1.1510561443861158E-7,2800.0,82.35714285714286,64.8099452101634,-7.625272331154657,64.25470332850941,2800.0,333312.0
2900.0,1.3746683,1.1744989041091459E-7,2900.0,82.86206896551724,65.99796549264143,-8.278867102396518,64.03762662807526,2900.0,333288.0
3000.0,1.402131982,1.19817575519861E-7,3000.0,83.33333333333334,67.01609087022987,-8.932461873638301,63.82054992764111,3000.0,333248.0
3100.0,1.428920384,1.2212709917126634E-7,3100.0,83.87096774193549,68.08119813709517,-8.932461873638319,63.8205499276411,3100.0,333256.0
3200.0,1.456976699,1.245457018611497E-7,3200.0,84.28125,68.83861904902031,-8.639308855291624,63.7608069164265,3200.0,333224.0
3300.0,1.483070384,1.267948994538291E-7,3300.0,84.3030303030303,68.82892378276165,-9.513742071881632,63.54679802955665,3300.0,333192.0
3400.0,1.510213608,1.2913445181726783E-7,3400.0,84.58823529411764,69.27804438957013,-9.853249475891047,63.27960756832515,3400.0,333176.0
3500.0,1.542004466,1.3187420232419953E-7,3500.0,84.74285714285715,69.55204856554144,-9.876543209876514,63.722826086956516,3500.0,333128.0
3600.0,1.567036551,1.340313751069911E-7,3600.0,84.86111111111111,69.74351382360561,-10.547667342799217,64.02640264026401,3600.0,333112.0
3700.0,1.594190374,1.363715038424088E-7,3700.0,84.94594594594595,69.87153922532914,-12.07243460764592,64.31774503523383,3700.0,333128.0
3800.0,1.620660723,1.3865278526286898E-7,3800.0,85.18421052631578,70.2750468229841,-8.687258687258756,64.47949526813879,3800.0,333136.0
3900.0,1.645326938,1.4077847976749757E-7,3900.0,85.46153846153847,70.83184060807164,-5.98130841121495,65.36346976175933,3900.0,333120.0
4000.0,1.671075206,1.429975304266872E-7,4000.0,85.82499999999999,71.42177428947575,-5.981308411214957,65.3634697617593,4000.0,333136.0
4100.0,1.696923551,1.452246710152489E-7,4100.0,86.07317073170732,71.78924465404319,-6.331471135940416,65.33090467516696,4100.0,333056.0
4200.0,1.722908261,1.4746366861733915E-7,4200.0,86.30952380952381,72.16921119592877,-5.118829981718411,65.5275779376499,4200.0,333072.0
4300.0,1.749337079,1.497408238191716E-7,4300.0,86.62790697674419,72.65090946096021,-4.927007299270071,65.5688622754491,4300.0,333056.0
4400.0,1.776123741,1.5204853432410497E-7,4400.0,86.43181818181817,72.19952671038315,-6.989247311827991,65.04683840749414,4400.0,333016.0
4500.0,1.801840596,1.542643454942459E-7,4500.0,86.57777777777778,72.44919369798112,-7.664884135472355,65.30729465824237,4500.0,333056.0
4600.0,1.829119438,1.5661451448975544E-7,4600.0,86.82608695652175,72.80792951834061,-7.829181494661914,65.3119633657699,4600.0,333024.0
4700.0,1.864768998,1.5968570297057635E-7,4700.0,86.93617021276596,73.01430527966917,-8.672566371681398,65.67915036333147,4700.0,333008.0
4800.0,1.891390993,1.6197928226721988E-7,4800.0,86.875,72.81971218016649,-9.18544194107448,65.28925619834712,4800.0,333024.0
4900.0,1.917835032,1.642575847519934E-7,4900.0,86.93877551020408,72.83255131624384,-9.777015437392821,65.04642271982523,4900.0,333032.0
5000.0,1.943331154,1.6645421886317016E-7,5000.0,87.0,72.78840481275157,-9.983079526226764,64.65470364328439,5000.0,333032.0
5100.0,1.969760476,1.687309252060784E-7,5100.0,87.19607843137254,73.05897272195708,-10.11804384485662,64.74082073434126,5100.0,332984.0
5200.0,1.996302017,1.7101718859157834E-7,5200.0,87.36538461538461,73.2374171052417,-10.050251256281472,64.60129310344827,5200.0,332968.0
5300.0,2.023547584,1.733638705644177E-7,5300.0,87.56603773584905,73.48686815442429,-9.286898839137663,64.6079484425349,5300.0,332936.0
5400.0,2.050496752,1.7568491191150414E-7,5400.0,87.46296296296296,73.13681574492101,-11.165845648604279,64.06581740976645,5400.0,332920.0
5500.0,2.077756451,1.7803258541722886E-7,5500.0,87.52727272727273,73.13570477727342,-11.544715447154436,63.856691253951546,5500.0,332904.0
5600.0,2.104184618,1.8030864530588606E-7,5600.0,87.71428571428571,73.33480981119538,-11.50729335494327,63.78947368421052,5600.0,332904.0
5700.0,2.130797153,1.8260047327324542E-7,5700.0,87.75438596491229,73.31279170897542,-11.323763955342878,63.70254810192408,5700.0,332888.0
5800.0,2.15490375,1.8467629439597743E-7,5800.0,87.77586206896551,73.21320160150165,-10.954616588419372,63.43476018566271,5800.0,332856.0
5900.0,2.17845468,1.8670426698596942E-7,5900.0,87.77966101694915,73.13801122647878,-11.437403400309142,63.345195729537366,5900.0,332856.0
6000.0,2.202523891,1.8877686879705432E-7,6000.0,87.81666666666666,73.12239787920645,-11.263318112633153,63.210870659285355,6000.0,332856.0
6100.0,2.226098475,1.9080682944490886E-7,6100.0,87.68852459016394,72.84468184691491,-11.92250372578247,62.950172668968904,6100.0,332848.0
6200.0,2.249226273,1.9279831823688623E-7,6200.0,87.48387096774194,72.35017215052238,-12.626995645863579,62.42130750605327,6200.0,332848.0
6300.0,2.272956547,1.9484168504169627E-7,6300.0,87.46031746031746,72.24957119816617,-13.018597997138809,62.32713400095374,6300.0,332848.0
6400.0,2.296162311,1.9683988733122127E-7,6400.0,87.59375,72.45727642052128,-12.305516265912269,62.52949504483247,6400.0,332848.0
6500.0,2.319923704,1.9888593373137012E-7,6500.0,87.66153846153846,72.59259921316101,-12.324929971988864,62.784222737819015,6500.0,332848.0
6600.0,2.34363393,2.0092757424268254E-7,6600.0,87.56060606060606,72.3571561938519,-13.711911357340734,62.51141552511415,6600.0,332848.0
6700.0,2.367224442,2.0295880877289303E-7,6700.0,87.59701492537313,72.40019416081957,-13.679890560875553,62.618083670715244,6700.0,332832.0
6800.0,2.391409115,2.0504125292116572E-7,6800.0,87.66176470588235,72.43805615927221,-13.531799729364064,62.5947391885867,6800.0,332840.0
6900.0,2.415077076,2.0707930306054447E-7,6900.0,87.84057971014492,72.65223828280376,-13.22537112010798,62.628062360801785,6900.0,332856.0
7000.0,2.438620532,2.0910643716107434E-7,7000.0,87.75714285714285,72.42497331211786,-14.419225634178934,62.39578762615182,7000.0,332824.0
7100.0,2.462095552,2.1112767879835228E-7,7100.0,87.88732394366198,72.5897964731786,-14.361702127659512,62.47818499127401,7100.0,332824.0
7200.0,2.485593508,2.1315089526667158E-7,7200.0,87.95833333333334,72.61057737871678,-15.139442231075616,62.38611713665945,7200.0,332824.0
7300.0,2.509407819,2.1520125189962076E-7,7300.0,87.89041095890411,72.43063676889729,-16.776750330250977,62.1737270004279,7300.0,332808.0
7400.0,2.532829754,2.172177289258006E-7,7400.0,88.05405405405405,72.60928087135784,-16.77675033025098,62.1737270004279,7400.0,332792.0
7500.0,2.556575842,2.1926211342749293E-7,7500.0,88.18666666666667,72.73797166078307,-16.732542819499372,62.12056434373664,7500.0,332792.0
7600.0,2.580510565,2.2132263911103627E-7,7600.0,88.3421052631579,72.90363091184821,-16.732542819499262,62.12056434373666,7600.0,332776.0
7700.0,2.604485638,2.2338668812038175E-7,7700.0,88.46753246753248,73.00869874974569,-16.996047430830036,62.035057716973085,7700.0,332784.0
7800.0,2.628399393,2.2544535918956835E-7,7800.0,88.61538461538461,73.16264843867633,-16.99604743083,62.03505771697307,7800.0,332768.0
7900.0,2.651784688,2.2745863335052719E-7,7900.0,88.75949367088609,73.31101997846226,-16.996047430829964,62.03505771697307,7900.0,332784.0
8000.0,2.678989742,2.2980053092110907E-7,8000.0,88.825,73.29463744221772,-17.786561264822097,61.77853783668235,8000.0,332752.0
8100.0,2.707850744,2.3228497776206587E-7,8100.0,88.96296296296296,73.43379385483966,-17.786561264822065,61.778537836682354,8100.0,332752.0
8200.0,2.736301078,2.3473413187647863E-7,8200.0,89.09756097560975,73.56816567007051,-17.786561264822158,61.778537836682354,8200.0,332760.0
8300.0,2.759497295,2.3673079198742703E-7,8300.0,89.22891566265059,73.69799547972178,-17.78656126482213,61.77853783668233,8300.0,332728.0
8400.0,2.783072763,2.3876009687591553E-7,8400.0,89.33333333333333,73.77175502657498,-18.050065876152928,61.69303120991877,8400.0,332728.0
8500.0,2.806519701,2.4077833829124976E-7,8500.0,89.43529411764706,73.842054259249,-18.313570487483506,61.60752458315518,8500.0,332728.0
8600.0,2.830276176,2.4282322371412897E-7,8600.0,89.55813953488372,73.96015446415029,-18.313570487483577,61.6075245831552,8600.0,332728.0
8700.0,2.853678687,2.448376409878478E-7,8700.0,89.67816091954023,74.07451431775316,-18.313570487483567,61.6075245831552,8700.0,332728.0
8800.0,2.877053851,2.468497043146255E-7,8800.0,89.79545454545455,74.22594502530798,-17.69331585845352,61.70575692963752,8800.0,332728.0
8900.0,2.900469235,2.4886522965719924E-7,8900.0,89.91011235955057,74.37412646719045,-17.38562091503265,61.80348787749894,8900.0,332728.0
9000.0,2.923464441,2.508445873500179E-7,9000.0,90.0,74.42875576702589,-17.647058823529434,61.71841769459806,9000.0,332728.0
9100.0,2.946295096,2.5280982824154405E-7,9100.0,90.08791208791209,74.48080047251652,-17.908496732026048,61.63334751169717,9100.0,332736.0
9200.0,2.970331446,2.548788542026054E-7,9200.0,90.13043478260869,74.43176514050806,-18.692810457516305,61.37813696299445,9200.0,332736.0
9300.0,2.993625411,2.5688397637469284E-7,9300.0,90.0215053763441,74.16894915176319,-19.280205655526984,61.04114189756509,9300.0,332736.0
9324.0,3.006081578,2.579561912866206E-7,9324.0,90.02574002574003,74.1641559260639,-18.925831202045966,61.03896103896106,9324.0,332736.0
