learning evaluation instances,evaluation time (cpu seconds),model cost (RAM-Hours),classified instances,classifications correct (percent),Kappa Statistic (percent),Kappa Temporal Statistic (percent),Kappa M Statistic (percent),model training instances,model serialized size (bytes)
100.0,0.118125508,9.292916312184598E-9,100.0,100.0,?,?,?,100.0,304096.0
200.0,0.473020372,3.9252128488885025E-8,200.0,97.0,0.0,-50.0,0.0,200.0,326312.0
300.0,0.558996455,4.6514076733729896E-8,300.0,98.0,0.0,-50.00000000000042,0.0,300.0,326496.0
400.0,0.602634808,5.020061145287213E-8,400.0,98.5,0.0,-50.0,0.0,400.0,326552.0
500.0,0.640101692,5.336609535297378E-8,500.0,98.2,-0.3568242640503132,-50.0,-12.5,500.0,326584.0
600.0,0.67745658,5.652343125754553E-8,600.0,98.16666666666667,14.728682170543028,-37.50000000000011,-9.999999999999535,600.0,326720.0
700.0,0.713238241,5.95547548414953E-8,700.0,96.14285714285714,5.46218487394967,-125.00000000000033,-22.727272727272616,700.0,327472.0
800.0,0.748538435,6.255303396301343E-8,800.0,91.0,56.38742504088681,-453.8461538461541,40.98360655737706,800.0,328320.0
900.0,0.78174835,6.53745278996436E-8,900.0,91.0,70.56115526264782,-189.2857142857144,59.70149253731346,900.0,328408.0
1000.0,0.817841632,6.844151381382925E-8,1000.0,90.9,73.87819776787765,-42.18750000000007,64.59143968871597,1000.0,328464.0
1100.0,0.847426995,7.095580280400604E-8,1100.0,86.9090909090909,64.7804335742079,-49.999999999999936,55.69230769230769,1100.0,328504.0
1200.0,0.877764636,7.353433748781472E-8,1200.0,86.33333333333333,63.308089000257276,-40.17094017094017,54.3175487465181,1200.0,328544.0
1300.0,0.910627211,7.632761387073537E-8,1300.0,85.07692307692307,61.77270370965442,-55.20000000000006,53.699284009546524,1300.0,328560.0
1400.0,0.938326374,7.868269482622335E-8,1400.0,85.21428571428571,63.82329589997353,-42.75862068965527,56.69456066945605,1400.0,328656.0
1500.0,0.96578515,8.101739405630154E-8,1500.0,83.46666666666667,60.3753688179717,-38.547486033519604,53.64485981308411,1500.0,328664.0
1600.0,0.993967913,8.341370905123441E-8,1600.0,82.125,58.068512531796834,-28.251121076233133,51.85185185185186,1600.0,328672.0
1700.0,1.021125013,8.572287050381093E-8,1700.0,81.82352941176471,58.329631415951674,-28.749999999999947,52.679938744257285,1700.0,328680.0
1800.0,1.049093127,8.810116592382182E-8,1800.0,81.94444444444444,59.06801007556675,-14.436619718309862,53.571428571428555,1800.0,328704.0
1900.0,1.077443045,9.051204575976355E-8,1900.0,82.21052631578948,60.748216494794974,-11.920529801324484,55.98958333333335,1900.0,328720.0
2000.0,1.10474369,9.283380831895395E-8,2000.0,82.35,61.190367295243455,-5.688622754490988,56.31188118811882,2000.0,328736.0
2100.0,1.132066124,9.515736736038698E-8,2100.0,82.66666666666667,62.76900417314458,1.8867924528301698,58.730158730158735,2100.0,328728.0
2200.0,1.159529316,9.749289676740143E-8,2200.0,82.86363636363636,63.81957773512475,5.276381909547727,60.523560209424076,2200.0,328728.0
2300.0,1.186770119,9.980957010928332E-8,2300.0,83.17391304347827,64.78031717894338,4.9140049140049475,61.87192118226602,2300.0,328736.0
2400.0,1.221205624,1.0273811140256829E-7,2400.0,83.0,64.59808413161183,5.336426914153101,61.79775280898875,2400.0,328736.0
2500.0,1.249055029,1.0510660047525745E-7,2500.0,83.16,65.0595962117631,8.27886710239651,62.34347048300537,2500.0,328744.0
2600.0,1.277442741,1.0752104682493125E-7,2600.0,83.11538461538461,65.57091233764274,4.357298474945519,63.95730706075533,2600.0,328768.0
2700.0,1.30658568,1.0999984776044055E-7,2700.0,83.51851851851852,66.83262775028322,3.050108932461871,66.23672230652502,2700.0,328784.0
2800.0,1.335641312,1.1247122265448998E-7,2800.0,83.71428571428572,67.52163189554827,0.6535947712418549,67.00434153400869,2800.0,328784.0
2900.0,1.364449113,1.1492157749323172E-7,2900.0,83.75862068965517,67.80566586339928,-2.6143790849673403,65.91895803183792,2900.0,328792.0
3000.0,1.397142405,1.1770249490676445E-7,3000.0,83.89999999999999,68.19860574259876,-5.228758169934644,65.0506512301013,3000.0,328800.0
3100.0,1.425287297,1.2009658004847456E-7,3100.0,84.12903225806451,68.69154811385668,-7.189542483660115,64.39942112879885,3100.0,328808.0
3200.0,1.455418396,1.2265974236658874E-7,3200.0,83.875,68.20810138904719,-11.447084233261366,62.82420749279538,3200.0,328824.0
3300.0,1.481509652,1.2487924734420244E-7,3300.0,83.87878787878788,68.20948565497406,-12.47357293868926,62.561576354679794,3300.0,328824.0
3400.0,1.514089027,1.2765067716651697E-7,3400.0,84.0,68.37344504766382,-14.046121593291453,61.8780658724597,3400.0,328824.0
3500.0,1.543417995,1.3014548320487346E-7,3500.0,84.05714285714285,68.4635397827682,-14.814814814814811,62.092391304347814,3500.0,328808.0
3600.0,1.568338908,1.322652243040088E-7,3600.0,84.11111111111111,68.55688757163341,-16.024340770791067,62.24422442244225,3600.0,328792.0
3700.0,1.596201734,1.3463520077358103E-7,3700.0,84.27027027027027,68.85351606400087,-17.102615694164985,62.7162075592569,3700.0,328792.0
3800.0,1.625482239,1.3712582381122227E-7,3800.0,84.47368421052632,69.20799163863751,-13.899613899613964,62.77602523659305,3800.0,328800.0
3900.0,1.651949386,1.3937714038034693E-7,3900.0,84.46153846153847,69.21449682753267,-13.271028037383184,62.98106291997557,3900.0,328800.0
4000.0,1.678870534,1.4166707463552967E-7,4000.0,84.5,69.22066474924645,-15.887850467289708,62.12583995113011,4000.0,328800.0
4100.0,1.707392964,1.4409321521088892E-7,4100.0,83.8780487804878,68.00157742860246,-23.091247672253278,59.86642380085002,4100.0,328800.0
4200.0,1.736168285,1.4654074778865607E-7,4200.0,83.88095238095238,67.95963955777677,-23.765996343692866,59.41247002398081,4200.0,328784.0
4300.0,1.766238728,1.4909843911277336E-7,4300.0,84.11627906976744,68.30168070492037,-24.635036496350356,59.101796407185624,4300.0,328784.0
4400.0,1.793238648,1.5139501789772262E-7,4400.0,84.04545454545455,68.14272324021756,-25.806451612903214,58.89929742388759,4400.0,328792.0
4500.0,1.820285681,1.536957719844911E-7,4500.0,84.26666666666667,68.53649677494154,-26.203208556149686,59.33371625502585,4500.0,328816.0
4600.0,1.848057023,1.5605813936880067E-7,4600.0,84.32608695652173,68.55355453112881,-28.291814946619233,58.72925014310246,4600.0,328816.0
4700.0,1.874724303,1.5832658979155126E-7,4700.0,84.48936170212767,68.85851077095795,-29.026548672566367,59.2509782001118,4700.0,328816.0
4800.0,1.902160193,1.6066053553644983E-7,4800.0,84.39583333333334,68.61315397992752,-29.80935875216632,58.73278236914602,4800.0,328832.0
4900.0,1.926557583,1.6273604939428055E-7,4900.0,84.46938775510205,68.66083984141909,-30.53173241852487,58.43801201529221,4900.0,328840.0
5000.0,1.952244413,1.649212573869692E-7,5000.0,84.5,68.56784559552372,-31.133671742808854,57.85753126699292,5000.0,328840.0
5100.0,1.980016602,1.6728386925372192E-7,5100.0,84.70588235294117,68.83638932045467,-31.534569983136546,57.88336933045356,5100.0,328840.0
5200.0,2.013687857,1.7014832140877016E-7,5200.0,84.92307692307692,69.11881982503895,-31.323283082077086,57.758620689655174,5200.0,328840.0
5300.0,2.046715112,1.7295798774761252E-7,5300.0,85.09433962264151,69.3069934019199,-31.01160862354891,57.57250268528465,5300.0,328840.0
5400.0,2.081589325,1.7592477691491445E-7,5400.0,85.07407407407406,69.1394790042951,-32.34811165845656,57.21868365180466,5400.0,328840.0
5500.0,2.110984416,1.7842545091007113E-7,5500.0,85.18181818181819,69.2156624665819,-32.52032520325204,57.060063224446786,5500.0,328840.0
5600.0,2.138078822,1.8073040300218803E-7,5600.0,85.44642857142857,69.56887010094813,-32.090761750405186,57.105263157894726,5600.0,328840.0
5700.0,2.165548044,1.8306724111990589E-7,5700.0,85.52631578947368,69.624353536481,-31.578947368421073,57.09828393135725,5700.0,328840.0
5800.0,2.193383933,1.8543527201847898E-7,5800.0,85.58620689655172,69.59140170668947,-30.829420970266025,56.88499226405362,5800.0,328840.0
5900.0,2.219983001,1.8769808514067696E-7,5900.0,85.54237288135593,69.39787877505414,-31.83925811437404,56.634468734112865,5900.0,328840.0
6000.0,2.245989393,1.8991047863802148E-7,6000.0,85.65,69.5230804555279,-31.0502283105022,56.668344237544055,6000.0,328840.0
6100.0,2.275718853,1.9243965931451154E-7,6100.0,85.39344262295081,68.93530592130757,-32.78688524590164,56.0434139121855,6100.0,328848.0
6200.0,2.299267003,1.9444297609009676E-7,6200.0,85.22580645161291,68.50818098591043,-32.94629898403485,55.641646489104126,6200.0,328848.0
6300.0,2.322998354,1.9646187836333694E-7,6300.0,85.26984126984128,68.53984388091247,-32.76108726752505,55.74630424415833,6300.0,328848.0
6400.0,2.346826783,1.9848903937392763E-7,6400.0,85.4375,68.7964570419263,-31.824611032531823,56.016989145823494,6400.0,328848.0
6500.0,2.371716018,2.0060644655907731E-7,6500.0,85.53846153846155,68.99057993705749,-31.652661064425786,56.38051044083527,6500.0,328848.0
6600.0,2.395440485,2.0262476318832072E-7,6600.0,85.46969696969697,68.81273152459593,-32.82548476454292,56.21004566210046,6600.0,328848.0
6700.0,2.420285275,2.0473838929452828E-7,6700.0,85.59701492537314,69.04271879766527,-32.01094391244865,56.590193432298705,6700.0,328848.0
6800.0,2.445224955,2.068601396132012E-7,6800.0,85.69117647058823,69.13997719033681,-31.664411366711793,56.62059741417744,6800.0,328856.0
6900.0,2.470015995,2.0896924434189993E-7,6900.0,85.89855072463767,69.39925231293465,-31.30904183535767,56.65924276169265,6900.0,328856.0
7000.0,2.493942249,2.1100477715744324E-7,7000.0,85.84285714285714,69.21900308795033,-32.30974632843794,56.516015796401945,7000.0,328856.0
7100.0,2.517977761,2.1304960512818974E-7,7100.0,86.02816901408451,69.49216443460014,-31.914893617021228,56.719022687609076,7100.0,328856.0
7200.0,2.541787813,2.1507525202576897E-7,7200.0,86.15277777777777,69.62223301809023,-32.40371845949531,56.746203904555315,7200.0,328856.0
7300.0,2.565064722,2.1705563798011796E-7,7300.0,86.13698630136987,69.55226631521013,-33.68560105680311,56.69661959777494,7300.0,328872.0
7400.0,2.58984485,2.1916391693752463E-7,7400.0,86.32432432432432,69.76813978222629,-33.68560105680321,56.69661959777492,7400.0,328872.0
7500.0,2.614721319,2.2128039253148766E-7,7500.0,86.48,69.93421582702413,-33.596837944664074,56.648140230867895,7500.0,328872.0
7600.0,2.639439925,2.2338343723271868E-7,7600.0,86.6578947368421,70.13386048376914,-33.596837944664045,56.64814023086788,7600.0,328872.0
7700.0,2.6634228,2.2542393600111205E-7,7700.0,86.8051948051948,70.27408620894971,-33.86034255599476,56.56263360410433,7700.0,328880.0
7800.0,2.687047338,2.2743394692319133E-7,7800.0,86.97435897435898,70.4591468952917,-33.86034255599468,56.56263360410433,7800.0,328880.0
7900.0,2.71049415,2.2942883665216465E-7,7900.0,87.13924050632912,70.63731842303407,-33.86034255599465,56.56263360410433,7900.0,328880.0
8000.0,2.733494187,2.3138571409790465E-7,8000.0,87.2625,70.73325965429056,-34.25559947299073,56.43437366395896,8000.0,328880.0
8100.0,2.757047867,2.333896963156801E-7,8100.0,87.41975308641975,70.89930897890241,-34.25559947299078,56.43437366395895,8100.0,328880.0
8200.0,2.780174535,2.3535739557881736E-7,8200.0,87.57317073170732,71.05950247752659,-34.255599472990816,56.43437366395896,8200.0,328888.0
8300.0,2.803336548,2.3732810212041147E-7,8300.0,87.69879518072288,71.1647556365905,-34.51910408432146,56.34886703719537,8300.0,328888.0
8400.0,2.826532449,2.3930169197371437E-7,8400.0,87.82142857142857,71.2654209442619,-34.78260869565224,56.263360410431815,8400.0,328888.0
8500.0,2.85059221,2.413487821118596E-7,8500.0,87.96470588235294,71.41042432710356,-34.78260869565209,56.263360410431815,8500.0,328888.0
8600.0,2.874038884,2.4334370862495775E-7,8600.0,88.10465116279069,71.5506496610835,-34.78260869565225,56.263360410431794,8600.0,328888.0
8700.0,2.897583928,2.4534700480793295E-7,8700.0,88.24137931034483,71.68632928263635,-34.78260869565222,56.26336041043181,8700.0,328888.0
8800.0,2.92084183,2.473258699270897E-7,8800.0,88.375,71.85678798992868,-34.076015727391884,56.37526652452027,8800.0,328888.0
8900.0,2.944144848,2.49308573676176E-7,8900.0,88.50561797752809,72.02338350669267,-33.725490196078376,56.48660144619312,8900.0,328888.0
9000.0,2.967477276,2.5129377973278574E-7,9000.0,88.61111111111111,72.09995263796837,-33.98692810457526,56.401531263292206,9000.0,328888.0
9100.0,2.990549815,2.532569212589186E-7,9100.0,88.73626373626374,72.22020361823841,-33.986928104575156,56.401531263292206,9100.0,328896.0
9200.0,3.015331629,2.5536549752598217E-7,9200.0,88.82608695652175,72.26685446321076,-34.379084967320125,56.27392598894089,9200.0,328896.0
9300.0,3.042367505,2.576658620793145E-7,9300.0,88.75268817204301,72.08211333563386,-34.44730077120823,56.08732157850547,9300.0,328896.0
9324.0,3.056931404,2.589050406070571E-7,9324.0,88.74946374946376,72.05175574119251,-34.14322250639381,56.05362379555929,9324.0,328896.0
