learning evaluation instances,evaluation time (cpu seconds),model cost (RAM-Hours),classified instances,classifications correct (percent),Kappa Statistic (percent),Kappa Temporal Statistic (percent),Kappa M Statistic (percent),model training instances,model serialized size (bytes)
100.0,3.27256676,2.0139313305266698E-5,100.0,100.0,?,?,?,100.0,2.3788032E7
200.0,8.832058177,5.6679086036074075E-5,200.0,97.0,0.0,-50.0,0.0,200.0,2.5405816E7
300.0,13.386922722,8.663245214993695E-5,300.0,98.0,0.0,-50.00000000000042,0.0,300.0,2.5419824E7
400.0,17.922311893,1.1646570546218806E-4,400.0,98.5,0.0,-50.0,0.0,400.0,2.5426608E7
500.0,22.191383663,1.4455298571787914E-4,500.0,98.4,0.0,-33.33333333333333,0.0,500.0,2.5431888E7
600.0,26.32489152,1.717552183171258E-4,600.0,98.33333333333333,0.0,-25.00000000000063,0.0,600.0,2.5438304E7
700.0,30.769122985,2.0101902502996896E-4,700.0,96.85714285714285,0.0,-83.33333333333377,0.0,700.0,2.5452856E7
800.0,35.220490637,2.303823881523276E-4,800.0,85.375,6.754333532576186,-800.0000000000007,4.098360655737691,800.0,2.5498504E7
900.0,40.437939451,2.648227202501827E-4,900.0,86.11111111111111,48.57095836304792,-346.42857142857156,37.81094527363188,900.0,2.551584E7
1000.0,45.240240748,2.9653445486981455E-4,1000.0,87.1,59.58747901055111,-101.56250000000017,49.80544747081712,1000.0,2.5525424E7
1100.0,49.495078498,3.2464183097411447E-4,1100.0,83.45454545454545,52.542372881355924,-89.58333333333327,44.00000000000001,1100.0,2.5535224E7
1200.0,53.96156565,3.541557431331888E-4,1200.0,83.25,52.421906437639564,-71.79487179487171,44.01114206128135,1200.0,2.554248E7
1300.0,58.621734522,3.849552923262899E-4,1300.0,80.76923076923077,47.891781652135144,-100.0,40.334128878281625,1300.0,2.5547304E7
1400.0,63.29539574,4.158558338229919E-4,1400.0,79.28571428571428,46.24908649925331,-100.00000000000011,39.33054393305438,1400.0,2.555708E7
1500.0,67.928502293,4.464945424607056E-4,1500.0,77.4,42.82405325177657,-89.38547486033525,36.6355140186916,1500.0,2.5562336E7
1600.0,72.462498264,4.7648301309275977E-4,1600.0,75.5,39.51317362959534,-75.78475336322866,34.006734006734,1600.0,2.5566752E7
1700.0,77.245588273,5.081233121395786E-4,1700.0,74.05882352941177,37.43929182980684,-83.74999999999993,32.465543644716696,1700.0,2.5570216E7
1800.0,81.849085606,5.385888523256034E-4,1800.0,74.05555555555556,38.17299205648719,-64.43661971830986,33.28571428571427,1800.0,2.5581344E7
1900.0,86.419989896,5.688427151087485E-4,1900.0,74.1578947368421,40.505192482825635,-62.58278145695368,36.06770833333332,1900.0,2.5584744E7
2000.0,91.343313679,6.014335402878203E-4,2000.0,74.6,41.8285086112129,-52.095808383233496,37.128712871287135,2000.0,2.5588176E7
2100.0,95.863751037,6.313639166413092E-4,2100.0,75.19047619047619,44.991131007686455,-40.43126684636123,40.929705215419496,2100.0,2.559376E7
2200.0,100.737774633,6.636384070825171E-4,2200.0,75.77272727272727,47.58861127251597,-33.919597989949764,44.18848167539266,2200.0,2.559612E7
2300.0,105.700899078,6.965064742492873E-4,2300.0,76.39130434782608,49.559366392297186,-33.415233415233416,46.50246305418718,2300.0,2.5598904E7
2400.0,109.898944836,7.243135766917609E-4,2400.0,76.33333333333333,49.78517248086001,-31.786542923433903,46.81647940074905,2400.0,2.5604184E7
2500.0,114.254073791,7.53164180543591E-4,2500.0,76.84,51.09797297297297,-26.143790849673227,48.211091234347045,2500.0,2.5606856E7
2600.0,118.861352859,7.836897232201119E-4,2600.0,76.88461538461539,52.39012191005005,-30.936819172113296,50.656814449917896,2600.0,2.5610688E7
2700.0,123.667302591,8.155371290326947E-4,2700.0,77.44444444444444,54.44496160111706,-32.679738562091444,53.79362670713203,2700.0,2.5615168E7
2800.0,128.031384023,8.444602794817887E-4,2800.0,77.89285714285714,55.993845435110465,-34.858387799564284,55.20984081041968,2800.0,2.5618584E7
2900.0,132.795046866,8.760395119425965E-4,2900.0,78.0,56.678149228345646,-38.997821350762536,53.83502170767005,2900.0,2.5624944E7
3000.0,137.960283636,9.102858897939294E-4,3000.0,78.23333333333333,57.46818689855153,-42.26579520697166,52.749638205499274,3000.0,2.5628712E7
3100.0,142.288404135,9.389857202802144E-4,3100.0,78.61290322580645,58.41514204366117,-44.444444444444436,52.02604920405209,3100.0,2.5631992E7
3200.0,146.634087966,9.678036143841763E-4,3200.0,78.59375,58.503647589955456,-47.94816414686831,50.64841498559076,3200.0,2.5633416E7
3300.0,151.191430377,9.980280120659452E-4,3300.0,78.51515151515152,58.38156828396944,-49.89429175475689,50.105559465165385,3300.0,2.5635888E7
3400.0,155.285684768,0.0010251822417915281,3400.0,78.79411764705883,58.91553366231298,-51.15303983228513,49.474421864050456,3400.0,2.5636872E7
3500.0,159.594195596,0.0010537585585294424,3500.0,79.0,59.25387630664781,-51.2345679012345,50.0679347826087,3500.0,2.563784E7
3600.0,164.504080099,0.0010863254842280797,3600.0,79.13888888888889,59.47550183466436,-52.33265720081136,50.429042904290434,3600.0,2.56394E7
3700.0,169.688455264,0.0011207165210559015,3700.0,79.48648648648648,60.09177910260433,-52.716297786720375,51.37732222934016,3700.0,2.564196E7
3800.0,174.085041731,0.001149883107458929,3800.0,79.8157894736842,60.694779712216615,-48.069498069498145,51.60883280757097,3800.0,2.5643208E7
3900.0,178.655252712,0.0011802025637024818,3900.0,79.92307692307692,60.90177006650681,-46.35514018691597,52.16860109957238,3900.0,2.5644104E7
4000.0,182.907182256,0.001208412218537362,4000.0,80.075,61.1787249670969,-48.97196261682242,51.313378130726925,4000.0,2.5645672E7
4100.0,187.2255998,0.0012370660213637545,4100.0,79.5609756097561,60.23912535796708,-56.05214152700182,49.119611414693395,4100.0,2.5648384E7
4200.0,191.686308726,0.0012666648316338178,4200.0,79.66666666666666,60.403883042423075,-56.12431444241316,48.8009592326139,4200.0,2.5649136E7
4300.0,196.75631289,0.0013003086360026648,4300.0,80.0,60.94888506849257,-56.93430656934301,48.50299401197606,4300.0,2.5650696E7
4400.0,202.030035108,0.0013353055168541564,4400.0,80.02272727272727,60.95437852890603,-57.52688172043013,48.53629976580795,4400.0,2.56516E7
4500.0,206.582283278,0.0013655163099653622,4500.0,80.33333333333333,61.49514659979665,-57.754010695187105,49.16714531878231,4500.0,2.5653024E7
4600.0,210.766103532,0.0013932833377198258,4600.0,80.47826086956522,61.689412689088286,-59.786476868327384,48.59759587864912,4600.0,2.5654216E7
4700.0,215.037818992,0.001421634713062969,4700.0,80.72340425531915,62.12020798213739,-60.353982300884944,49.35718278367804,4700.0,2.5655128E7
4800.0,219.549130293,0.0014516051828810093,4800.0,80.70833333333334,62.022234013375275,-60.48526863084914,48.980716253443546,4800.0,2.5679888E7
4900.0,224.281211706,0.0014830445020113433,4900.0,80.85714285714286,62.20922058182441,-60.891938250428815,48.77116329874387,4900.0,2.5681672E7
5000.0,229.304445112,0.0015164194853526402,5000.0,80.96,62.25136057674846,-61.082910321489045,48.23273518216421,5000.0,2.5682664E7
5100.0,233.177224597,0.0015421525702201603,5100.0,81.23529411764706,62.63503430806181,-61.38279932546366,48.326133909287265,5100.0,2.568452E7
5200.0,237.329115974,0.001569741600654922,5200.0,81.51923076923076,63.034393134392296,-60.97152428810727,48.221982758620676,5200.0,2.5685784E7
5300.0,241.921086552,0.0016002560292926265,5300.0,81.75471698113208,63.332511043674465,-60.36484245439466,48.06659505907627,5300.0,2.5686712E7
5400.0,246.046814376,0.0016276745518740096,5400.0,81.7962962962963,63.26777695108018,-61.412151067323485,47.823779193205965,5400.0,2.568892E7
5500.0,250.444314495,0.0016569026887221882,5500.0,81.96363636363635,63.441260236581144,-61.300813008130106,47.73445732349841,5500.0,2.5691984E7
5600.0,254.744890156,0.0016854891326436611,5600.0,82.28571428571428,63.88318206641874,-60.77795786061585,47.78947368421053,5600.0,2.5694248E7
5700.0,258.81400056,0.001712538144466626,5700.0,82.42105263157895,64.0250656743798,-59.808612440191375,47.893915756630264,5700.0,2.5695336E7
5800.0,263.048122277,0.0017406850605292984,5800.0,82.53448275862068,64.07554542143885,-58.52895148669792,47.75657555440949,5800.0,2.5696256E7
5900.0,267.881039721,0.0017728144353214058,5900.0,82.54237288135593,63.9654063156896,-59.1962905718702,47.63599389933909,5900.0,2.569776E7
6000.0,273.071873382,0.001807327641342862,6000.0,82.69999999999999,64.16997515255662,-57.99086757990865,47.76044287871162,6000.0,2.5701032E7
6100.0,278.058761105,0.0018404870861968925,6100.0,82.49180327868852,63.6691463119343,-59.16542473919525,47.311297483966456,6100.0,2.5702776E7
6200.0,283.007998444,0.0018733984348069921,6200.0,82.37096774193549,63.31976530192478,-58.635703918722825,47.07021791767554,6200.0,2.5704536E7
6300.0,286.802755751,0.0018986338582768422,6300.0,82.46031746031746,63.422292587611516,-58.082975679542294,47.30567477348592,6300.0,2.5705672E7
6400.0,291.030314273,0.001926748335039319,6400.0,82.671875,63.7438852031366,-56.8599717114569,47.6639924492685,6400.0,2.5706488E7
6500.0,295.695831146,0.0019577771178076334,6500.0,82.81538461538462,64.0037560435812,-56.44257703081239,48.16705336426914,6500.0,2.5707944E7
6600.0,300.089350201,0.001987000671778381,6600.0,82.78787878787878,63.897748809688906,-57.34072022160667,48.12785388127854,6600.0,2.5711232E7
6700.0,305.052588429,0.0020200152616569175,6700.0,82.95522388059702,64.18778194621251,-56.22435020519831,48.62798020692758,6700.0,2.5712432E7
6800.0,309.772465227,0.0020514136230602407,6800.0,83.08823529411765,64.34582940582736,-55.61569688768606,48.729380294248784,6800.0,2.5714536E7
6900.0,314.620237742,0.0020836640982349348,6900.0,83.33333333333334,64.65949523871876,-55.19568151147099,48.77505567928732,6900.0,2.5715576E7
7000.0,319.692491,0.0021174099990363183,7000.0,83.31428571428572,64.53971148961057,-55.94125500667555,48.749451513821874,7000.0,2.5717128E7
7100.0,324.517416763,0.002149511538665067,7100.0,83.53521126760563,64.86433490601901,-55.45212765957442,48.996509598603836,7100.0,2.5718024E7
7200.0,329.62066407,0.002183465714190917,7200.0,83.69444444444444,65.04523385262908,-55.9096945551128,49.067245119305866,7200.0,2.5718696E7
7300.0,333.69194698,0.002210556880485054,7300.0,83.7123287671233,65.03301271633751,-57.06737120211355,49.12280701754387,7300.0,2.5721648E7
7400.0,338.383056497,0.0022417728713328114,7400.0,83.93243243243244,65.294059732747,-57.06737120211356,49.12280701754388,7400.0,2.5721952E7
7500.0,343.477033803,0.0022756705352534514,7500.0,84.11999999999999,65.50574962097836,-56.91699604743094,49.08080376229155,7500.0,2.5722616E7
7600.0,348.305428732,0.002307801531637907,7600.0,84.32894736842104,65.74674784072366,-56.916996047430835,49.080803762291566,7600.0,2.5723128E7
7700.0,353.402682744,0.0023417230257315523,7700.0,84.50649350649351,65.92877894167766,-57.18050065876158,48.99529713552801,7700.0,2.5724152E7
7800.0,358.24554138,0.00237395197605661,7800.0,84.7051282051282,66.15179842078102,-57.18050065876146,48.99529713552801,7800.0,2.5724488E7
7900.0,363.277036369,0.002407437029980146,7900.0,84.89873417721519,66.36637995516611,-57.180500658761545,48.995297135527984,7900.0,2.5725056E7
8000.0,367.994284472,0.0024388320116438193,8000.0,85.05,66.5006286383913,-57.57575757575747,48.867037195382665,8000.0,2.5726096E7
8100.0,372.140803335,0.002466429357425262,8100.0,85.23456790123457,66.7002725479365,-57.5757575757575,48.867037195382665,8100.0,2.5726816E7
8200.0,376.402825504,0.0024947960670081773,8200.0,85.41463414634146,66.8927670931551,-57.57575757575765,48.86703719538264,8200.0,2.5727384E7
8300.0,380.711891448,0.0025234765632712636,8300.0,85.56626506024097,67.03135731246113,-57.8392621870882,48.781530568619075,8300.0,2.5727992E7
8400.0,384.629883634,0.002549564348250214,8400.0,85.71428571428571,67.16421780573712,-58.102766798419125,48.696023941855486,8400.0,2.5738072E7
8500.0,389.321302029,0.0025808028715567635,8500.0,85.88235294117646,67.33806999630919,-58.10276679841897,48.696023941855465,8500.0,2.5738824E7
8600.0,393.651793849,0.0026096386032717325,8600.0,86.04651162790698,67.50611102368407,-58.102766798419026,48.69602394185549,8600.0,2.5739264E7
8700.0,397.739757704,0.0026368599648698694,8700.0,86.20689655172413,67.66862746324644,-58.10276679841906,48.69602394185548,8700.0,2.57398E7
8800.0,402.157598985,0.0026662789545508383,8800.0,86.36363636363636,67.86684214129765,-57.27391874180869,48.827292110874204,8800.0,2.574068E7
8900.0,406.207000173,0.0026932455004816734,8900.0,86.51685393258427,68.06042250319082,-56.86274509803921,48.95789025946405,8900.0,2.574168E7
9000.0,410.828420861,0.0027240230695507,9000.0,86.64444444444445,68.16356382563899,-57.124183006535986,48.87282007656318,9000.0,2.574312E7
9100.0,414.71634477,0.002749917517866143,9100.0,86.7912087912088,68.30732145436892,-57.12418300653582,48.87282007656319,9100.0,2.5744904E7
9200.0,419.501353179,0.0027817877312694985,9200.0,86.90217391304348,68.38012576529738,-57.516339869280955,48.74521480221182,9200.0,2.5745696E7
9300.0,423.835730411,0.002810658951358264,9300.0,86.8494623655914,68.23864154241261,-57.1979434447301,48.65659109991605,9300.0,2.574784E7
9324.0,426.046459743,0.0028253846449217534,9324.0,86.85113685113686,68.21617404972505,-56.77749360613803,48.638458315877685,9324.0,2.5747944E7
