learning evaluation instances,evaluation time (cpu seconds),model cost (RAM-Hours),classified instances,classifications correct (percent),Kappa Statistic (percent),Kappa Temporal Statistic (percent),Kappa M Statistic (percent),model training instances,model serialized size (bytes)
1000.0,91.223428371,6.736633981816998E-4,1000.0,89.9,71.485036702428,-57.8125000000001,60.70038910505837,1000.0,2.8545584E7
2000.0,183.292173219,0.0013550639010350676,2000.0,76.0,48.43588862151942,-43.71257485029936,40.594059405940605,2000.0,2.8608336E7
3000.0,275.242216758,0.0020365501476621085,3000.0,81.0,62.06763761683612,-24.18300653594766,58.75542691751087,3000.0,2.8648872E7
4000.0,366.937319438,0.00271654922241787,4000.0,82.19999999999999,63.3729123653202,-33.084112149532714,56.50580329871715,4000.0,2.8665832E7
5000.0,459.16685968,0.003401394240816881,5000.0,83.72,65.00864982737315,-37.73265651438239,55.736813485590005,5000.0,2.8702824E7
6000.0,551.504565372,0.004087481207064134,6000.0,85.03333333333333,66.02456799557186,-36.68188736681877,54.806240563663835,6000.0,2.8721192E7
7000.0,644.317721674,0.004777487341381594,7000.0,85.3142857142857,66.0423319423399,-37.24966622162891,54.89249670908293,7000.0,2.8737288E7
8000.0,736.933144868,0.005466238327568139,8000.0,86.8,67.53731076592348,-39.13043478260864,54.85250106883284,8000.0,2.8746256E7
9000.0,830.883622187,0.006165331449308497,9000.0,88.2,68.86265826112638,-38.82352941176476,54.8277328796257,9000.0,2.876328E7
9324.0,861.313872098,0.006391803383099714,9324.0,88.36336336336336,68.8663295694255,-38.74680306905365,54.545454545454554,9324.0,2.8768104E7