learning evaluation instances,evaluation time (cpu seconds),model cost (RAM-Hours),classified instances,classifications correct (percent),Kappa Statistic (percent),Kappa Temporal Statistic (percent),Kappa M Statistic (percent),model training instances,model serialized size (bytes)
100.0,2.086589134,9.656424783801044E-6,100.0,53.0,6.000000000000005,52.52525252525253,6.000000000000005,100.0,1.7888824E7
200.0,4.882174847,2.2607305099149296E-5,200.0,60.5,20.999999999999996,60.30150753768844,20.999999999999996,200.0,1.7907248E7
300.0,7.592069173,3.516848407566435E-5,300.0,67.0,34.00000000000001,66.88963210702342,34.00000000000001,300.0,1.7917624E7
400.0,10.162385982,4.7090711597503834E-5,400.0,69.25,38.5,69.17293233082708,38.5,400.0,1.7929704E7
500.0,12.733695732,5.902676181057784E-5,500.0,70.19999999999999,40.39999999999999,70.14028056112224,40.39999999999999,500.0,1.794356E7
600.0,15.588037873,7.232448954795298E-5,600.0,68.5,37.000000000000014,68.44741235392321,37.000000000000014,600.0,1.8008344E7
700.0,18.002167191,8.357568813990455E-5,700.0,68.71428571428572,37.42857142857143,68.6695278969957,37.42857142857143,700.0,1.8015168E7
800.0,20.425049331,9.487652020480125E-5,800.0,69.25,38.5,69.21151439299123,38.5,800.0,1.8029368E7
900.0,22.842483908,1.0615619635568908E-4,900.0,68.55555555555556,37.111111111111114,68.52057842046719,37.111111111111114,900.0,1.8036168E7
1000.0,25.547362197,1.18784566283396E-4,1000.0,69.0,37.999999999999986,68.96896896896897,37.999999999999986,1000.0,1.8046872E7
1100.0,28.250948035,1.314108244401701E-4,1100.0,69.36363636363636,38.72727272727272,69.33575978161966,38.72727272727272,1100.0,1.805248E7
1200.0,31.051372449,1.4449324924419054E-4,1200.0,69.25,38.5,69.22435362802335,38.5,1200.0,1.805788E7
1300.0,33.716848233,1.569498616346621E-4,1300.0,69.23076923076923,38.46153846153846,69.20708237105465,38.46153846153846,1300.0,1.8064568E7
1400.0,36.178078046,1.6845438237544035E-4,1400.0,69.28571428571428,38.57142857142857,69.26375982844888,38.57142857142857,1400.0,1.806836E7
1500.0,38.575889458,1.79665141433759E-4,1500.0,69.26666666666667,38.53333333333333,69.24616410940627,38.53333333333333,1500.0,1.8072672E7
1600.0,41.083146175,1.9138970407093082E-4,1600.0,69.8125,39.625,69.7936210131332,39.625,1600.0,1.8075912E7
1700.0,43.505295215,2.0271869301941343E-4,1700.0,70.23529411764706,40.47058823529412,70.21777516185992,40.47058823529412,1700.0,1.807976E7
1800.0,45.926120316,2.14043588832697E-4,1800.0,70.33333333333334,40.66666666666667,70.31684269038355,40.66666666666667,1800.0,1.8083112E7
1900.0,48.37148647,2.2548560840201707E-4,1900.0,70.42105263157895,40.842105263157904,70.40547656661401,40.842105263157904,1900.0,1.8086776E7
2000.0,50.789218358,2.368005872263298E-4,2000.0,70.45,40.900000000000006,70.43521760880441,40.900000000000006,2000.0,1.8090392E7
2100.0,53.243747658,2.482898809230837E-4,2100.0,70.42857142857143,40.85714285714286,70.41448308718438,40.85714285714286,2100.0,1.8093704E7
2200.0,55.703572515,2.5980623796769255E-4,2200.0,70.54545454545455,41.090909090909086,70.53206002728513,41.090909090909086,2200.0,1.809728E7
2300.0,58.324959124,2.720811235930698E-4,2300.0,70.6086956521739,41.21739130434783,70.59591126576773,41.21739130434783,2300.0,1.8100424E7
2400.0,60.840630877,2.838633221014656E-4,2400.0,70.375,40.75,70.36265110462693,40.75,2400.0,1.8104008E7
2500.0,63.326396252,2.955071923551757E-4,2500.0,70.67999999999999,41.36,70.66826730692277,41.36,2500.0,1.8106712E7
2600.0,65.807132421,3.0712912709491956E-4,2600.0,70.76923076923077,41.53846153846155,70.75798383993845,41.53846153846155,2600.0,1.810924E7
2700.0,68.268685121,3.1866286068967675E-4,2700.0,70.92592592592592,41.85185185185185,70.91515376065209,41.85185185185185,2700.0,1.8111864E7
2800.0,70.776497882,3.304152633913938E-4,2800.0,70.96428571428571,41.92857142857142,70.95391211146837,41.92857142857142,2800.0,1.8114816E7
2900.0,73.36463824,3.425461848793529E-4,2900.0,70.82758620689656,41.65517241379311,70.81752328389099,41.65517241379311,2900.0,1.811792E7
3000.0,75.890482761,3.5438663435038086E-4,3000.0,70.66666666666667,41.333333333333336,70.65688562854285,41.333333333333336,3000.0,1.812024E7
3100.0,78.40056704,3.6616074201262195E-4,3100.0,70.38709677419355,40.774193548387096,70.0684708183893,40.156453715775754,3100.0,1.8131848E7
3200.0,81.014253805,3.784252070830351E-4,3200.0,70.28125,40.56249999999999,69.64570699010532,39.3107849393746,3200.0,1.8138336E7
3300.0,83.601937497,3.9056956187347684E-4,3300.0,70.21212121212122,40.42424242424243,69.28125,38.56250000000001,3300.0,1.8141184E7
3400.0,86.179102459,4.026663909518673E-4,3400.0,70.35294117647058,40.70588235294117,69.14600550964187,38.31089351285189,3400.0,1.8143944E7
3500.0,88.739606685,4.146870996121504E-4,3500.0,70.62857142857143,41.25714285714286,69.15691569156915,38.332333533293344,3500.0,1.8147088E7
3600.0,91.427348319,4.2730680844022234E-4,3600.0,70.97222222222223,41.94444444444445,69.26470588235294,38.52941176470589,3600.0,1.814948E7
3700.0,94.044420196,4.39597248391671E-4,3700.0,71.1081081081081,42.21621621621621,69.16642630516296,38.3506343713956,3700.0,1.815324E7
3800.0,96.706797885,4.5210295210495213E-4,3800.0,71.36842105263158,42.736842105263165,69.20464194735352,38.42671194114318,3800.0,1.8156864E7
3900.0,99.450307162,4.649921540670036E-4,3900.0,71.35897435897436,42.717948717948715,68.97222222222223,37.94444444444445,3900.0,1.8160256E7
4000.0,102.219757282,4.780047181909947E-4,4000.0,71.475,42.95,68.88464685028633,37.786259541984734,4000.0,1.8162336E7
4100.0,104.856348268,4.903943060194261E-4,4100.0,71.26829268292683,42.536585365853654,68.4436110366997,36.90412426352436,4100.0,1.8164208E7
4200.0,107.460155786,5.026313878645559E-4,4200.0,71.14285714285714,42.285714285714285,68.10526315789474,36.21052631578946,4200.0,1.8166504E7
4300.0,109.982148558,5.144851299196372E-4,4300.0,71.11627906976744,42.23255813953488,67.88207913110938,35.780765253360904,4300.0,1.8168288E7
4400.0,112.526699206,5.264460769877897E-4,4400.0,71.11363636363637,42.227272727272734,67.68370200864481,35.38383324860194,4400.0,1.817008E7
4500.0,115.078773909,5.384436699171553E-4,4500.0,71.11111111111111,42.22222222222223,67.50000000000001,35.0,4500.0,1.8172016E7
4600.0,117.649995167,5.505347957516036E-4,4600.0,71.08695652173913,42.173913043478265,67.28167281672816,35.12195121951219,4600.0,1.8177312E7
4700.0,120.195415459,5.625067686569772E-4,4700.0,70.8936170212766,41.77781939207193,66.89254598257503,34.82610767031921,4700.0,1.8180616E7
4800.0,122.795961024,5.747401456867131E-4,4800.0,70.72916666666667,41.44908310167057,66.5316817532158,34.62075383899489,4800.0,1.8183784E7
4900.0,125.301704602,5.865291875709585E-4,4900.0,70.6734693877551,41.34693877551021,66.30715123094959,34.681818181818194,4900.0,1.8186296E7
5000.0,127.87715041,5.986476468330478E-4,5000.0,70.76,41.511193925357404,66.2511542012927,34.99333036905291,5000.0,1.818852E7
5100.0,130.507463111,6.110262410273469E-4,5100.0,70.7843137254902,41.56004457402048,66.12096407457938,35.189212701174434,5100.0,1.8191408E7
5200.0,133.125520082,6.233485669297183E-4,5200.0,70.78846153846153,41.576923076923066,65.97984322508397,35.361702127659555,5200.0,1.8193488E7
5300.0,135.761449295,6.357573846183491E-4,5300.0,70.73584905660377,41.46341254995723,65.7766990291262,35.34806169237182,5300.0,1.8196968E7
5400.0,138.27723686,6.476022048795992E-4,5400.0,70.81481481481482,41.62154953957277,65.72422792518486,35.647202939975514,5400.0,1.8199392E7
5500.0,140.747013633,6.592315014028557E-4,5500.0,70.65454545454546,41.30909090909092,65.40192926045016,35.44000000000002,5500.0,1.820112E7
5600.0,143.196192998,6.707649728533979E-4,5600.0,70.67857142857143,41.34937015249852,65.30008453085375,35.58258140447233,5600.0,1.8202952E7
5700.0,145.667387808,6.824033246018058E-4,5700.0,70.80701754385966,41.60652247657594,65.31888286786162,35.975375144286275,5700.0,1.820484E7
5800.0,148.328512069,6.949381682810328E-4,5800.0,70.77586206896552,41.551724137931046,65.15930113052416,36.03773584905661,5800.0,1.8207744E7
5900.0,151.087899249,7.079377499074621E-4,5900.0,70.76271186440678,41.51828697739384,65.02433090024331,36.08743979251574,5900.0,1.8210384E7
5995.0,153.553584424,7.195556902014406E-4,5995.0,70.9090909090909,41.81472858786487,65.0850850850851,36.51255915544231,5995.0,1.821352E7
