learning evaluation instances,evaluation time (cpu seconds),model cost (RAM-Hours),classified instances,classifications correct (percent),Kappa Statistic (percent),Kappa Temporal Statistic (percent),Kappa M Statistic (percent),model training instances,model serialized size (bytes)
100.0,0.507935045,1.0447287030143457E-7,100.0,35.0,0.0,-35.41666666666667,-91.17647058823532,100.0,795056.0
200.0,1.018774248,2.0954307233860095E-7,200.0,27.500000000000004,0.0,-93.33333333333333,-168.51851851851848,200.0,795056.0
300.0,1.341925051,2.76009232257973E-7,300.0,30.0,0.0,-74.99999999999999,-135.9550561797753,300.0,795056.0
400.0,1.651023378,3.3958505705080927E-7,400.0,29.75,0.0,-86.0927152317881,-138.13559322033896,400.0,795056.0
500.0,1.933933452,3.977744412228962E-7,500.0,28.999999999999996,0.0,-87.83068783068784,-146.52777777777774,500.0,795056.0
600.0,2.622466072,5.395012010439899E-7,600.0,35.16666666666667,-2.189141856392286,-66.95278969957083,-118.53932584269664,600.0,795664.0
700.0,2.972203927,6.114908374622753E-7,700.0,40.285714285714285,-1.7385257301808086,-50.359712230215834,-101.93236714975846,700.0,795664.0
800.0,3.266633307,6.72095841221623E-7,800.0,44.125,-1.4180374361883255,-41.009463722397484,-89.40677966101693,800.0,795664.0
900.0,3.568705451,7.342740227017261E-7,900.0,47.11111111111111,-1.180916391119503,-34.08450704225351,-79.622641509434,900.0,795664.0
1000.0,3.888912603,8.001850932977721E-7,1000.0,49.1,-1.8000000000000016,-27.568922305764403,-70.80536912751676,1000.0,795664.0
1100.0,4.20695022,8.656495893134177E-7,1100.0,51.45454545454545,-0.8585164835164807,-22.19679633867279,-65.32507739938083,1100.0,795664.0
1200.0,4.538906129,9.339790104903488E-7,1200.0,53.333333333333336,-0.29850746268659,-17.894736842105257,-60.45845272206301,1200.0,795664.0
1300.0,4.906650548,1.0096750972598625E-6,1300.0,53.84615384615385,-1.694915254237307,-15.606936416184963,-54.24164524421597,1300.0,795664.0
1400.0,5.221174674,1.0744163803432137E-6,1400.0,54.57142857142857,-2.2977941176470615,-11.775043936731096,-49.6470588235294,1400.0,795664.0
1500.0,5.532853017,1.1385718907383458E-6,1500.0,55.93333333333334,-1.6401845207585752,-9.618573797678264,-46.888888888888864,1500.0,795664.0
1600.0,5.851997621,1.2042642476804265E-6,1600.0,56.6875,-1.743439163149207,-6.779661016949144,-43.77593360995849,1600.0,795664.0
1700.0,6.157267917,1.267100733077017E-6,1700.0,57.88235294117647,-1.0795548912140738,-4.221251819505074,-41.782178217821745,1700.0,795664.0
1800.0,6.471185635,1.3317171938375425E-6,1800.0,58.72222222222222,-0.8293124246079432,-2.2008253094910732,-39.661654135338345,1800.0,795664.0
1900.0,6.771117163,1.393454753390828E-6,1900.0,59.36842105263158,-0.7555982964692713,-0.7832898172323564,-37.611408199643456,1900.0,795664.0
2000.0,7.076050208,1.4562218194308215E-6,2000.0,60.050000000000004,-0.5663939584644647,0.9913258983890962,-35.884353741496575,2000.0,795664.0
2100.0,7.431402815,1.529367189920441E-6,2100.0,61.04761904761905,0.058180125669075315,2.7348394768133133,-34.761120263591444,2100.0,795664.0
2200.0,7.759848936,1.5969741603863239E-6,2200.0,61.18181818181818,-0.32037590773172886,3.0646992054483664,-32.814930015552115,2200.0,795664.0
2300.0,8.062503861,1.659272300834842E-6,2300.0,61.56521739130435,-0.3454742868423858,3.9130434782608803,-31.35215453194648,2300.0,795664.0
2400.0,8.382086621,1.7250548473022588E-6,2400.0,61.875,-0.4115226337448325,4.786680541103017,-29.9715909090909,2400.0,795664.0
2500.0,8.70004427,1.7905028827970806E-6,2500.0,62.239999999999995,-0.38281582305404827,5.976095617529858,-28.785811732605737,2500.0,795664.0
2600.0,9.018633523,1.8560809269302876E-6,2600.0,62.46153846153846,-0.4751346214760992,7.575757575757576,-27.581699346405266,2600.0,795664.0
2700.0,9.31825769,1.9177552196500783E-6,2700.0,62.81481481481481,-0.40743758796949037,9.30442637759711,-26.607818411097117,2700.0,795664.0
2800.0,9.62356104,1.980598508843879E-6,2800.0,63.17857142857143,-0.3127388977691064,9.640666082383866,-25.731707317073187,2800.0,795664.0
2900.0,9.853900451,2.028011307354615E-6,2900.0,63.51724137931034,-0.22866849601464262,10.867733782645315,-24.911452184179474,2900.0,795664.0
3000.0,10.131480308,2.085148024746759E-6,3000.0,63.800000000000004,-0.18450184501842984,12.064777327935216,-24.114285714285728,3000.0,795664.0
3100.0,10.36566318,2.1333519568337498E-6,3100.0,63.806451612903224,-0.37515872099732755,12.137823022709485,-23.161361141602654,3100.0,795664.0
3200.0,10.666486178,2.1952730155429325E-6,3200.0,63.90625,-0.46208208752379604,12.566237698713095,-22.351694915254228,3200.0,795664.0
3300.0,10.958755628,2.255433421803994E-6,3300.0,63.87878787878788,-0.6396152074911746,12.73792093704246,-21.508664627930692,3300.0,795664.0
3400.0,11.303815219,2.326460089760004E-6,3400.0,64.3529411764706,-0.3897875657766264,12.993539124192388,-21.078921078921063,3400.0,795664.0
3500.0,11.608549534,2.3891862494461648E-6,3500.0,64.28571428571429,-0.5747126436781365,13.314840499306538,-20.307988450433108,3500.0,795664.0
3600.0,11.915676534,2.452404916651174E-6,3600.0,64.25,-0.7173601147776263,13.040540540540526,-19.609665427509317,3600.0,795664.0
3700.0,12.222829521,2.51562893299027E-6,3700.0,64.51351351351352,-0.6213624407117085,13.218770654329145,-19.14700544464613,3700.0,795664.0
3800.0,12.54408602,2.5817559999616773E-6,3800.0,64.78947368421053,-0.5139965206389355,13.954983922829589,-18.72227151730256,3800.0,795664.0
3900.0,12.85908028,2.6465940548849767E-6,3900.0,64.97435897435896,-0.4714846107423184,14.464621164683775,-18.268398268398304,3900.0,795664.0
4000.0,13.17718818,2.7120730178722242E-6,4000.0,64.825,-0.6617778572705961,14.468085106382977,-17.64214046822741,4000.0,795664.0
4100.0,13.49901221,2.7783169047696472E-6,4100.0,64.95121951219512,-0.6491620684353273,14.718100890207728,-17.21044045676996,4100.0,795664.0
4200.0,13.770677203,2.8342361133827555E-6,4200.0,65.07142857142857,-0.6370050960407706,14.659685863874333,-16.799363057324864,4200.0,795664.0
4300.0,14.05716184,2.893205780412521E-6,4300.0,65.09302325581395,-0.6863953325117601,14.86103233125355,-16.356589147286805,4300.0,795664.0
4400.0,14.323374379,2.948002662187297E-6,4400.0,65.27272727272727,-0.6286295874992649,15.533443891652842,-16.021260440394844,4400.0,795664.0
4500.0,14.621362984,3.0093402927127145E-6,4500.0,65.33333333333333,-0.6451612903225523,15.85760517799353,-15.641215715344693,4500.0,795664.0
4600.0,14.902491167,3.0672073934333476E-6,4600.0,65.58695652173913,-0.5384657867123442,16.464379947229542,-15.379008746355712,4600.0,795664.0
4700.0,15.146624564,3.1174595301017987E-6,4700.0,65.7872340425532,-0.46526466913033393,16.813243662700465,-15.103793843951319,4700.0,795664.0
4800.0,15.403753778,3.170386710742223E-6,4800.0,65.85416666666667,-0.4725294373068544,17.180394138453757,-14.775910364145656,4800.0,795664.0
4900.0,15.636715905,3.218339366087354E-6,4900.0,66.12244897959184,-0.35780382479950545,17.33067729083667,-14.561766735679765,4900.0,795664.0
5000.0,15.896762691,3.2718670963809014E-6,5000.0,66.18,-0.3913541137301479,17.95245026686076,-14.334009465855308,5000.0,795664.0
5100.0,16.208323121,3.3359983357002043E-6,5100.0,65.70588235294117,0.8663841697400221,17.226691907240898,-14.990138067061137,5100.0,795664.0
5200.0,16.494235292,3.39485016698925E-6,5200.0,65.13461538461539,1.4105539941295395,16.025937934228786,-16.441875401412997,5200.0,795664.0
5300.0,16.735582484,3.444528794436239E-6,5300.0,64.75471698113208,2.6814980624571088,15.627822944896117,-16.60424469413234,5300.0,795664.0
5400.0,16.999882889,3.4989320847553717E-6,5400.0,64.37037037037037,3.722496609770862,15.130127922364359,-16.889428918590554,5400.0,795664.0
5500.0,17.246406108,3.5496761396260556E-6,5500.0,63.89090909090909,4.1811006146690834,14.025974025974024,-17.933491686460805,5500.0,795664.0
5600.0,17.475512217,3.596835076676545E-6,5600.0,63.55357142857143,5.102398344755221,13.185878349638458,-18.045112781954888,5600.0,795664.0
5700.0,17.705711152,3.6442189597695735E-6,5700.0,63.05263157894737,5.238478662435478,12.286547271970024,-19.3201133144476,5700.0,795664.0
5800.0,17.929819722,3.6903492091602834E-6,5800.0,62.63793103448276,5.612796635626324,11.551020408163279,-20.121951219512187,5800.0,795664.0
5900.0,18.19972251,3.7459056875300656E-6,5900.0,62.33898305084746,6.325116112897497,11.155537784886064,-20.173066522444547,5900.0,795664.0
6000.0,18.492046208,3.806077260136836E-6,6000.0,62.016666666666666,6.8465154302063995,10.662485299882398,-20.454545454545453,6000.0,795664.0
6100.0,18.799940274,3.869453819321965E-6,6100.0,61.60655737704918,6.972716025265334,9.819021948401986,-21.410057024364953,6100.0,795664.0
6200.0,19.103876595,3.932015720844182E-6,6200.0,61.22580645161291,7.140629413682873,9.351432880844653,-22.154471544715445,6200.0,795664.0
6300.0,19.41015942,3.9950606240415076E-6,6300.0,61.03174603174604,7.862561550060736,8.972932888394523,-21.715418939018313,6300.0,795664.0
6400.0,19.702987597,4.055336038023386E-6,6400.0,60.78125,8.318487784682695,8.89292196007258,-21.72647914645977,6400.0,795664.0
6500.0,19.940862503,4.104299934127724E-6,6500.0,60.49230769230769,8.540083409778235,8.187343582409714,-22.169362511893446,6500.0,795664.0
6600.0,20.158607454,4.149120303528135E-6,6600.0,60.31818181818181,9.087409131588949,8.45858091576371,-21.813953488372086,6600.0,795664.0
6700.0,20.398847218,4.1985709792737574E-6,6700.0,59.95522388059702,8.988702834984116,7.768992781024428,-22.79176201372998,6700.0,795664.0
6800.0,20.63070927,4.246297196450555E-6,6800.0,59.720588235294116,9.236147416262282,7.497467071935146,-22.990570273911096,6800.0,795664.0
6900.0,20.848608764,4.291149376803718E-6,6900.0,59.434782608695656,9.314527875460715,6.886227544910187,-23.46713718570795,6900.0,795664.0
7000.0,21.094705569,4.341805659108794E-6,7000.0,59.22857142857143,9.583350229693952,6.640497219496244,-23.49632193855472,7000.0,795664.0
7100.0,21.386035295,4.4017726336662914E-6,7100.0,58.84507042253521,9.323472913347624,5.8330647760232,-24.658703071672377,7100.0,795664.0
7200.0,21.655137091,4.45716423676727E-6,7200.0,58.736111111111114,9.789123346226711,5.772280367903574,-24.101921470342518,7200.0,795664.0
7300.0,21.92174031,4.512041535662337E-6,7300.0,58.54794520547946,10.000798551525332,5.585023400936048,-24.067240672406708,7300.0,795664.0
7400.0,22.141321572,4.557239889199583E-6,7400.0,58.36486486486486,10.179626564333876,5.374692874692858,-24.083769633507877,7400.0,795664.0
7500.0,22.383431842,4.607075587741375E-6,7500.0,58.10666666666666,10.12914858952531,4.759017884207316,-24.732036522429556,7500.0,795664.0
7600.0,22.690910751,4.6703666914887835E-6,7600.0,57.94736842105264,10.31855712772452,4.795948763777186,-24.648985959438377,7600.0,795664.0
7700.0,22.982085698,4.730301806515561E-6,7700.0,57.753246753246756,10.40927859727416,4.715875805506754,-24.779439969313398,7700.0,795664.0
7800.0,23.27537429,4.790671991789646E-6,7800.0,57.58974358974359,10.528765343149578,4.4206876625252765,-24.83018867924527,7800.0,795664.0
7900.0,23.567878377,4.850880695459978E-6,7900.0,57.291139240506325,10.313934540134575,4.038680318543792,-25.707898658718335,7900.0,795664.0
8000.0,23.857122944,4.910418463295532E-6,8000.0,57.1125,10.384950313404548,3.7857543466068364,-25.815914924825805,8000.0,795664.0
8100.0,24.162477816,4.973272357718347E-6,8100.0,56.97530864197531,10.514403096499318,3.6494332319601788,-25.63085796683488,8100.0,795664.0
8200.0,24.444189321,5.031259528766211E-6,8200.0,56.84146341463414,10.636861175408653,3.569482288828316,-25.49645390070924,8200.0,795664.0
8300.0,24.723045112,5.0886588829402775E-6,8300.0,56.75903614457831,10.861093678875026,3.417653390742733,-24.96518105849581,8300.0,795664.0
8400.0,24.936230169,5.132540649022595E-6,8400.0,56.58333333333333,10.851162053304215,3.1341301460823217,-25.24038461538462,8400.0,795664.0
8500.0,25.194766522,5.18575747353071E-6,8500.0,56.529411764705884,11.116037867525256,3.3228676085818942,-24.704691191360105,8500.0,795664.0
8600.0,25.496419156,5.247849303556596E-6,8600.0,56.44186046511628,11.274277593557548,3.1290405999482886,-24.493187105350614,8600.0,795664.0
8700.0,25.780463204,5.306316602563442E-6,8700.0,56.2183908045977,11.123070448315667,2.5083184028666534,-25.213675213675213,8700.0,795664.0
8800.0,26.073955155,5.366728647019377E-6,8800.0,56.10227272727273,11.172030425560257,2.326169405815432,-25.30003243593902,8800.0,795664.0
8900.0,26.367704635,5.427193700947441E-6,8900.0,55.9438202247191,11.157012590042335,2.1706586826347207,-25.472,8900.0,795664.0
9000.0,26.607528121,5.476558690509997E-6,9000.0,55.92222222222222,11.411344350156307,2.1218850234394235,-24.787669078326534,9000.0,795664.0
9100.0,26.861608915,5.528858387895999E-6,9100.0,55.79120879120879,11.406510131891386,1.8541107587216425,-24.821594787465102,9100.0,795664.0
9200.0,27.177157582,5.593810561316301E-6,9200.0,55.673913043478265,11.414641886365493,1.592664092664091,-24.74762924441723,9200.0,795664.0
9300.0,27.490551418,5.658319186810592E-6,9300.0,55.53763440860215,11.387818090669303,1.3126491646778178,-24.886741165810903,9300.0,795664.0
9400.0,27.737818473,5.709216352025007E-6,9400.0,55.40425531914893,11.355262869591707,1.178689297501162,-25.13432835820895,9400.0,795664.0
9500.0,27.992281826,5.761594794914033E-6,9500.0,55.27368421052632,11.32487973592651,1.0249242953645492,-25.191514437242184,9500.0,795664.0
9600.0,28.307320341,5.826441959235455E-6,9600.0,55.03125,11.087341874697056,0.5070292694169218,-26.117440841367223,9600.0,795664.0
9700.0,28.58223095,5.8830292417000295E-6,9700.0,54.83505154639175,10.915143727489646,-0.09138679460817388,-26.765046296296298,9700.0,795664.0
9800.0,28.836368033,5.935340525548824E-6,9800.0,54.79591836734694,11.03398655816861,-0.045167118337850594,-26.426940639269414,9800.0,795664.0
9900.0,29.09397537,5.988366122475736E-6,9900.0,54.65656565656566,10.95791603403071,-0.44752741105392996,-26.843741169821968,9900.0,795664.0
10000.0,29.398972739,6.051146428893649E-6,10000.0,54.6,11.029127260800829,-0.4647045806594359,-26.56816281014774,10000.0,795664.0
