learning evaluation instances,evaluation time (cpu seconds),model cost (RAM-Hours),classified instances,classifications correct (percent),Kappa Statistic (percent),Kappa Temporal Statistic (percent),Kappa M Statistic (percent),model training instances,model serialized size (bytes)
100.0,0.417033547,8.5776108768156E-8,100.0,35.0,0.0,-35.41666666666667,-91.17647058823532,100.0,795056.0
200.0,0.745635316,1.533634318550262E-7,200.0,27.500000000000004,0.0,-93.33333333333333,-168.51851851851848,200.0,795056.0
300.0,0.96906873,1.9931956406446794E-7,300.0,30.0,0.0,-74.99999999999999,-135.9550561797753,300.0,795056.0
400.0,1.172857765,2.412352098384458E-7,400.0,29.75,0.0,-86.0927152317881,-138.13559322033896,400.0,795056.0
500.0,1.374679297,2.8274617653434064E-7,500.0,28.999999999999996,0.0,-87.83068783068784,-146.52777777777774,500.0,795056.0
600.0,1.919918405,4.0268699883540057E-7,600.0,29.833333333333336,0.0,-80.68669527896996,-136.5168539325843,600.0,850320.0
700.0,2.187647077,4.615815216275015E-7,700.0,29.714285714285715,0.0,-76.97841726618705,-137.68115942028987,700.0,850320.0
800.0,2.413095547,5.11175313564957E-7,800.0,29.625,0.0,-77.602523659306,-138.55932203389827,800.0,850320.0
900.0,2.654654068,5.64312968618431E-7,900.0,29.555555555555557,0.0,-78.59154929577463,-139.24528301886795,900.0,850320.0
1000.0,2.902008918,6.187256908055477E-7,1000.0,29.9,0.0,-75.6892230576441,-135.23489932885903,1000.0,850320.0
1100.0,3.16417822,6.763972723238253E-7,1100.0,29.454545454545457,0.0,-77.57437070938217,-140.2476780185759,1100.0,850320.0
1200.0,3.403824935,7.29114371367366E-7,1200.0,29.166666666666668,0.0,-78.94736842105262,-143.5530085959885,1200.0,850320.0
1300.0,3.643966929,7.819404210889795E-7,1300.0,30.0,0.0,-75.33718689788053,-133.93316195372756,1300.0,850320.0
1400.0,3.871800491,8.320588817296633E-7,1400.0,30.428571428571427,0.0,-71.1775043936731,-129.17647058823528,1400.0,850320.0
1500.0,4.10643264,8.836728846073234E-7,1500.0,30.06666666666667,0.0,-73.96351575456052,-133.11111111111106,1500.0,850320.0
1600.0,4.367838946,9.411766234923237E-7,1600.0,30.1875,0.0,-72.11093990755008,-131.7427385892116,1600.0,850320.0
1700.0,4.596017611,9.913709993360646E-7,1700.0,29.764705882352942,0.0,-73.79912663755455,-136.43564356435638,1700.0,850320.0
1800.0,4.865586617,1.050670355842457E-6,1800.0,29.61111111111111,0.0,-74.27785419532327,-138.1578947368421,1800.0,850320.0
1900.0,5.099947673,1.102224724117861E-6,1900.0,29.63157894736842,0.0,-74.54308093994776,-137.90035587188615,1900.0,850320.0
2000.0,5.341235818,1.155302902293586E-6,2000.0,29.5,0.0,-74.5049504950495,-139.38879456706283,2000.0,850320.0
2100.0,5.610276249,1.2144859837213613E-6,2100.0,29.04761904761905,0.0,-76.74970344009488,-144.66338259441704,2100.0,850320.0
2200.0,5.85016732,1.267256835804888E-6,2200.0,29.363636363636363,0.0,-76.1904761904762,-140.9302325581395,2200.0,850320.0
2300.0,6.096277585,1.3213957761848428E-6,2300.0,29.347826086956523,0.0,-76.63043478260867,-141.09792284866472,2300.0,850320.0
2400.0,6.350896991,1.3774065437203355E-6,2400.0,29.375,0.0,-76.37877211238295,-140.76704545454547,2400.0,850320.0
2500.0,6.609567017,1.4343083601305344E-6,2500.0,29.32,0.0,-75.82089552238804,-141.39344262295086,2500.0,850320.0
2600.0,6.865360561,1.490577412655399E-6,2600.0,29.423076923076923,0.0,-73.60454115421004,-140.18324607329842,2600.0,850320.0
2700.0,7.093901333,1.5408514442147768E-6,2700.0,29.444444444444446,0.0,-71.77637511271415,-139.92443324937028,2700.0,850320.0
2800.0,7.324521094,1.5915828084316186E-6,2800.0,29.428571428571427,0.0,-72.27550130775936,-140.09720534629406,2800.0,850320.0
2900.0,7.554901147,1.6422614420680411E-6,2900.0,29.310344827586203,0.0,-72.12426532325776,-141.4605418138987,2900.0,850320.0
3000.0,7.784192645,1.6927006171258248E-6,3000.0,29.233333333333334,0.0,-71.34786117836964,-142.35159817351595,3000.0,850320.0
3100.0,8.057529489,1.7528288165772414E-6,3100.0,29.419354838709676,0.0,-70.40498442367603,-140.17563117453352,3100.0,850320.0
3200.0,8.290027593,1.8039733756670809E-6,3200.0,29.593750000000004,0.0,-69.90950226244341,-138.16067653276954,3200.0,850320.0
3300.0,8.534050088,1.8576530517593107E-6,3300.0,29.666666666666668,0.0,-70.16129032258064,-137.321063394683,3300.0,850320.0
3400.0,8.786023038,1.913081656159096E-6,3400.0,29.64705882352941,0.0,-70.85714285714288,-137.53723932472695,3400.0,850320.0
3500.0,9.039850903,1.9689183017781083E-6,3500.0,29.714285714285715,0.0,-70.47817047817048,-136.76612127045237,3500.0,850320.0
3600.0,9.263647725,2.0181487668441686E-6,3600.0,29.86111111111111,0.0,-69.91924629878868,-135.1024208566108,3600.0,850320.0
3700.0,9.479132244,2.0655507048614402E-6,3700.0,30.08108108108108,0.0,-69.19555264879006,-132.6438848920863,3700.0,850320.0
3800.0,9.704552154,2.1151382142160165E-6,3800.0,29.947368421052634,0.0,-70.42253521126761,-134.1248900615655,3800.0,850320.0
3900.0,9.938399459,2.1665795683724884E-6,3900.0,29.97435897435897,0.0,-69.73275326289621,-133.81849315068493,3900.0,850320.0
4000.0,10.149353577,2.212984916062102E-6,4000.0,30.0,0.0,-69.38898971566849,-133.52793994995832,4000.0,850320.0
4100.0,10.373145344,2.26221426913739E-6,4100.0,30.21951219512195,0.0,-68.19517930629041,-131.0985460420032,4100.0,850320.0
4200.0,10.583942645,2.3085851204754862E-6,4200.0,30.214285714285715,0.0,-68.06192660550461,-131.15141955835963,4200.0,850320.0
4300.0,10.80581524,2.3573922971800046E-6,4300.0,30.162790697674417,0.0,-69.18309859154932,-131.71296296296296,4300.0,850320.0
4400.0,11.027125666,2.406075808851801E-6,4400.0,30.25,0.0,-68.53377265238882,-130.75187969924815,4400.0,850320.0
4500.0,11.238599593,2.4525955032894463E-6,4500.0,30.288888888888888,0.0,-67.93361884368309,-130.32305433186494,4500.0,850320.0
4600.0,11.461141259,2.5015498611567617E-6,4600.0,30.26086956521739,0.0,-67.51958224543083,-130.6254493170381,4600.0,850320.0
4700.0,11.697310845,2.553502066953674E-6,4700.0,30.404255319148938,0.0,-66.71763506625891,-129.06162464985997,4700.0,850320.0
4800.0,11.916223932,2.601658215846874E-6,4800.0,30.541666666666668,0.0,-65.70576540755467,-127.57679180887374,4800.0,850320.0
4900.0,12.146585152,2.6523327066302372E-6,4900.0,30.551020408163264,0.0,-65.19417475728153,-127.47326203208556,4900.0,850320.0
5000.0,12.374605619,2.702492282332301E-6,5000.0,30.56,0.0,-65.64885496183206,-127.37393582187295,5000.0,850320.0
5100.0,12.612331376,2.7547868121236633E-6,5100.0,30.686274509803923,0.0,-65.03267973856207,-126.02301790281332,5100.0,850320.0
5200.0,12.849723458,2.807007940625034E-6,5200.0,30.76923076923077,0.0,-64.15868673050615,-125.14071294559099,5200.0,850320.0
5300.0,13.079845237,2.857629759562209E-6,5300.0,30.943396226415093,0.0,-62.88384512683578,-123.30689444783407,5300.0,850320.0
5400.0,13.32163931,2.9108192309659045E-6,5400.0,31.037037037037035,0.0,-62.691131498470966,-122.3283582089552,5400.0,850320.0
5500.0,13.571297973,2.965738742232516E-6,5500.0,31.09090909090909,0.0,-62.45177882554649,-121.76711527208892,5500.0,850320.0
5600.0,13.836321368,3.0240381625399063E-6,5600.0,30.982142857142858,0.0,-62.942664418212466,-122.89504036908883,5600.0,850320.0
5700.0,14.070048216,3.0754530187591982E-6,5700.0,31.17543859649123,0.0,-61.83993399339936,-120.88963963963964,5700.0,850320.0
5800.0,14.317005324,3.129778246300675E-6,5800.0,31.344827586206897,0.0,-60.62928600242032,-119.15244909190974,5800.0,850320.0
5900.0,14.586872992,3.1891433019936157E-6,5900.0,31.52542372881356,0.0,-59.36883629191318,-117.32114039806349,5900.0,850320.0
6000.0,14.832430188,3.243160579144217E-6,6000.0,31.55,0.0,-59.124370399070116,-117.07188160676532,6000.0,850320.0
6100.0,15.075281594,3.2965826409611927E-6,6100.0,31.655737704918035,0.0,-58.276385725132855,-116.01036269430054,6100.0,850320.0
6200.0,15.340411457,3.3549054819280357E-6,6200.0,31.85483870967742,0.0,-57.649253731343286,-114.03242147923001,6200.0,850320.0
6300.0,15.579542564,3.40750915835277E-6,6300.0,32.12698412698413,0.0,-56.57268399853535,-111.36925358378645,6300.0,850320.0
6400.0,15.823372321,3.461146436249659E-6,6400.0,32.265625,0.0,-55.543595263724455,-110.02906976744187,6400.0,850320.0
6500.0,16.053930893,3.511864340208665E-6,6500.0,32.38461538461539,0.0,-55.24549629106323,-108.88783269961975,6500.0,850320.0
6600.0,16.339731558,3.574734310963385E-6,6600.0,32.68181818181819,0.0,-53.31262939958592,-106.07606679035251,6600.0,850320.0
6700.0,16.557059498,3.6225417617682447E-6,6700.0,32.626865671641795,0.0,-53.5896563456958,-106.59038901601834,6700.0,850320.0
6800.0,16.770040883,3.669393064392925E-6,6800.0,32.76470588235294,0.0,-52.756431673905766,-105.29860799281545,6800.0,850320.0
6900.0,16.985455908,3.7167797152318142E-6,6900.0,32.91304347826087,0.0,-52.21966458401841,-103.92070484581501,6900.0,850320.0
7000.0,17.210487186,3.7662817339439026E-6,7000.0,33.04285714285714,0.0,-51.682847896440144,-102.7249134948097,7000.0,850320.0
7100.0,17.449482821,3.818855609455899E-6,7100.0,33.056338028169016,0.0,-51.65922144224635,-102.60017050298377,7100.0,850320.0
7200.0,17.692534175,3.872321655512422E-6,7200.0,33.30555555555556,0.0,-50.816582914572884,-100.33375052148521,7200.0,850320.0
7300.0,17.909825469,3.920121044989124E-6,7300.0,33.41095890410959,0.0,-50.16991041087429,-99.3847415914684,7300.0,850320.0
7400.0,18.134202549,3.969479154277042E-6,7400.0,33.56756756756757,0.0,-49.46792338096687,-97.98630688683046,7400.0,850320.0
7500.0,18.346487885,4.0161773411618625E-6,7500.0,33.61333333333334,0.0,-49.384938493849376,-97.5793650793651,7500.0,850320.0
7600.0,18.569936531,4.065331215031267E-6,7600.0,33.776315789473685,0.0,-48.466076696165196,-96.14185502727983,7600.0,850320.0
7700.0,18.783569622,4.112325878893964E-6,7700.0,33.909090909090914,0.0,-47.76422764227642,-94.98084291187742,7700.0,850320.0
7800.0,18.994318135,4.158685997926265E-6,7800.0,33.96153846153846,0.0,-47.550845030077326,-94.52416918429006,7800.0,850320.0
7900.0,19.199879,4.20390494649262E-6,7900.0,33.974683544303794,0.0,-47.012401352874875,-94.40924338427136,7900.0,850320.0
8000.0,19.414532381,4.251124052109018E-6,8000.0,34.112500000000004,0.0,-46.53878231859881,-93.2184750733138,8000.0,850320.0
8100.0,19.638495796,4.300391164035357E-6,8100.0,34.27160493827161,0.0,-45.942982456140335,-91.85585585585588,8100.0,850320.0
8200.0,19.853365374,4.347657828320197E-6,8200.0,34.40243902439024,0.0,-45.29983792544572,-90.74468085106385,8200.0,850320.0
8300.0,20.075733762,4.396574068771682E-6,8300.0,34.6144578313253,0.0,-44.79722518676626,-88.96239554317546,8300.0,850320.0
8400.0,20.288444145,4.443365756812139E-6,8400.0,34.67857142857143,0.0,-44.584980237154156,-88.42719780219778,8400.0,850320.0
8500.0,20.505320694,4.491073911350599E-6,8500.0,34.88235294117647,0.0,-43.69158878504673,-86.7408906882591,8500.0,850320.0
8600.0,20.73452757,4.5414944713968845E-6,8600.0,35.0,0.0,-43.443674621503725,-85.77600531738119,8600.0,850320.0
8700.0,20.955420679,4.590086182346015E-6,8700.0,34.98850574712644,0.0,-43.626206196038595,-85.86920801840289,8700.0,850320.0
8800.0,21.175014324,4.638392039293802E-6,8800.0,35.04545454545455,0.0,-43.437892095357576,-85.4038274408044,8800.0,850320.0
8900.0,21.394201962,4.686608583474538E-6,8900.0,35.13483146067416,0.0,-42.96681525507676,-84.6769033909149,8900.0,850320.0
9000.0,21.619156956,4.736093821354962E-6,9000.0,35.333333333333336,0.0,-42.542248346803824,-83.07643913180246,9000.0,850320.0
9100.0,21.838566508,4.7843591818206076E-6,9100.0,35.43956043956044,0.0,-42.25181598062952,-82.22704714640197,9100.0,850320.0
9200.0,22.057963946,4.832621877468011E-6,9200.0,35.55434782608696,0.0,-42.04599904168663,-81.31498470948011,9200.0,850320.0
9300.0,22.27754803,4.8809256312023905E-6,9300.0,35.623655913978496,0.0,-41.872037914691944,-80.76690821256041,9300.0,850320.0
9400.0,22.497781496,4.929372234945005E-6,9400.0,35.648936170212764,0.0,-41.56330446992746,-80.56716417910447,9400.0,850320.0
9500.0,22.721954999,4.978685561691789E-6,9500.0,35.73684210526316,0.0,-41.221374045801525,-79.87625220978197,9500.0,850320.0
9600.0,22.948463653,5.02851257120092E-6,9600.0,35.67708333333333,0.0,-41.30434782608696,-80.3446261682243,9600.0,850320.0
9700.0,23.164222946,5.075974953560909E-6,9700.0,35.649484536082475,0.0,-41.60617059891106,-80.56118021405842,9700.0,850320.0
9800.0,23.387764078,5.1251491723518875E-6,9800.0,35.775510204081634,0.0,-41.18438761776581,-79.57203994293864,9800.0,850320.0
9900.0,23.600050265,5.17184754643832E-6,9900.0,35.75757575757576,0.0,-41.364747721715936,-79.71178298954504,9900.0,850320.0
10000.0,23.826316965,5.221621331295563E-6,10000.0,35.88,0.0,-40.95405583644758,-78.75662113186506,10000.0,850320.0
