learning evaluation instances,evaluation time (cpu seconds),model cost (RAM-Hours),classified instances,classifications correct (percent),Kappa Statistic (percent),Kappa Temporal Statistic (percent),Kappa M Statistic (percent),model training instances,model serialized size (bytes)
100.0,0.629873071,1.2955327320041343E-7,100.0,35.0,0.0,-35.41666666666667,-91.17647058823532,100.0,795056.0
200.0,1.132449354,2.3292394499652088E-7,200.0,27.500000000000004,0.0,-93.33333333333333,-168.51851851851848,200.0,795056.0
300.0,1.48935438,3.0633272601738573E-7,300.0,30.0,0.0,-74.99999999999999,-135.9550561797753,300.0,795056.0
400.0,1.816686652,3.736589369862113E-7,400.0,29.75,0.0,-86.0927152317881,-138.13559322033896,400.0,795056.0
500.0,2.145057798,4.4119882517563803E-7,500.0,28.999999999999996,0.0,-87.83068783068784,-146.52777777777774,500.0,795056.0
600.0,2.860485622,5.894181649190933E-7,600.0,34.833333333333336,-2.065677044358983,-67.81115879828327,-119.66292134831464,600.0,800832.0
700.0,3.220883018,6.640837877651801E-7,700.0,39.85714285714286,-1.5660541226099036,-51.438848920863315,-103.38164251207729,700.0,800832.0
800.0,3.535416083,7.292474306343248E-7,800.0,44.0,-0.25455257489720295,-41.32492113564669,-89.83050847457625,800.0,800832.0
900.0,3.812883023,7.867318689910819E-7,900.0,46.55555555555556,-0.5827245859588511,-35.49295774647886,-81.50943396226418,900.0,800832.0
1000.0,4.127672592,8.519486532844852E-7,1000.0,48.199999999999996,-1.398834109158387,-29.82456140350877,-73.82550335570468,1000.0,800832.0
1100.0,4.448261937,9.183670108750712E-7,1100.0,50.36363636363637,-0.7785757433384672,-24.94279176201374,-69.0402476780186,1100.0,800832.0
1200.0,4.75254563,9.814072317865244E-7,1200.0,52.33333333333333,-0.20437956204380422,-20.421052631578938,-63.89684813753579,1200.0,800832.0
1300.0,5.111305802,1.0557336614224068E-6,1300.0,52.69230769230769,-1.9562334217506423,-18.49710982658958,-58.09768637532136,1300.0,800832.0
1400.0,5.419905658,1.119668086904362E-6,1400.0,53.5,-2.579224836913213,-14.411247803163423,-53.17647058823527,1400.0,800832.0
1500.0,5.728447941,1.183590584653343E-6,1500.0,54.86666666666666,-1.852706242954081,-12.271973466003319,-50.444444444444436,1500.0,800832.0
1600.0,6.050443699,1.25030031699799E-6,1600.0,55.6875,-1.7253129595753136,-9.244992295839747,-47.09543568464729,1600.0,800832.0
1700.0,6.36241839,1.3149339266585062E-6,1700.0,56.76470588235294,-1.2738048151053936,-6.986899563318769,-45.54455445544552,1700.0,800832.0
1800.0,6.667951082,1.3782329099508873E-6,1800.0,57.611111111111114,-1.082214122953179,-4.951856946354888,-43.42105263157893,1800.0,800832.0
1900.0,6.927284421,1.4319605048117291E-6,1900.0,58.31578947368421,-0.997084454180829,-3.394255874673617,-41.17647058823527,1900.0,800832.0
2000.0,7.165098828,1.481229897480781E-6,2000.0,58.95,-0.9336051123301403,-1.7348203221809184,-39.625850340136026,2000.0,800832.0
2100.0,7.517271878,1.5541916347732892E-6,2100.0,60.0,-0.2578057863076636,0.11890606420925764,-38.385502471169715,2100.0,800832.0
2200.0,7.838802484,1.6208049988750368E-6,2200.0,60.18181818181818,-0.6501103014907502,0.5675368898978539,-36.23639191290826,2200.0,800832.0
2300.0,8.070015613,1.6687067664199322E-6,2300.0,60.56521739130435,-0.7318401656442577,1.413043478260878,-34.76968796433876,2300.0,800832.0
2400.0,8.307972243,1.7180056242543707E-6,2400.0,60.916666666666664,-0.7911243636754453,2.393340270551495,-33.238636363636374,2400.0,800832.0
2500.0,8.58316859,1.7750196506646027E-6,2500.0,61.31999999999999,-0.7499883309217522,3.685258964143408,-31.92360163710778,2500.0,800832.0
2600.0,8.861402519,1.832662990589564E-6,2600.0,61.57692307692307,-0.8387310175184691,5.397727272727275,-30.588235294117677,2600.0,800832.0
2700.0,9.17446742,1.897522465391134E-6,2700.0,61.96296296296296,-0.7571044859421969,7.226738934056017,-29.50819672131148,2700.0,800832.0
2800.0,9.489385719,1.9627659194267045E-6,2800.0,62.357142857142854,-0.6470851837477632,7.624890446976326,-28.536585365853682,2800.0,800832.0
2900.0,9.809456721,2.029076888885821E-6,2900.0,62.724137931034484,-0.5488506595060184,8.930075821398491,-27.62691853600944,2900.0,800832.0
3000.0,10.132211362,2.0959438434315472E-6,3000.0,63.03333333333333,-0.49367859421215493,10.202429149797554,-26.74285714285717,3000.0,800832.0
3100.0,10.463708897,2.1646221141333628E-6,3100.0,63.064516129032256,-0.6901223543135344,10.336726703210655,-25.686059275521433,3100.0,800832.0
3200.0,10.78835277,2.2318804718511052E-6,3200.0,63.1875,-0.7760849282328989,10.825132475397425,-24.788135593220336,3200.0,800832.0
3300.0,11.114792192,2.2995108238893496E-6,3300.0,63.18181818181819,-0.9595627930962118,11.054172767203518,-23.85321100917432,3300.0,800832.0
3400.0,11.422246629,2.363207946260894E-6,3400.0,63.67647058823529,-0.6854958215159942,11.342426417803285,-23.37662337662338,3400.0,800832.0
3500.0,11.758962499,2.432967329749092E-6,3500.0,63.628571428571426,-0.8775703346812566,11.719833564493753,-22.521655437921112,3500.0,800832.0
3600.0,12.063969214,2.496157343329861E-6,3600.0,63.61111111111111,-1.0247716338893063,11.486486486486474,-21.7472118959108,3600.0,800832.0
3700.0,12.359850206,2.5574567278459415E-6,3700.0,63.891891891891895,-0.9162737086485437,11.69861202908131,-21.234119782214165,3700.0,800832.0
3800.0,12.680279593,2.6238419460081303E-6,3800.0,64.1842105263158,-0.7957952573471441,12.475884244372985,-20.76308784383319,3800.0,800832.0
3900.0,13.003634808,2.6908333249594515E-6,3900.0,64.38461538461539,-0.745094509317033,13.024420788979338,-20.25974025974028,3900.0,800832.0
4000.0,13.327058121,2.757838812169159E-6,4000.0,64.25,-0.9444660726002552,13.069908814589656,-19.565217391304344,4000.0,800832.0
4100.0,13.660382362,2.826895532168224E-6,4100.0,64.39024390243902,-0.9262759350686279,13.35311572700298,-19.086460032626405,4100.0,800832.0
4200.0,13.98454032,2.8940532200517004E-6,4200.0,64.52380952380953,-0.9087593253528441,13.321698662012802,-18.630573248407647,4200.0,800832.0
4300.0,14.310388408,2.961561061988845E-6,4300.0,64.55813953488372,-0.9575344251142556,13.556437889960296,-18.13953488372092,4300.0,800832.0
4400.0,14.611053895,3.0238516781374063E-6,4400.0,64.75,-0.8913518234776988,14.262023217247089,-17.767653758542153,4400.0,800832.0
4500.0,14.913599266,3.0865317607785012E-6,4500.0,64.82222222222222,-0.9051504334522947,14.617044228694729,-17.346182357301682,4500.0,800832.0
4600.0,15.218044775,3.1496055060510085E-6,4600.0,65.08695652173913,-0.7866642255364721,15.25065963060685,-17.05539358600586,4600.0,800832.0
4700.0,15.516980064,3.2115376670255012E-6,4700.0,65.29787234042553,-0.7043008436055517,15.62338334195552,-16.750178954903344,4700.0,800832.0
4800.0,15.818146015,3.2739319672092046E-6,4800.0,65.375,-0.7085297509023899,16.018191005558364,-16.386554621848724,4800.0,800832.0
4900.0,16.119444028,3.3363536274448778E-6,4900.0,65.65306122448979,-0.5817782656421412,16.18525896414343,-16.14906832298137,4900.0,800832.0
5000.0,16.422317985,3.3991017851570494E-6,5000.0,65.72,-0.6114168717245054,16.836487142164003,-15.88911426639623,5000.0,800832.0
5100.0,16.731241878,3.4631033432673163E-6,5100.0,65.25490196078432,0.6299200130892626,16.13819214387128,-16.50230111768573,5100.0,800832.0
5200.0,17.0449018,3.5280860920272017E-6,5200.0,64.6923076923077,1.1721214951878072,14.960629921259835,-17.919075144508675,5200.0,800832.0
5300.0,17.35676847,3.5926973223494237E-6,5300.0,64.32075471698113,2.4271944851499736,14.588979223125564,-18.03995006242198,5300.0,800832.0
5400.0,17.667632574,3.6571008452473824E-6,5400.0,63.94444444444445,3.4570986552422003,14.11557123952362,-18.286755771567446,5400.0,800832.0
5500.0,18.008108777,3.727639278774981E-6,5500.0,63.47272727272727,3.9152189527763266,13.030303030303031,-19.29928741092636,5500.0,800832.0
5600.0,18.293173037,3.786697698065166E-6,5600.0,63.142857142857146,4.827777009268209,12.207571246278185,-19.375361480624644,5600.0,800832.0
5700.0,18.576961434,3.845491789403433E-6,5700.0,62.66666666666667,5.028741301974409,11.370262390670566,-20.566572237960344,5700.0,800832.0
5800.0,18.895354373,3.9114551047993945E-6,5800.0,62.258620689655174,5.4013375932858,10.653061224489806,-21.341463414634145,5800.0,800832.0
5900.0,19.215192125,3.9777177505005646E-6,5900.0,61.96610169491525,6.106123143696031,10.275889644142351,-21.362898864250944,5900.0,800832.0
6000.0,19.504232669,4.03759995965374E-6,6000.0,61.650000000000006,6.62329377504859,9.800078400627221,-21.61733615221985,6000.0,800832.0
6100.0,19.72320624,4.08296598684209E-6,6100.0,61.24590163934426,6.751712953263324,8.971890643049656,-22.550544323483667,6100.0,800832.0
6200.0,19.950594313,4.130075295307561E-6,6200.0,60.88709677419355,6.971857548328858,8.559577677224738,-23.221544715447163,6200.0,800832.0
6300.0,20.169604161,4.175448838212812E-6,6300.0,60.698412698412696,7.68450670617127,8.194289951798286,-22.756569162121956,6300.0,800832.0
6400.0,20.387007992,4.220489653243397E-6,6400.0,60.453125,8.135631515358284,8.13067150635207,-22.744907856450077,6400.0,800832.0
6500.0,20.616695704,4.2680753912840026E-6,6500.0,60.13846153846154,8.308712096052544,7.365033964962459,-23.26355851569933,6500.0,800832.0
6600.0,20.844703664,4.3153131253415085E-6,6600.0,59.954545454545446,8.827314738157227,7.619713386927633,-22.930232558139537,6600.0,800832.0
6700.0,21.058738994,4.35965606844512E-6,6700.0,59.582089552238806,8.732312974583317,6.909590924716403,-23.935926773455403,6700.0,800832.0
6800.0,21.303318092,4.410326941459153E-6,6800.0,59.32352941176471,8.934356509735212,6.585612968591695,-24.20296362819936,6800.0,800832.0
6900.0,21.598535135,4.471488771802608E-6,6900.0,59.04347826086956,9.035489006670556,5.9880239520958,-24.658138509042775,6900.0,800832.0
7000.0,21.897016079,4.533326803483192E-6,7000.0,58.82857142857143,9.28160601146288,5.724566568531245,-24.707918649935074,7000.0,800832.0
7100.0,22.213576726,4.598910512297823E-6,7100.0,58.46478873239437,9.088896009670371,4.962939091202076,-25.810580204778155,7100.0,800832.0
7200.0,22.521766551,4.662759989274764E-6,7200.0,58.347222222222214,9.527424845014036,4.884237234379934,-25.271512113617383,7200.0,800832.0
7300.0,22.810300457,4.7225372352893394E-6,7300.0,58.16438356164384,9.755280082382898,4.7113884555382315,-25.21525215252151,7300.0,800832.0
7400.0,23.129773032,4.788724225149327E-6,7400.0,57.97297297297297,9.92964070168935,4.484029484029464,-25.25171163914622,7400.0,800832.0
7500.0,23.450400583,4.855150498098953E-6,7500.0,57.68,9.822987126336463,3.7890269778720698,-26.00238189757842,7500.0,800832.0
7600.0,23.773953371,4.922182809396807E-6,7600.0,57.51315789473684,10.00808227195452,3.812928209711049,-25.936037441497668,7600.0,800832.0
7700.0,24.083611861,4.986336558236403E-6,7700.0,57.324675324675326,10.115343603781394,3.7492677211482186,-26.045262754123538,7700.0,800832.0
7800.0,24.396147547,5.0510863924910856E-6,7800.0,57.14102564102564,10.212091110585893,3.4094192429933527,-26.1509433962264,7800.0,800832.0
7900.0,24.705012596,5.115075759547922E-6,7900.0,56.848101265822784,10.034561619298382,3.0432309442548213,-27.011922503725792,7900.0,800832.0
8000.0,25.016370349,5.179581554577871E-6,8000.0,56.675,10.120261475874042,2.8042624789680217,-27.09937660432709,8000.0,800832.0
8100.0,25.319393939,5.242360712628189E-6,8100.0,56.55555555555556,10.308402480813346,2.7094277025158955,-26.85652487382838,8100.0,800832.0
8200.0,25.619282096,5.304490284803483E-6,8200.0,56.42682926829268,10.455463003441597,2.643051771117144,-26.702127659574494,8200.0,800832.0
8300.0,25.919903568,5.366771782108718E-6,8300.0,56.373493975903614,10.74842639767564,2.5565123789020374,-26.07938718662952,8300.0,800832.0
8400.0,26.217886393,5.428506615581437E-6,8400.0,56.17857142857143,10.715585114898195,2.231075697211158,-26.407967032967015,8400.0,800832.0
8500.0,26.516884524,5.490451795898253E-6,8500.0,56.11764705882353,10.954658184970292,2.407116692830972,-25.88592642591968,8500.0,800832.0
8600.0,26.815083494,5.552231409386669E-6,8600.0,56.00000000000001,11.05678826626553,2.1463666925265286,-25.756065137919553,8600.0,800832.0
8700.0,27.109986048,5.613328085216457E-6,8700.0,55.735632183908045,10.843130724236799,1.433324801638077,-26.594345825115067,8700.0,800832.0
8800.0,27.406520316,5.6747628127177305E-6,8800.0,55.56818181818181,10.82114216947011,1.1378002528445033,-26.824521569899453,8800.0,800832.0
8900.0,27.715176055,5.7387088158055395E-6,8900.0,55.41573033707865,10.819535418749599,0.9980039920159606,-26.975999999999996,8900.0,800832.0
9000.0,28.027673471,5.803450721441929E-6,9000.0,55.400000000000006,11.078226349555186,0.9622501850481296,-26.26612142183075,9000.0,800832.0
9100.0,28.333343289,5.866778113924587E-6,9100.0,55.27472527472528,11.107422421023209,0.7074896316174799,-26.279863481228666,9100.0,800832.0
9200.0,28.635908127,5.9294622296571974E-6,9200.0,55.173913043478265,11.174125011003511,0.48262548262547983,-26.154787396757396,9200.0,800832.0
9300.0,28.93934742,5.992327511313731E-6,9300.0,55.03225806451613,11.153089554988286,0.19093078758949764,-26.306251887647225,9300.0,800832.0
9400.0,29.200204775,6.0463708454255505E-6,9400.0,54.86170212765957,11.070241224886017,-0.023573785950034065,-26.656716417910438,9400.0,800832.0
9500.0,29.450132424,6.098149808831388E-6,9500.0,54.747368421052634,11.085987331867702,-0.13976240391334874,-26.66470241602828,9500.0,800832.0
9600.0,29.751010387,6.160484444867595E-6,9600.0,54.479166666666664,10.81195813672507,-0.7144503341783709,-27.665790242477357,9600.0,800832.0
9700.0,30.075130732,6.227634340247288E-6,9700.0,54.25773195876289,10.622058956558963,-1.370801919122682,-28.385416666666668,9700.0,800832.0
9800.0,30.376337951,6.290037190162365E-6,9800.0,54.19387755102041,10.711850151167281,-1.3775971093044306,-28.110730593607318,9800.0,800832.0
9900.0,30.682404223,6.35344671832405E-6,9900.0,54.0,10.563038292888468,-1.9019914969791902,-28.68041819723084,9900.0,800832.0
10000.0,30.99485895,6.418179779832238E-6,10000.0,53.94,10.64561126006527,-1.9252046913033949,-28.408140507387785,10000.0,800832.0
