learning evaluation instances,evaluation time (cpu seconds),model cost (RAM-Hours),classified instances,classifications correct (percent),Kappa Statistic (percent),Kappa Temporal Statistic (percent),Kappa M Statistic (percent),model training instances,model serialized size (bytes)
100.0,0.45798704,9.419948692388005E-8,100.0,35.0,0.0,-35.41666666666667,-91.17647058823532,100.0,795056.0
200.0,0.81688926,1.6801905391390125E-7,200.0,27.500000000000004,0.0,-93.33333333333333,-168.51851851851848,200.0,795056.0
300.0,1.051702547,2.163158161068004E-7,300.0,30.0,0.0,-74.99999999999999,-135.9550561797753,300.0,795056.0
400.0,1.307467137,2.6892187489679706E-7,400.0,29.75,0.0,-86.0927152317881,-138.13559322033896,400.0,795056.0
500.0,1.549499642,3.1870349707960256E-7,500.0,28.999999999999996,0.0,-87.83068783068784,-146.52777777777774,500.0,795056.0
600.0,2.128329557,4.3862305422707567E-7,600.0,34.833333333333336,-2.065677044358983,-67.81115879828327,-119.66292134831464,600.0,800832.0
700.0,2.379258887,4.906095417065836E-7,700.0,39.85714285714286,-1.5660541226099036,-51.438848920863315,-103.38164251207729,700.0,800832.0
800.0,2.606706754,5.377312380425053E-7,800.0,44.0,-0.25455257489720295,-41.32492113564669,-89.83050847457625,800.0,800832.0
900.0,2.850778915,5.882970859723704E-7,900.0,46.55555555555556,-0.5827245859588511,-35.49295774647886,-81.50943396226418,900.0,800832.0
1000.0,3.084957186,6.368131592162368E-7,1000.0,48.199999999999996,-1.398834109158387,-29.82456140350877,-73.82550335570468,1000.0,800832.0
1100.0,3.312789526,6.840145090577917E-7,1100.0,50.36363636363637,-0.7785757433384672,-24.94279176201374,-69.0402476780186,1100.0,800832.0
1200.0,3.535939816,7.30245851392837E-7,1200.0,52.33333333333333,-0.20437956204380422,-20.421052631578938,-63.89684813753579,1200.0,800832.0
1300.0,3.745357119,7.73632051006895E-7,1300.0,52.69230769230769,-1.9562334217506423,-18.49710982658958,-58.09768637532136,1300.0,800832.0
1400.0,4.009960011,8.284513697848138E-7,1400.0,53.5,-2.579224836913213,-14.411247803163423,-53.17647058823527,1400.0,800832.0
1500.0,4.222909433,8.725693390177108E-7,1500.0,54.86666666666666,-1.852706242954081,-12.271973466003319,-50.444444444444436,1500.0,800832.0
1600.0,4.431969012,9.158814268719074E-7,1600.0,55.6875,-1.7253129595753136,-9.244992295839747,-47.09543568464729,1600.0,800832.0
1700.0,4.628505592,9.565990522504764E-7,1700.0,55.94117647058824,-1.6162190115622093,-9.024745269286731,-48.316831683168274,1700.0,800832.0
1800.0,4.828387055,9.980096564777112E-7,1800.0,55.44444444444444,-2.2178352987159866,-10.316368638239359,-50.75187969924813,1800.0,800832.0
1900.0,5.021883816,1.0380975048892613E-6,1900.0,55.89473684210526,-1.9863053183789372,-9.399477806788497,-49.11032028469752,1900.0,800832.0
2000.0,5.218757219,1.078884911846063E-6,2000.0,56.55,-1.9965023063650944,-7.549504950495042,-47.53820033955858,2000.0,800832.0
2100.0,5.418719144,1.1203121858534132E-6,2100.0,57.666666666666664,-1.2792135928650419,-5.45670225385527,-45.97701149425286,2100.0,800832.0
2200.0,5.616555976,1.161299191994758E-6,2200.0,57.95454545454546,-1.6782151800828617,-4.875283446712015,-43.410852713178265,2200.0,800832.0
2300.0,5.813064155,1.2020109333731149E-6,2300.0,58.52173913043478,-1.6045009376953512,-3.6956521739130443,-41.54302670623149,2300.0,800832.0
2400.0,6.03019366,1.246994914692135E-6,2400.0,59.0,-1.5912346587169512,-2.3933402705515228,-39.77272727272728,2400.0,800832.0
2500.0,6.226421906,1.2876486607241546E-6,2500.0,59.519999999999996,-1.4749565422468651,-0.6965174129353294,-38.25136612021862,2500.0,800832.0
2600.0,6.42686626,1.3291758823508932E-6,2600.0,59.30769230769231,-1.9415137062196257,-0.09460737937560189,-38.481675392670155,2600.0,800832.0
2700.0,6.626187343,1.3704703893970862E-6,2700.0,59.03703703703703,-1.8739317770113186,0.27051397655544357,-39.29471032745595,2700.0,800832.0
2800.0,6.816777052,1.409955966952534E-6,2800.0,59.357142857142854,-1.8107643859146976,0.7846556233653034,-38.2746051032807,2800.0,800832.0
2900.0,7.011072193,1.4502092203881756E-6,2900.0,59.862068965517246,-1.6196038292492017,2.2670025188917107,-37.10247349823319,2900.0,800832.0
3000.0,7.204423716,1.4902669789992685E-6,3000.0,60.3,-1.4871142893175244,3.874092009685233,-35.95890410958903,3000.0,800832.0
3100.0,7.40466679,1.5317525002787426E-6,3100.0,60.41935483870968,-1.6463518267321886,4.439252336448608,-34.687156970362246,3100.0,800832.0
3200.0,7.616664442,1.5756732857898787E-6,3200.0,60.5,-1.8991720188420693,4.67571644042233,-33.615221987315,3200.0,800832.0
3300.0,7.821967558,1.6182071253750638E-6,3300.0,60.51515151515151,-2.2570316423908006,4.472140762463331,-33.23108384458078,3300.0,800832.0
3400.0,8.026173467,1.6605136502100443E-6,3400.0,60.44117647058823,-1.7519220054718379,3.9285714285714146,-33.5650446871897,3400.0,800832.0
3500.0,8.229476708,1.702633164069942E-6,3500.0,60.65714285714285,-1.6056196688409599,4.5738045738045585,-32.531280076997135,3500.0,800832.0
3600.0,8.444695459,1.747221283379139E-6,3600.0,60.5,-1.5684057022112705,4.306864064602962,-32.40223463687151,3600.0,800832.0
3700.0,8.65743586,1.7912959485168174E-6,3700.0,60.108108108108105,-1.707301538348073,3.466317854807055,-32.73381294964028,3700.0,800832.0
3800.0,8.879806266,1.837365717751574E-6,3800.0,60.0,-2.225022476762207,2.6888604353392953,-33.68513632365875,3800.0,800832.0
3900.0,9.091277861,1.8811775169770335E-6,3900.0,60.128205128205124,-2.205047137854225,3.3561218147917944,-33.13356164383561,3900.0,800832.0
4000.0,9.30664214,1.9257957861676727E-6,4000.0,60.199999999999996,-2.366255144032918,3.690260133091346,-32.7773144286906,4000.0,800832.0
4100.0,9.509785021,1.9678820773144973E-6,4100.0,60.02439024390244,-2.4505561989302596,3.6449147560258703,-32.39095315024231,4100.0,800832.0
4200.0,9.717096369,2.0108319739932233E-6,4200.0,59.904761904761905,-2.4492034287631297,3.4403669724770527,-32.80757097791798,4200.0,800832.0
4300.0,9.911878703,2.0511861620338177E-6,4300.0,59.883720930232556,-2.469433923896219,2.8169014084506827,-33.10185185185187,4300.0,800832.0
4400.0,10.112046927,2.0926561762038285E-6,4400.0,59.97727272727273,-2.449836813292307,3.2948929159802116,-32.40601503759401,4400.0,800832.0
4500.0,10.321424082,2.1360340581234212E-6,4500.0,60.044444444444444,-2.389493124553757,3.7473233404710897,-32.01174743024964,4500.0,800832.0
4600.0,10.524176054,2.1780393623810924E-6,4600.0,60.108695652173914,-2.4495653448839976,4.177545691906008,-31.91948238677208,4600.0,800832.0
4700.0,10.738239173,2.2223880626933195E-6,4700.0,60.02127659574468,-2.703579001035522,4.230377166156977,-31.582633053221315,4700.0,800832.0
4800.0,10.965569571,2.2694854222938835E-6,4800.0,59.958333333333336,-2.6123802210454974,4.473161033797227,-31.194539249146764,4800.0,800832.0
4900.0,11.158115172,2.3093762133609176E-6,4900.0,59.91836734693877,-2.7592606236499417,4.660194174757284,-31.28342245989306,4900.0,800832.0
5000.0,11.355767593,2.350325014003756E-6,5000.0,59.81999999999999,-2.9105500883934554,4.150763358778619,-31.56516044531763,5000.0,800832.0
5100.0,11.554502813,2.3914981444077116E-6,5100.0,59.90196078431372,-2.6095357655156226,4.528478057889827,-30.754475703324825,5100.0,800832.0
5200.0,11.752689624,2.4325576577322602E-6,5200.0,59.84615384615385,-2.5462788061957107,4.787961696306438,-30.581613508442768,5200.0,800832.0
5300.0,11.948335712,2.4730907947084227E-6,5300.0,59.66037735849057,-2.4216611771341006,4.8509123275478485,-30.445393532641862,5300.0,800832.0
5400.0,12.145220431,2.513880546066703E-6,5400.0,59.38888888888889,-2.44826631600801,4.1939711664482315,-30.925373134328332,5400.0,800832.0
5500.0,12.344937849,2.555257164138001E-6,5500.0,59.290909090909096,-2.4893053914143706,4.029147021003015,-31.012287887653585,5500.0,800832.0
5600.0,12.546232448,2.5969605359622756E-6,5600.0,59.08928571428571,-2.935725346405984,3.4148397976391216,-32.122260668973496,5600.0,800832.0
5700.0,12.740893806,2.6372896607019425E-6,5700.0,58.87719298245614,-2.790392012618474,3.3003300330032848,-31.98198198198198,5700.0,800832.0
5800.0,12.937419886,2.6780051107344946E-6,5800.0,58.620689655172406,-2.74555005479765,3.1867688584106415,-32.0858558062741,5800.0,800832.0
5900.0,13.130198806,2.717944239854606E-6,5900.0,58.40677966101695,-2.46245039148967,3.1952662721893628,-32.00645508337817,5900.0,800832.0
6000.0,13.323427674,2.757976587316585E-6,6000.0,58.3,-2.1914803673502083,3.0608291359937994,-32.241014799154335,6000.0,800832.0
6100.0,13.519815005,2.7986632919125183E-6,6100.0,57.98360655737705,-2.1436558861030446,2.695520121488254,-32.797927461139906,6100.0,800832.0
6200.0,13.710236083,2.8381139332037593E-6,6200.0,57.822580645161295,-1.4866514350098352,2.4253731343283613,-32.472137791286734,6200.0,800832.0
6300.0,13.906015247,2.878674640308164E-6,6300.0,57.68253968253968,-1.0295561287342232,2.3800805565726755,-31.78447849728127,6300.0,800832.0
6400.0,14.095940378,2.9180225333774016E-6,6400.0,57.45312500000001,-0.6180081477307209,2.2963760315751727,-31.92829457364339,6400.0,800832.0
6500.0,14.303171662,2.960955842731985E-6,6500.0,57.199999999999996,-0.36370256201344214,1.730837160014119,-32.22433460076046,6500.0,800832.0
6600.0,14.512026161,3.0042254429708346E-6,6600.0,57.12121212121212,0.3652846150620916,2.346445824706684,-31.261595547309852,6600.0,800832.0
6700.0,14.704456832,3.0440924233218953E-6,6700.0,56.8955223880597,0.11583705175088005,1.7352841102415952,-32.17391304347827,6700.0,800832.0
6800.0,14.903331941,3.0852945353428947E-6,6800.0,56.73529411764706,0.33478139571957566,1.7039759438690418,-32.10597215985629,6800.0,800832.0
6900.0,15.101580778,3.126366898954305E-6,6900.0,56.52173913043478,0.586539417437117,1.3482407102926606,-32.15859030837008,6900.0,800832.0
7000.0,15.304553655,3.1684179693845338E-6,7000.0,56.42857142857143,0.8366230648162538,1.2944983818770133,-31.920415224913494,7000.0,800832.0
7100.0,15.502438173,3.2094148549116082E-6,7100.0,56.154929577464785,0.7516048726339984,0.6700701978302279,-32.69394714407502,7100.0,800832.0
7200.0,15.696108053,3.249538569392406E-6,7200.0,56.09722222222222,1.393690603424229,0.7223618090452135,-31.873174801835646,7200.0,800832.0
7300.0,15.889042875,3.289509997635824E-6,7300.0,55.93150684931507,1.4741888982307159,0.617856039542784,-31.95242001640687,7300.0,800832.0
7400.0,16.08342186,3.329780621520174E-6,7400.0,55.770270270270274,1.8165809426827668,0.48647005168743807,-31.816351188078944,7400.0,800832.0
7500.0,16.282620433,3.3710497474577452E-6,7500.0,55.52,1.9101642945941248,-0.0900090009000801,-32.38095238095239,7500.0,800832.0
7600.0,16.480388727,3.4120225541833466E-6,7600.0,55.381578947368425,2.267807353403624,-0.029498525073735203,-32.151208106001555,7600.0,800832.0
7700.0,16.675991335,3.4525466831552413E-6,7700.0,55.23376623376623,2.5852908593520403,-0.08710801393728101,-32.0689655172414,7700.0,800832.0
7800.0,16.872750352,3.493310392099711E-6,7800.0,55.14102564102564,2.6776640243054515,-0.22916069894011604,-32.13746223564956,7800.0,800832.0
7900.0,17.06439679,3.5330148983428806E-6,7900.0,54.974683544303794,2.522428968054471,-0.2536640360766791,-32.57547521431237,7900.0,800832.0
8000.0,17.257984402,3.573121568884048E-6,8000.0,54.8875,2.711266366928943,-0.33361134278564264,-32.29472140762464,8000.0,800832.0
8100.0,17.455913368,3.6141276629615755E-6,8100.0,54.839506172839506,3.0687660920674307,-0.2741228070175401,-31.819819819819845,8100.0,800832.0
8200.0,17.647224088,3.653762616555783E-6,8200.0,54.71951219512196,3.3501898420594456,-0.29713668287412237,-31.666666666666664,8200.0,800832.0
8300.0,17.840422793,3.6937887149737707E-6,8300.0,54.75903614457831,3.88820051228375,-0.18676627534685003,-30.745125348189404,8300.0,800832.0
8400.0,18.034365452,3.733968942665153E-6,8400.0,54.57142857142857,3.9204948569301212,-0.5533596837944793,-31.04395604395604,8400.0,800832.0
8500.0,18.234902845,3.7755154397221836E-6,8500.0,54.529411764705884,4.163508824746052,-0.33748701973001216,-30.39811066126855,8500.0,800832.0
8600.0,18.431205564,3.816184614758385E-6,8600.0,54.40697674418604,4.335521018859636,-0.6158583525789147,-30.309072781655043,8600.0,800832.0
8700.0,18.627459575,3.856843698675178E-6,8700.0,54.172413793103445,4.240538346023085,-1.2442864398171678,-31.022017745645748,8700.0,800832.0
8800.0,18.823709332,3.897501901266071E-6,8800.0,54.01136363636364,4.2950388080532695,-1.555834378920936,-31.268245215698983,8800.0,800832.0
8900.0,19.018407943,3.93783874392623E-6,8900.0,53.8876404494382,4.436136418948417,-1.634472511144131,-31.285988483685223,8900.0,800832.0
9000.0,19.212272081,3.978002703965746E-6,9000.0,53.87777777777778,4.820938323540033,-1.6654420769042333,-30.575652720981438,9000.0,800832.0
9100.0,19.405355535,4.018004925164325E-6,9100.0,53.78021978021978,4.988202526806517,-1.8401937046004628,-30.459057071960277,9100.0,800832.0
9200.0,19.601619271,4.058666023865881E-6,9200.0,53.69565217391305,5.169707557721702,-2.060373742213699,-30.27522935779816,9200.0,800832.0
9300.0,19.795838477,4.098903545406304E-6,9300.0,53.56989247311827,5.247356982789884,-2.3222748815166043,-30.37439613526573,9300.0,800832.0
9400.0,19.993774515,4.139911104631168E-6,9400.0,53.404255319148945,5.228512489547912,-2.504095483267016,-30.746268656716392,9400.0,800832.0
9500.0,20.190218529,4.180609552573603E-6,9500.0,53.305263157894736,5.342844121618107,-2.6139255146888796,-30.701237477902193,9500.0,800832.0
9600.0,20.381694691,4.220278781748356E-6,9600.0,53.0625,5.14568269404715,-3.112128146453088,-31.600467289719614,9600.0,800832.0
9700.0,20.571831771,4.259670585523587E-6,9700.0,52.85567010309279,5.019998043790656,-3.7431941923774823,-32.28232571593866,9700.0,800832.0
9800.0,20.766498214,4.300000763752253E-6,9800.0,52.806122448979586,5.210496900691694,-3.7460744728577917,-31.9543509272468,9800.0,800832.0
9900.0,20.957557482,4.3395836225744E-6,9900.0,52.61616161616162,5.106728342011289,-4.267615025561239,-32.551568239615705,9900.0,800832.0
10000.0,21.147734339,4.378983667181871E-6,10000.0,52.56999999999999,5.2844374442749595,-4.264673554627409,-32.227488151658775,10000.0,800832.0
