learning evaluation instances,evaluation time (cpu seconds),model cost (RAM-Hours),classified instances,classifications correct (percent),Kappa Statistic (percent),Kappa Temporal Statistic (percent),Kappa M Statistic (percent),model training instances,model serialized size (bytes)
100.0,2.474114332,1.5225345094583532E-5,100.0,100.0,?,?,?,100.0,2.3787552E7
200.0,6.080894465,3.892988738825906E-5,200.0,98.0,59.01639344262287,0.0,33.33333333333333,200.0,2.5404712E7
300.0,9.700837086,6.273405464776044E-5,300.0,98.66666666666667,59.3495934959351,0.0,33.33333333333352,300.0,2.541872E7
400.0,13.290140531,8.634304287582334E-5,400.0,99.0,59.51417004048588,0.0,33.33333333333333,400.0,2.5425504E7
500.0,16.826666424,1.0960958062088269E-4,500.0,98.8,49.46091644204845,0.0,25.0,500.0,2.543064E7
600.0,20.623880292,1.3459804919040564E-4,600.0,98.66666666666667,42.3076923076929,0.0,20.0000000000004,600.0,2.5437648E7
700.0,24.023517104,1.56982965743262E-4,700.0,97.14285714285714,22.32578783843776,-66.66666666666688,9.090909090909188,700.0,2.54522E7
800.0,27.307823344,1.7864727280613094E-4,800.0,91.375,56.935559369636415,-430.76923076923157,43.442622950819626,800.0,2.5497848E7
900.0,30.585088803,2.0027991607279305E-4,900.0,90.33333333333333,67.3292609653515,-210.71428571428598,56.71641791044777,900.0,2.551528E7
1000.0,33.908949438,2.2222836690328096E-4,1000.0,90.2,71.26756929499999,-53.125000000000085,61.86770428015566,1000.0,2.5524864E7
1100.0,37.306092316,2.446693069521243E-4,1100.0,85.72727272727273,61.094841180446046,-63.54166666666663,51.69230769230769,1100.0,2.5534632E7
1200.0,40.649393186,2.667608517989842E-4,1200.0,84.25,57.29263957096805,-61.53846153846146,47.35376044568246,1200.0,2.5541888E7
1300.0,43.999771645,2.889033444432342E-4,1300.0,81.3076923076923,51.12479499953584,-94.40000000000006,42.00477326968972,1300.0,2.5546712E7
1400.0,47.35073083,3.110581498489056E-4,1400.0,79.21428571428571,47.75288680048631,-100.68965517241386,39.12133891213389,1400.0,2.5556488E7
1500.0,50.683863555,3.3309962810386016E-4,1500.0,77.0,43.50560031440362,-92.73743016759782,35.514018691588795,1500.0,2.5561744E7
1600.0,54.054355702,3.553920088188938E-4,1600.0,74.9375,39.682241233430474,-79.82062780269054,32.49158249158249,1600.0,2.556616E7
1700.0,57.371998372,3.7733781701508996E-4,1700.0,73.0,36.350674097179635,-91.24999999999994,29.709035222052073,1700.0,2.5569624E7
1800.0,60.705502534,3.993981436413788E-4,1800.0,72.27777777777777,35.11990754117307,-75.70422535211267,28.714285714285698,1800.0,2.5580752E7
1900.0,64.11151444,4.219413048995097E-4,1900.0,70.6842105263158,32.88186243794284,-84.43708609271522,27.473958333333343,1900.0,2.5584152E7
2000.0,67.511835542,4.444498197956478E-4,2000.0,70.1,31.58270484000879,-79.04191616766467,25.990099009900984,2000.0,2.5587584E7
2100.0,70.920075371,4.6701567640469846E-4,2100.0,68.42857142857143,29.426041045729367,-78.70619946091648,24.829931972789122,2100.0,2.5593168E7
2200.0,74.286309866,4.89305472120717E-4,2200.0,67.45454545454545,28.80934625901069,-79.89949748743717,25.026178010471206,2200.0,2.5595528E7
2300.0,77.622369303,5.113978639400144E-4,2300.0,67.17391304347827,28.96762740012926,-85.50368550368547,25.615763546798032,2300.0,2.5598312E7
2400.0,80.986408762,5.336801429796793E-4,2400.0,67.08333333333333,29.167040258226468,-83.2946635730859,26.02996254681646,2400.0,2.5603592E7
2500.0,84.361618138,5.560387409440203E-4,2500.0,66.72,28.589673517480442,-81.26361655773421,25.581395348837223,2500.0,2.5606264E7
2600.0,87.740900237,5.78427668108216E-4,2600.0,65.11538461538461,27.30678128903309,-97.60348583877993,25.533661740558305,2600.0,2.5610096E7
2700.0,91.14262364,6.009692192959338E-4,2700.0,63.70370370370371,26.304953777664885,-113.5076252723311,25.644916540212442,2700.0,2.5614576E7
2800.0,94.501175764,6.232276636344054E-4,2800.0,63.464285714285715,27.491254094501354,-122.87581699346404,25.976845151953693,2800.0,2.5617992E7
2900.0,97.823532255,6.452516916880339E-4,2900.0,64.0344827586207,29.91630829687848,-127.23311546840961,24.529667149059335,2900.0,2.5624352E7
3000.0,101.351969959,6.686452794381673E-4,3000.0,64.2,31.26921987364801,-133.9869281045751,22.286541244573087,3000.0,2.562812E7
3100.0,104.755862736,6.912160210401794E-4,3100.0,64.58064516129032,32.78064347949728,-139.2156862745098,20.549927641099845,3100.0,2.56314E7
3200.0,108.105967681,7.134313371217839E-4,3200.0,65.125,34.2570337904708,-141.03671706263506,19.59654178674351,3200.0,2.5632824E7
3300.0,111.422378427,7.354253400952613E-4,3300.0,65.30303030303031,34.464756486748996,-142.07188160676534,19.422941590429293,3300.0,2.5635296E7
3400.0,114.762101583,7.57574798092412E-4,3400.0,66.0,35.985031468379994,-142.34800838574427,18.990889978976877,3400.0,2.563628E7
3500.0,118.127583169,7.798959319822172E-4,3500.0,66.08571428571427,35.87915245960439,-144.238683127572,19.361413043478255,3500.0,2.5637248E7
3600.0,121.47701989,8.021120020628766E-4,3600.0,66.30555555555556,36.05356107333015,-146.04462474645038,19.933993399339915,3600.0,2.5638808E7
3700.0,124.81770211,8.242722179286137E-4,3700.0,66.24324324324324,35.65935895765182,-151.30784708249504,19.98718770019219,3700.0,2.5641368E7
3800.0,128.14120306,8.463195358870726E-4,3800.0,66.34210526315789,35.79894006562504,-146.911196911197,19.30599369085173,3800.0,2.5642616E7
3900.0,131.471349867,8.684117128006321E-4,3900.0,66.1025641025641,34.99300101145534,-147.10280373831785,19.24251679902259,3900.0,2.5643512E7
4000.0,134.799377927,8.904911839477714E-4,4000.0,66.60000000000001,36.016168369430005,-149.7196261682242,18.38729383017716,4000.0,2.564508E7
4100.0,138.20995857,9.131207348467597E-4,4100.0,67.07317073170732,36.85314402890861,-151.3966480446927,18.032786885245915,4100.0,2.5647792E7
4200.0,141.543593883,9.352403941577515E-4,4200.0,67.47619047619048,37.42867313712558,-149.725776965265,18.10551558752998,4200.0,2.5648544E7
4300.0,144.876246354,9.573548769894289E-4,4300.0,68.02325581395348,38.381933009567085,-150.91240875912405,17.66467065868263,4300.0,2.5650104E7
4400.0,148.191898696,9.793573274773832E-4,4400.0,68.0909090909091,38.35016023210102,-151.61290322580643,17.798594847775178,4400.0,2.5651008E7
4500.0,151.555823905,0.0010016813527660624,4500.0,68.26666666666667,38.57746322437921,-154.5454545454545,17.97817346352669,4500.0,2.5652432E7
4600.0,154.910234818,0.001023943272712265,4600.0,68.78260869565217,39.38382857890608,-155.5160142348755,17.801946193474517,4600.0,2.5653624E7
4700.0,158.279747391,0.0010463062114855867,4700.0,68.93617021276596,39.46503748633287,-158.40707964601773,18.390162101732802,4700.0,2.5654536E7
4800.0,161.620787012,0.0010685015804326823,4800.0,68.95833333333333,39.303672586086186,-158.23223570190638,17.90633608815428,4800.0,2.5679296E7
4900.0,164.983664258,0.0010908435742730692,4900.0,69.18367346938776,39.55785332106682,-159.0051457975987,17.53140360458766,4900.0,2.568108E7
5000.0,168.308755229,0.001112935380239995,5000.0,69.6,40.15569912238332,-157.191201353638,17.346383904295802,5000.0,2.5682072E7
5100.0,171.658824414,0.0011351947492520046,5100.0,69.84313725490196,40.41541933907744,-159.35919055649225,16.95464362850974,5100.0,2.5683928E7
5200.0,174.999726418,0.0011573942998505346,5200.0,70.1923076923077,40.853309161954485,-159.6314907872698,16.48706896551722,5200.0,2.5685192E7
5300.0,178.347625022,0.001179641145043891,5300.0,70.41509433962264,41.10773916193614,-160.0331674958541,15.789473684210517,5300.0,2.568612E7
5400.0,181.716682602,0.0012020305164488136,5400.0,70.4074074074074,40.841302330479195,-162.3973727422004,15.180467091295125,5400.0,2.5688328E7
5500.0,185.099067676,0.0012245111379768708,5500.0,70.8,41.36217661900935,-161.13821138211387,15.38461538461538,5500.0,2.5691392E7
5600.0,188.553007287,0.0012474693612217207,5600.0,71.28571428571429,41.9988148300827,-160.61588330632082,15.36842105263158,5600.0,2.5693656E7
5700.0,192.055595188,0.0012707519339144185,5700.0,71.49122807017544,42.17735996901642,-159.17065390749605,15.496619864794583,5700.0,2.5694744E7
5800.0,195.528000576,0.0012938347023870125,5800.0,71.6551724137931,42.22095914225827,-157.27699530516423,15.214027849406914,5800.0,2.5695664E7
5900.0,199.014601641,0.001317013193020231,5900.0,71.66101694915254,41.99190375200329,-158.42349304482227,14.997458057956292,5900.0,2.5697168E7
6000.0,202.512436003,0.0013402693220234952,6000.0,71.93333333333334,42.32823385695691,-156.31659056316576,15.249119275289408,6000.0,2.570044E7
6100.0,206.002615655,0.0013634761316648643,6100.0,71.90163934426229,42.103309880579545,-155.4396423248883,15.441539220522934,6100.0,2.5702184E7
6200.0,209.435063083,0.001386300632577938,6200.0,71.85483870967741,41.830205925049725,-153.26560232220623,15.496368038740895,6200.0,2.5703944E7
6300.0,212.997270053,0.0014099890331406891,6300.0,71.92063492063492,41.75194787356744,-153.0758226037197,15.641392465426792,6300.0,2.570508E7
6400.0,216.618429971,0.00143407023066955,6400.0,72.234375,42.18615318513993,-151.34370579915137,16.139688532326545,6400.0,2.5705896E7
6500.0,220.141802869,0.0014575024585859826,6500.0,72.35384615384616,42.26571659611656,-151.6806722689076,16.612529002320205,6500.0,2.5707352E7
6600.0,223.570567577,0.0014803084102903814,6600.0,72.42424242424242,42.25888324873096,-152.07756232686984,16.894977168949765,6600.0,2.571064E7
6700.0,227.167266134,0.0015042324672033128,6700.0,72.56716417910448,42.38608425519373,-151.43638850889187,17.31893837156997,6700.0,2.571184E7
6800.0,230.611711955,0.0015271456637807519,6800.0,72.6764705882353,42.41956152567198,-151.42083897158324,17.164511814534116,6800.0,2.5713944E7
6900.0,234.037250203,0.0015499340047409435,6900.0,73.01449275362319,42.828205606287206,-151.28205128205136,17.060133630289528,6900.0,2.5714984E7
7000.0,237.474397366,0.0015728009538578031,7000.0,72.97142857142858,42.55919018693767,-152.60347129506007,16.981132075471724,7000.0,2.5716536E7
7100.0,240.869059272,0.0015953860402608414,7100.0,73.14084507042253,42.69508692171332,-153.5904255319149,16.79755671902267,7100.0,2.5717432E7
7200.0,244.256513688,0.0016179237632804435,7200.0,73.38888888888889,42.98950517922196,-154.4488711819388,16.876355748373108,7200.0,2.5718104E7
7300.0,247.602128647,0.0016401856711741102,7300.0,73.35616438356163,42.800008186102986,-156.9352708058124,16.773641420624724,7300.0,2.5721056E7
7400.0,250.976498057,0.0016626391781603062,7400.0,73.6891891891892,43.18087708679486,-157.19947159841482,16.68806161745828,7400.0,2.572136E7
7500.0,254.331696162,0.0016849656930565094,7500.0,74.03999999999999,43.610154921952045,-156.52173913043495,16.75929884566051,7500.0,2.5722024E7
7600.0,257.709929833,0.001707445941121013,7600.0,74.38157894736842,44.00412934163642,-156.52173913043472,16.75929884566054,7600.0,2.5722536E7
7700.0,261.06794629,0.0017297925445497063,7700.0,74.63636363636364,44.24872185910109,-157.31225296442702,16.502778965369817,7700.0,2.572356E7
7800.0,264.418310009,0.0017520885125021915,7800.0,74.96153846153845,44.613979060249,-157.3122529644269,16.502778965369792,7800.0,2.5723896E7
7900.0,267.815488643,0.001774696523084792,7900.0,75.27848101265823,44.965412680751946,-157.31225296442682,16.502778965369806,7900.0,2.5724464E7
8000.0,271.176347764,0.0017970637338229256,8000.0,75.4625,45.087591306215984,-158.62977602108026,16.075245831551957,8000.0,2.5725504E7
8100.0,274.536651144,0.0018194278718953434,8100.0,75.74074074074075,45.37286004661627,-158.89328063241098,15.989739204788389,8100.0,2.5726224E7
8200.0,277.901519671,0.001841822887253615,8200.0,76.03658536585365,45.689536271623915,-158.89328063241112,15.989739204788384,8200.0,2.5726792E7
8300.0,281.299091276,0.0018644360936430986,8300.0,76.30120481927712,45.953058966619295,-159.1567852437416,15.904232578024821,8300.0,2.57274E7
8400.0,284.677070462,0.0018869277075997044,8400.0,76.51190476190476,46.123549533943276,-159.94729907773407,15.647712697734079,8400.0,2.573748E7
8500.0,288.01577197,0.0019091584483376127,8500.0,76.76470588235294,46.36861792144028,-160.2108036890644,15.562206070970502,8500.0,2.5738232E7
8600.0,291.417879287,0.0019318117638491095,8600.0,77.03488372093024,46.645659579643834,-160.21080368906456,15.562206070970527,8600.0,2.5738672E7
8700.0,294.769555877,0.001954129745429056,8700.0,77.29885057471265,46.913582077765774,-160.21080368906465,15.562206070970506,8700.0,2.5739208E7
8800.0,298.107784042,0.0019763589372583973,8800.0,77.45454545454545,47.03216350761439,-160.0262123197904,15.394456289978676,8800.0,2.5740088E7
8900.0,301.474266774,0.001998777146572457,8900.0,77.64044943820225,47.15295851231238,-160.1307189542483,15.355168013611234,8900.0,2.5741088E7
9000.0,304.821661313,0.0020210694900703683,9000.0,77.82222222222222,47.28020874266938,-160.91503267973863,15.09995746490857,9000.0,2.5742528E7
9100.0,308.232401124,0.002043785262532447,9100.0,78.06593406593406,47.51935057088842,-160.9150326797385,15.09995746490854,9100.0,2.5744312E7
9200.0,311.592281739,0.002066162997500254,9200.0,78.26086956521739,47.67328404346281,-161.43790849673184,14.929817099106767,9200.0,2.5745104E7
9300.0,314.955302598,0.0020885635126764667,9300.0,78.18279569892474,47.38676179692875,-160.79691516709516,14.819479429051222,9300.0,2.5747248E7
9324.0,316.532577775,0.0020990695192506944,9324.0,78.1960531960532,47.36808961719575,-159.97442455242967,14.830330959363202,9324.0,2.5747352E7
