learning evaluation instances,evaluation time (cpu seconds),model cost (RAM-Hours),classified instances,classifications correct (percent),Kappa Statistic (percent),Kappa Temporal Statistic (percent),Kappa M Statistic (percent),model training instances,model serialized size (bytes)
100.0,0.101217693,7.96278099698325E-9,100.0,100.0,?,?,?,100.0,304096.0
200.0,0.206369012,1.6822380932927546E-8,200.0,96.0,53.703703703703674,-100.0,-33.33333333333333,200.0,325688.0
300.0,0.267503169,2.1976446347263538E-8,300.0,91.66666666666666,26.122931442080354,-525.0000000000014,-316.66666666666646,300.0,325888.0
400.0,0.303790446,2.5036109954809977E-8,400.0,91.5,20.671955202986478,-749.999999999999,-466.6666666666659,400.0,325928.0
500.0,0.337999166,2.792079738927798E-8,500.0,89.60000000000001,13.7244491637909,-766.6666666666657,-549.9999999999993,500.0,325960.0
600.0,0.629589459,5.25559329804033E-8,600.0,91.0,13.183279742765318,-575.000000000001,-439.9999999999982,600.0,326576.0
700.0,0.695242129,5.8115943768744664E-8,700.0,90.57142857142857,9.09806390681574,-450.0000000000006,-199.99999999999966,700.0,327360.0
800.0,0.736815629,6.164533547556234E-8,800.0,87.625,51.96390014313786,-661.5384615384623,18.852459016393407,800.0,328160.0
900.0,0.77699594,6.505786576222834E-8,900.0,87.77777777777777,64.13277394952503,-292.8571428571432,45.27363184079603,900.0,328296.0
1000.0,0.811834062,6.801733065748172E-8,1000.0,88.0,67.92524443636636,-87.50000000000016,53.30739299610895,1000.0,328368.0
1100.0,0.83799522,7.023996653812832E-8,1100.0,83.72727272727273,58.266214497668514,-86.45833333333331,44.92307692307691,1100.0,328408.0
1200.0,0.86076252,7.217449792879529E-8,1200.0,82.75,55.71718900417157,-76.92307692307685,42.33983286908079,1200.0,328448.0
1300.0,0.884353727,7.417903647685422E-8,1300.0,82.0,55.868656300685025,-87.20000000000006,44.15274463007158,1300.0,328448.0
1400.0,0.908437163,7.622589802353952E-8,1400.0,81.64285714285714,56.67002259228393,-77.24137931034493,46.234309623430946,1400.0,328528.0
1500.0,0.932438295,7.826581419087324E-8,1500.0,80.53333333333333,54.87466902939329,-63.12849162011178,45.42056074766356,1500.0,328536.0
1600.0,0.956397202,8.03022903064452E-8,1600.0,79.4375,53.12672524638745,-47.53363228699545,44.61279461279462,1600.0,328560.0
1700.0,0.978828864,8.220909184586876E-8,1700.0,79.47058823529412,54.361819311881156,-45.41666666666663,46.55436447166922,1700.0,328584.0
1800.0,1.00077609,8.407485021021836E-8,1800.0,79.44444444444444,54.7062023939064,-30.281690140845086,47.142857142857125,1800.0,328608.0
1900.0,1.022815935,8.594857344749691E-8,1900.0,80.05263157894737,57.0848957426977,-25.496688741721897,50.65104166666665,1900.0,328624.0
2000.0,1.045820407,8.790439992404437E-8,2000.0,79.85,56.858899698547546,-20.658682634730518,50.12376237623762,2000.0,328640.0
2100.0,1.06992182,8.995353754999735E-8,2100.0,80.42857142857143,58.88355342136854,-10.781671159029676,53.40136054421769,2100.0,328648.0
2200.0,1.093148039,9.192826489322506E-8,2200.0,80.9090909090909,60.458239364593005,-5.527638190954779,56.02094240837696,2200.0,328648.0
2300.0,1.115693054,9.384512192849689E-8,2300.0,81.30434782608695,61.528736749975685,-5.651105651105656,57.635467980295566,2300.0,328656.0
2400.0,1.138373786,9.57735181038516E-8,2400.0,81.375,61.8512797316788,-3.712296983758725,58.14606741573033,2400.0,328656.0
2500.0,1.160578702,9.766150467285057E-8,2500.0,81.6,62.4189884106696,-0.21786492374731317,58.85509838998211,2500.0,328664.0
2600.0,1.183631397,9.962181271998623E-8,2600.0,81.96153846153847,63.56062371876475,-2.1786492374727593,61.49425287356323,2600.0,328704.0
2700.0,1.210386911,1.0189710428177687E-7,2700.0,82.2962962962963,64.49034036006015,-4.1394335511982066,63.73292867981791,2700.0,328720.0
2800.0,1.232589635,1.03785226130827E-7,2800.0,82.60714285714286,65.25353503746278,-6.100217864923753,64.76121562952243,2800.0,328720.0
2900.0,1.2548225,1.0567604921329764E-7,2900.0,83.06896551724138,66.22205057938945,-6.971677559912884,64.47178002894356,2900.0,328744.0
3000.0,1.277116325,1.0757210285812615E-7,3000.0,83.3,66.66468532616264,-9.150326797385627,63.74819102749637,3000.0,328752.0
3100.0,1.30128574,1.0962772241049548E-7,3100.0,83.64516129032258,67.27430367580551,-10.457516339869292,63.31403762662807,3100.0,328760.0
3200.0,1.323473622,1.1151490353556763E-7,3200.0,83.90625,67.67598152823567,-11.231101511879043,62.896253602305485,3200.0,328776.0
3300.0,1.345106755,1.133549007139272E-7,3300.0,83.84848484848484,67.4836336692748,-12.68498942917548,62.49120337790289,3300.0,328776.0
3400.0,1.36714607,1.152294455342719E-7,3400.0,84.20588235294117,68.0312592581179,-12.578616352201294,62.3686054660126,3400.0,328776.0
3500.0,1.389487355,1.1712967428805098E-7,3500.0,84.0,67.5582627118644,-15.226337448559658,61.95652173913043,3500.0,328776.0
3600.0,1.415220169,1.1931836813795482E-7,3600.0,84.02777777777779,67.57061615829298,-16.63286004056796,62.04620462046204,3600.0,328776.0
3700.0,1.437743784,1.2123410489445964E-7,3700.0,83.75675675675676,66.95544922281333,-20.92555331991956,61.49903907751442,3700.0,328776.0
3800.0,1.460620136,1.231798908956121E-7,3800.0,83.76315789473684,66.84943825308444,-19.111969111969167,61.072555205047315,3800.0,328784.0
3900.0,1.484062189,1.2517379353208465E-7,3900.0,83.87179487179488,67.0935080405003,-17.57009345794398,61.57605375687232,3900.0,328784.0
4000.0,1.507145929,1.2713721926299852E-7,4000.0,84.05,67.26523904456572,-19.252336448598083,61.02626756261454,4000.0,328784.0
4100.0,1.531572722,1.2921488059083825E-7,4100.0,84.09756097560975,67.17850292621105,-21.415270018621992,60.412871888281714,4100.0,328784.0
4200.0,1.554682285,1.311805027397784E-7,4200.0,84.28571428571429,67.42257573193433,-20.658135283363777,60.431654676258994,4200.0,328784.0
4300.0,1.57859049,1.332140547065292E-7,4300.0,84.55813953488372,67.76393336012899,-21.167883211678785,60.239520958083844,4300.0,328784.0
4400.0,1.607247035,1.3565154390268027E-7,4400.0,84.5909090909091,67.80054123413126,-21.505376344085985,60.30444964871195,4400.0,328792.0
4500.0,1.62935536,1.3753218711760722E-7,4500.0,84.71111111111111,68.00351217261733,-22.638146167557867,60.482481332567495,4500.0,328816.0
4600.0,1.652741846,1.3952155701410024E-7,4600.0,84.95652173913044,68.30615347699379,-23.13167259786482,60.38923869490554,4600.0,328816.0
4700.0,1.674124487,1.4134046996720135E-7,4700.0,85.06382978723404,68.53255498600781,-24.247787610619458,60.76020122973729,4700.0,328816.0
4800.0,1.696020074,1.4320310726858677E-7,4800.0,84.95833333333334,68.22908501855045,-25.12998266897742,60.220385674931144,4800.0,328832.0
4900.0,1.717462269,1.4502721930945707E-7,4900.0,85.10204081632654,68.38830927739934,-25.21440823327618,60.13107591480066,4900.0,328840.0
5000.0,1.738701338,1.4683405118929845E-7,5000.0,85.2,68.37658191875516,-25.211505922165866,59.760739532354535,5000.0,328840.0
5100.0,1.761535323,1.4877656439653081E-7,5100.0,85.35294117647058,68.52678903357241,-25.969645868465385,59.66522678185745,5100.0,328840.0
5200.0,1.782897281,1.5059385058408604E-7,5200.0,85.59615384615384,68.82855287909308,-25.46063651591295,59.644396551724135,5200.0,328840.0
5300.0,1.80452209,1.5243349780669645E-7,5300.0,85.83018867924528,69.11297281525673,-24.543946932006687,59.667024704618676,5300.0,328840.0
5400.0,1.826335329,1.5428917498481565E-7,5400.0,85.85185185185186,69.05000252065136,-25.451559934318535,59.44798301486202,5400.0,328840.0
5500.0,1.848411638,1.5616723182857037E-7,5500.0,85.94545454545455,69.08737406640452,-25.691056910569092,59.272918861959965,5500.0,328840.0
5600.0,1.872313676,1.582006055254862E-7,5600.0,86.19642857142857,69.39609462268287,-25.28363047001615,59.31578947368422,5600.0,328840.0
5700.0,1.896384484,1.6024833667923595E-7,5700.0,86.33333333333333,69.59189325339005,-24.242424242424303,59.49037961518459,5700.0,328840.0
5800.0,1.917889413,1.620777855732023E-7,5800.0,86.39655172413792,69.57359954915576,-23.474178403755854,59.30892212480659,5800.0,328840.0
5900.0,1.941966374,1.6412604016969602E-7,5900.0,86.32203389830508,69.34016148429343,-24.729520865533246,58.97305541433655,5900.0,328840.0
6000.0,1.965162964,1.6609940059880002E-7,6000.0,86.38333333333334,69.36702602190526,-24.353120243531148,58.88273779567188,6000.0,328840.0
6100.0,1.989677943,1.6818496862362656E-7,6100.0,86.37704918032787,69.39520712678527,-23.845007451564836,59.0034533793784,6100.0,328848.0
6200.0,2.012991544,1.7016833156222686E-7,6200.0,86.25806451612902,69.10561022326846,-23.6574746008709,58.74092009685229,6200.0,328848.0
6300.0,2.036255767,1.7214749375572637E-7,6300.0,86.4126984126984,69.42860262387485,-22.46065808297577,59.179780639008094,6300.0,328848.0
6400.0,2.059841924,1.741540439089098E-7,6400.0,86.5625,69.67025550274913,-21.640735502121654,59.41481831052382,6400.0,328848.0
6500.0,2.082233238,1.7605894492931252E-7,6500.0,86.67692307692307,69.92764791894942,-21.288515406162528,59.81438515081206,6500.0,328848.0
6600.0,2.107211657,1.7818393928387102E-7,6600.0,86.56060606060606,69.65380392693524,-22.85318559556789,59.49771689497716,6600.0,328848.0
6700.0,2.128723264,1.8001400080347644E-7,6700.0,86.70149253731343,69.9576245341688,-21.88782489740084,59.919028340080956,6700.0,328848.0
6800.0,2.149898439,1.8181548479622233E-7,6800.0,86.86764705882352,70.25173642579932,-20.838971583220623,60.187249219794914,6800.0,328856.0
6900.0,2.172133591,1.8370714663156827E-7,6900.0,87.05797101449275,70.47526500242937,-20.51282051282055,60.22271714922049,6900.0,328856.0
7000.0,2.193723462,1.8554391100361946E-7,7000.0,87.0142857142857,70.34571223139869,-21.36181575433917,60.11408512505484,7000.0,328856.0
7100.0,2.216949107,1.87519839310644E-7,7100.0,87.15492957746478,70.52630965654812,-21.276595744680822,60.20942408376963,7100.0,328856.0
7200.0,2.237620657,1.8927847726429712E-7,7200.0,87.26388888888889,70.63052034476132,-21.779548472775566,60.216919739696294,7200.0,328856.0
7300.0,2.258257413,1.9103424052847139E-7,7300.0,87.20547945205479,70.48720992674133,-23.381770145310448,60.03423192126657,7300.0,328872.0
7400.0,2.27977268,1.9286474700039462E-7,7400.0,87.37837837837837,70.67171183153452,-23.381770145310465,60.03423192126658,7400.0,328872.0
7500.0,2.300575029,1.9463459882122986E-7,7500.0,87.52,70.8074242292557,-23.32015810276687,59.98289867464728,7500.0,328872.0
7600.0,2.321932166,1.9645165168421553E-7,7600.0,87.68421052631578,70.9786505252001,-23.32015810276679,59.98289867464728,7600.0,328872.0
7700.0,2.342652808,1.9821459480430933E-7,7700.0,87.81818181818181,71.08884641751234,-23.583662714097553,59.89739204788371,7700.0,328880.0
7800.0,2.362801955,1.999289142775867E-7,7800.0,87.97435897435898,71.24808629063767,-23.583662714097432,59.89739204788373,7800.0,328880.0
7900.0,2.383231723,2.016671094040076E-7,7900.0,88.12658227848101,71.40161568405759,-23.583662714097457,59.89739204788371,7900.0,328880.0
8000.0,2.404130914,2.0344524373927465E-7,8000.0,88.2375,71.4695241610835,-23.97891963109347,59.769132107738365,8000.0,328880.0
8100.0,2.426070736,2.053119165118163E-7,8100.0,88.35802469135803,71.55996724051371,-24.242424242424168,59.68362548097479,8100.0,328880.0
8200.0,2.446246443,2.070285375052587E-7,8200.0,88.5,71.6989529278697,-24.24242424242427,59.683625480974776,8200.0,328888.0
8300.0,2.466618321,2.08761849425909E-7,8300.0,88.63855421686748,71.8332860463332,-24.24242424242418,59.68362548097479,8300.0,328888.0
8400.0,2.488342182,2.1061019287435544E-7,8400.0,88.75,71.91113416032124,-24.505928853755066,59.598118854211194,8400.0,328888.0
8500.0,2.509282638,2.1239188143584462E-7,8500.0,88.85882352941177,71.98541954109476,-24.76943346508556,59.51261222744763,8500.0,328888.0
8600.0,2.531967022,2.1432194960137206E-7,8600.0,88.96511627906976,72.05631221111834,-25.03293807641636,59.42710560068406,8600.0,328888.0
8700.0,2.558690358,2.1659566618500483E-7,8700.0,89.0919540229885,72.17505514234558,-25.03293807641635,59.42710560068406,8700.0,328888.0
8800.0,2.585713207,2.1889486640118682E-7,8800.0,89.2159090909091,72.33569765639184,-24.37745740498033,59.530916844349704,8800.0,328888.0
8900.0,2.612275326,2.2115486606839628E-7,8900.0,89.3370786516854,72.49296862685327,-24.052287581699296,59.63419821352617,8900.0,328888.0
9000.0,2.63391583,2.229961172064642E-7,9000.0,89.43333333333334,72.55141566578803,-24.313725490196152,59.54912803062526,9000.0,328888.0
9100.0,2.656252773,2.248966700832049E-7,9100.0,89.53846153846153,72.6321271002533,-24.444444444444454,59.50659293917481,9100.0,328896.0
9200.0,2.677106523,2.266710245485107E-7,9200.0,89.6086956521739,72.63559663590078,-24.96732026143789,59.33645257337301,9200.0,328896.0
9300.0,2.698054448,2.2845339195306101E-7,9300.0,89.51612903225806,72.44545430676865,-25.321336760925522,59.06801007556673,9300.0,328896.0
9324.0,2.708666189,2.2935629862586656E-7,9324.0,89.53238953238953,72.47580788925555,-24.808184143222483,59.11185588604943,9324.0,328896.0
