learning evaluation instances,evaluation time (cpu seconds),model cost (RAM-Hours),classified instances,classifications correct (percent),Kappa Statistic (percent),Kappa Temporal Statistic (percent),Kappa M Statistic (percent),model training instances,model serialized size (bytes)
100.0,2.53886986,1.5623841335371633E-5,100.0,100.0,?,?,?,100.0,2.3787552E7
200.0,6.105846402,3.906678578512345E-5,200.0,98.0,59.01639344262287,0.0,33.33333333333333,200.0,2.5404712E7
300.0,9.653492364,6.239554170712032E-5,300.0,98.66666666666667,59.3495934959351,0.0,33.33333333333352,300.0,2.541872E7
400.0,13.465044155,8.74663897820373E-5,400.0,99.0,59.51417004048588,0.0,33.33333333333333,400.0,2.5425408E7
500.0,17.285428035,1.1260045530487792E-4,500.0,98.8,49.46091644204845,0.0,25.0,500.0,2.5430688E7
600.0,21.273859905,1.3885277687941612E-4,600.0,98.16666666666667,34.393638170974214,-37.50000000000011,-9.999999999999535,600.0,2.5442976E7
700.0,24.676932232,1.6126500523879842E-4,700.0,97.0,30.998873450995255,-75.00000000000033,4.545454545454594,700.0,2.5457528E7
800.0,28.108317997,1.8390422434173698E-4,800.0,96.25,84.3342036553525,-130.7692307692308,75.40983606557377,800.0,2.5503176E7
900.0,31.440042755,2.059009360104022E-4,900.0,95.55555555555556,86.51958030960031,-42.857142857142804,80.09950248756222,900.0,2.5520608E7
1000.0,35.032673291,2.2962910721067197E-4,1000.0,94.8,85.80592329739319,18.749999999999858,79.76653696498053,1000.0,2.5530192E7
1100.0,38.473766138,2.5236514471864527E-4,1100.0,89.72727272727272,73.40038519152576,-17.708333333333382,65.2307692307692,1100.0,2.5539992E7
1200.0,41.88698331,2.749234087315446E-4,1200.0,88.25,69.46906487282385,-20.51282051282052,60.724233983286894,1200.0,2.5547248E7
1300.0,45.168756524,2.9661704318337706E-4,1300.0,85.23076923076923,62.63775084050091,-53.6,54.17661097852029,1300.0,2.5552072E7
1400.0,48.48543995,3.185498340669691E-4,1400.0,82.78571428571428,57.78764206322595,-66.2068965517242,49.581589958158986,1400.0,2.5561848E7
1500.0,51.87063653,3.409402963753938E-4,1500.0,80.13333333333334,52.21142435613716,-66.48044692737435,44.29906542056075,1500.0,2.5567104E7
1600.0,55.557681942,3.6533146787037546E-4,1600.0,78.0625,48.1273761097749,-57.39910313901342,40.90909090909091,1600.0,2.557152E7
1700.0,59.251600239,3.897714163113918E-4,1700.0,76.17647058823529,44.72703101066442,-68.74999999999997,37.978560490045936,1700.0,2.5574984E7
1800.0,62.841794827,4.135354365651826E-4,1800.0,75.66666666666667,43.94197952218431,-54.22535211267602,37.42857142857143,1800.0,2.5586112E7
1900.0,66.590642997,4.3835290537900824E-4,1900.0,74.36842105263159,42.17120772367175,-61.25827814569536,36.58854166666668,1900.0,2.5589512E7
2000.0,70.182320601,4.621330900179084E-4,2000.0,73.7,40.65455989602137,-57.48502994011974,34.9009900990099,2000.0,2.5592944E7
2100.0,73.62238042,4.8491439596389034E-4,2100.0,72.95238095238096,40.40124234030053,-53.09973045822102,35.60090702947847,2100.0,2.5598528E7
2200.0,76.944494341,5.069166502700123E-4,2200.0,71.81818181818181,39.025753125824195,-55.77889447236183,35.078534031413604,2200.0,2.5600888E7
2300.0,80.506725715,5.305117603921281E-4,2300.0,71.52173913043478,39.022415789005,-60.933660933660924,35.4679802955665,2300.0,2.5603672E7
2400.0,83.9338012,5.532163212180764E-4,2400.0,71.33333333333334,38.950805707389804,-59.62877030162412,35.58052434456929,2400.0,2.5608952E7
2500.0,87.409150289,5.762430996160055E-4,2500.0,71.16,38.810025582671145,-57.080610021786505,35.5098389982111,2500.0,2.5611624E7
2600.0,91.128321153,6.008890659962383E-4,2600.0,70.34615384615385,38.671816202682216,-67.97385620915033,36.69950738916257,2600.0,2.5615456E7
2700.0,94.55738438,6.2361653963925E-4,2700.0,69.62962962962963,38.52745773554479,-78.64923747276684,37.7845220030349,2700.0,2.5619936E7
2800.0,98.035370444,6.466713423180254E-4,2800.0,69.46428571428571,39.29817123696838,-86.27450980392159,38.13314037626627,2800.0,2.5623352E7
2900.0,101.55050536,6.699781801248719E-4,2900.0,69.06896551724138,39.42124972054549,-95.42483660130723,35.094066570188126,2900.0,2.5629712E7
3000.0,105.184490737,6.940765893305527E-4,3000.0,68.56666666666666,39.208825099341674,-105.4466230936819,31.76555716353111,3000.0,2.563348E7
3100.0,108.78400543,7.179494639821005E-4,3100.0,68.3225806451613,39.35904893188103,-113.9433551198257,28.94356005788712,3100.0,2.563676E7
3200.0,112.481797734,7.424755023660972E-4,3200.0,68.21875,39.59399681932992,-119.65442764578842,26.729106628242054,3200.0,2.5638184E7
3300.0,116.090641433,7.664138866466959E-4,3300.0,68.3030303030303,39.762673519554,-121.14164904862585,26.38986629134412,3300.0,2.5640656E7
3400.0,119.629509974,7.898890086472128E-4,3400.0,68.44117647058823,40.278540807099134,-124.94758909853252,24.807288016818504,3400.0,2.564164E7
3500.0,123.428290434,8.150892104183934E-4,3500.0,68.68571428571428,40.60632335180998,-125.51440329218102,25.543478260869563,3500.0,2.5642608E7
3600.0,126.992371051,8.387339078848166E-4,3600.0,68.72222222222221,40.60528802830831,-128.39756592292096,25.67656765676566,3600.0,2.5644168E7
3700.0,130.458367096,8.617301915941962E-4,3700.0,68.75675675675676,40.59832205397702,-132.59557344064393,25.944907110826392,3700.0,2.5646728E7
3800.0,133.82221415,8.840498204793836E-4,3800.0,68.94736842105263,41.02847703806189,-127.79922779922785,25.55205047318613,3800.0,2.5647976E7
3900.0,137.182253387,9.063449627717367E-4,3900.0,69.0,40.99203365547787,-125.98130841121507,26.14538790470371,3900.0,2.5648872E7
4000.0,140.673413304,9.295115569659367E-4,4000.0,69.1,41.35591668269967,-131.02803738317755,24.496029321930347,4000.0,2.565044E7
4100.0,144.310964981,9.536521278162386E-4,4100.0,69.02439024390243,41.35020897437543,-136.49906890130356,22.89010321797206,4100.0,2.5653152E7
4200.0,147.879657463,9.773364096562149E-4,4200.0,69.16666666666667,41.56739892739274,-136.74588665447894,22.362110311750595,4200.0,2.5653904E7
4300.0,151.590555223,0.001001965960510104,4300.0,69.02325581395348,41.41665405182042,-143.0656934306569,20.23952095808383,4300.0,2.5655464E7
4400.0,155.114889403,0.0010253580968939725,4400.0,68.95454545454545,41.18540414778724,-144.80286738351248,20.023419203747082,4400.0,2.5656368E7
4500.0,158.499341591,0.0010478230384274746,4500.0,69.13333333333334,41.42342620616854,-147.59358288770045,20.218265364732908,4500.0,2.5657792E7
4600.0,161.947538282,0.0010707121594810136,4600.0,69.58695652173913,42.20675816499946,-148.93238434163706,19.919862621637087,4600.0,2.5658984E7
4700.0,165.304197282,0.0010929944455230155,4700.0,69.97872340425532,42.80443440927728,-149.73451327433636,21.129122414756832,4700.0,2.5659896E7
4800.0,168.711072523,0.0011156319011954557,4800.0,70.14583333333333,42.97879113445545,-148.35355285961867,21.046831955922865,4800.0,2.5684656E7
4900.0,172.077302777,0.001138000839196731,4900.0,70.38775510204081,43.32378247250169,-148.88507718696403,20.753686510103776,4900.0,2.568644E7
5000.0,175.374517771,0.0011599120100342405,5000.0,70.5,43.42907409617685,-149.57698815566843,19.79336595976073,5000.0,2.5687432E7
5100.0,178.896868487,0.0011833209793759996,5100.0,70.86274509803921,43.92841161721985,-150.5902192242832,19.762419006479483,5100.0,2.5689288E7
5200.0,182.279188695,0.0012058004347726037,5200.0,71.26923076923077,44.4933467465362,-150.25125628140705,19.504310344827594,5200.0,2.5690552E7
5300.0,185.561420006,0.0012276154709068626,5300.0,71.39622641509435,44.61945484612166,-151.40961857379767,18.582169709989262,5300.0,2.569148E7
5400.0,188.859053125,0.0012495347573281694,5400.0,71.48148148148148,44.6361806154731,-152.87356321839087,18.259023354564754,5400.0,2.5693688E7
5500.0,192.268871786,0.0012722024411176472,5500.0,71.69090909090909,44.86634781193409,-153.17073170731706,17.966280295047433,5500.0,2.5696752E7
5600.0,195.703783799,0.0012950389515151099,5600.0,71.98214285714286,45.2157972839845,-154.29497568881675,17.421052631578963,5600.0,2.5699016E7
5700.0,198.976788715,0.0013167999674868472,5700.0,72.14035087719299,45.28604416938768,-153.26953748006383,17.420696827873105,5700.0,2.5700104E7
5800.0,202.466088803,0.0013399998816407428,5800.0,72.44827586206897,45.69701389822251,-150.07824726134572,17.586384734399193,5800.0,2.5701024E7
5900.0,205.863043201,0.0013625871227099802,5900.0,72.61016949152543,45.86243138688908,-149.76816074188565,17.844433146924253,5900.0,2.5702528E7
6000.0,209.1624711,0.0013845286773613984,6000.0,72.89999999999999,46.217691336516836,-147.48858447488578,18.168092601912438,6000.0,2.57058E7
6100.0,212.540316565,0.001406993241358211,6100.0,72.8688524590164,45.97534949729329,-146.64679582712367,18.352244696595974,6100.0,2.5707544E7
6200.0,215.993784095,0.0014299623068465528,6200.0,72.74193548387096,45.548379988951694,-145.28301886792462,18.159806295399502,6200.0,2.5709304E7
6300.0,219.483071796,0.0014531706382872572,6300.0,72.85714285714285,45.65084139035772,-144.63519313304732,18.454935622317585,6300.0,2.571044E7
6400.0,222.768574973,0.0014750242294145422,6400.0,73.125,46.01634672884463,-143.28147100424331,18.82963662104764,6400.0,2.5711256E7
6500.0,226.138743276,0.001497442241782768,6500.0,73.35384615384616,46.37972660233315,-142.57703081232495,19.628770301624147,6500.0,2.5712712E7
6600.0,229.484204127,0.001519698748401169,6600.0,73.4090909090909,46.36442187209144,-143.07479224376732,19.86301369863014,6600.0,2.5716E7
6700.0,232.932044751,0.0015426374321583997,6700.0,73.56716417910448,46.55467577785498,-142.27086183310527,20.332883490778247,6700.0,2.57172E7
6800.0,236.34605019,0.00156535286673098,6800.0,73.66176470588235,46.52064515279125,-142.35453315290945,20.151582701738725,6800.0,2.5719304E7
6900.0,240.116739803,0.0015904425504570962,6900.0,73.81159420289856,46.64000157491234,-143.859649122807,19.51002227171495,6900.0,2.5720344E7
7000.0,243.531606227,0.0016131660035278628,7000.0,73.92857142857143,46.75322640019634,-143.65821094793057,19.92101799034667,7000.0,2.5721896E7
7100.0,247.145836735,0.0016372169173817798,7100.0,73.91549295774648,46.61600386369372,-146.27659574468083,19.19720767888305,7100.0,2.5722792E7
7200.0,250.611107341,0.0016602771792962087,7200.0,74.09722222222223,46.80172510104425,-147.67596281540497,19.08893709327549,7200.0,2.5723464E7
7300.0,254.043640103,0.0016831222027550428,7300.0,74.15068493150685,46.845012990945925,-149.2734478203434,19.25545571245187,7300.0,2.5726416E7
7400.0,257.938518527,0.0017090446473648358,7400.0,74.44594594594595,47.18829188879432,-149.80184940554818,19.08429610611897,7400.0,2.572672E7
7500.0,261.375622239,0.0017319209532446667,7500.0,74.76,47.57367380504165,-149.407114624506,19.067977768277046,7500.0,2.5727384E7
7600.0,265.098685005,0.0017567010078330342,7600.0,75.09210526315789,47.97336685379687,-149.40711462450588,19.06797776827704,7600.0,2.5727896E7
7700.0,268.650981472,0.0017803454128403255,7700.0,75.25974025974025,48.09617689782543,-150.98814229249024,18.554938007695604,7700.0,2.572892E7
7800.0,272.126962067,0.001803482154678999,7800.0,75.55128205128206,48.42419633548482,-151.25164690382076,18.46943138093202,7800.0,2.5729256E7
7900.0,275.485126653,0.001825835185772257,7900.0,75.86075949367088,48.7811203319502,-151.2516469038208,18.469431380932004,7900.0,2.5729824E7
8000.0,278.964667476,0.0018489970725751991,8000.0,75.9375,48.74638994864788,-153.62318840579695,17.699871740059876,8000.0,2.5730864E7
8100.0,282.269084655,0.001870993848065245,8100.0,76.12345679012346,48.89366833349851,-154.80895915678516,17.315091919623782,8100.0,2.5731584E7
8200.0,285.806662623,0.0018945432432606675,8200.0,76.29268292682927,49.01192696392267,-156.1264822134388,16.88755878580591,8200.0,2.5732152E7
8300.0,289.052490982,0.001916150993398351,8300.0,76.4578313253012,49.12256805078471,-157.4440052700921,16.46002565198804,8300.0,2.573276E7
8400.0,292.516597683,0.001939220874028647,8400.0,76.47619047619048,48.98589865053466,-160.34255599473008,15.519452757588729,8400.0,2.574284E7
8500.0,296.131304478,0.001963294407983084,8500.0,76.68235294117648,49.16417969356563,-161.13306982872194,15.262932877297967,8500.0,2.5743592E7
8600.0,299.562432701,0.0019861457201976484,8600.0,76.86046511627907,49.29514804282058,-162.18708827404478,14.920906370243731,8600.0,2.5744032E7
8700.0,303.107498089,0.00200975634544445,8700.0,77.0344827586207,49.41914923396605,-163.2411067193676,14.578879863189426,8700.0,2.5744568E7
8800.0,306.887517506,0.0020349326575305614,8800.0,77.14772727272728,49.491743689036646,-163.56487549148108,14.24307036247335,8800.0,2.5745448E7
8900.0,310.402829492,0.002058346830707313,8900.0,77.34831460674158,49.712821263081956,-163.52941176470586,14.249255635899608,8900.0,2.5746448E7
9000.0,313.893916591,0.002081600951539233,9000.0,77.44444444444444,49.70633399035343,-165.35947712418306,13.65376435559339,9000.0,2.5747888E7
9100.0,317.286890203,0.0021042031046569123,9100.0,77.53846153846153,49.69631017388637,-167.18954248366006,13.058273075287099,9100.0,2.5749672E7
9200.0,320.886901396,0.0021281851676509347,9200.0,77.6086956521739,49.64607450074767,-169.28104575163388,12.377711612079942,9200.0,2.5750464E7
9300.0,324.46412334,0.00215201740045943,9300.0,77.6021505376344,49.5828461280925,-167.737789203085,12.552476910159516,9300.0,2.5752608E7
9324.0,326.029171838,0.002162444137008756,9324.0,77.63835263835264,49.62401487107526,-166.6240409207161,12.651864264767475,9324.0,2.5752712E7
