learning evaluation instances,evaluation time (cpu seconds),model cost (RAM-Hours),classified instances,classifications correct (percent),Kappa Statistic (percent),Kappa Temporal Statistic (percent),Kappa M Statistic (percent),model training instances,model serialized size (bytes)
100.0,0.57324329,1.1790557173966532E-7,100.0,33.0,0.0,-42.55319148936171,-179.16666666666669,100.0,795056.0
200.0,1.065660886,2.1918678898871772E-7,200.0,41.5,0.0,-17.000000000000004,-58.10810810810811,200.0,795056.0
300.0,1.45318332,2.9889300612161556E-7,300.0,38.666666666666664,0.0,-26.027397260273965,-71.96261682242991,300.0,795056.0
400.0,1.846731703,3.798386498200107E-7,400.0,38.0,0.0,-31.914893617021285,-73.4265734265734,400.0,795056.0
500.0,2.190960406,4.506401450044E-7,500.0,37.4,0.0,-28.80658436213992,-75.84269662921349,500.0,795056.0
600.0,3.273932282,6.735533433832808E-7,600.0,42.333333333333336,2.5937464809879436,-20.138888888888893,-65.55023923444973,600.0,795648.0
700.0,3.618083162,7.443915388025923E-7,700.0,45.857142857142854,3.699562963715813,-13.134328358208963,-56.61157024793386,700.0,795648.0
800.0,3.971333838,8.171027880619053E-7,800.0,47.0,0.8332115187837935,-11.578947368421064,-48.251748251748246,800.0,795648.0
900.0,4.300969302,8.849532070873264E-7,900.0,49.111111111111114,1.6280768074229992,-8.788598574821863,-44.02515723270438,900.0,795648.0
1000.0,4.624114698,9.514677448699955E-7,1000.0,49.5,-0.591197373872576,-6.54008438818566,-38.736263736263744,1000.0,795648.0
1100.0,5.311082881,1.0928667957714987E-6,1100.0,50.81818181818182,-0.26620838387923096,-3.441682600382408,-34.91271820448879,1100.0,795632.0
1200.0,5.628209142,1.158141074014662E-6,1200.0,52.25,0.52716551608403,-0.7029876977153062,-32.33256351039262,1200.0,795632.0
1300.0,5.966248957,1.2277200009442658E-6,1300.0,52.53846153846153,-0.3367491944038771,0.32310177705976334,-29.35010482180295,1300.0,795632.0
1400.0,6.297089603,1.2958171188336983E-6,1400.0,53.42857142857142,-0.0526131182041443,1.9548872180451013,-27.592954990215272,1400.0,795632.0
1500.0,6.608820479,1.3599808619209006E-6,1500.0,54.06666666666666,-0.03561984335012977,3.6363636363636322,-25.729927007299295,1500.0,795632.0
1600.0,7.206300265,1.4829579921958553E-6,1600.0,54.125,-0.7245581293226412,4.177545691906008,-23.77740303541316,1600.0,795616.0
1700.0,7.544549301,1.5525785831183236E-6,1700.0,54.94117647058824,-0.24757810719761736,5.080545229244124,-22.559999999999985,1700.0,795616.0
1800.0,7.831313512,1.6116022364044644E-6,1800.0,55.222222222222214,-0.4275160872310146,6.9284064665127,-21.203007518797,1800.0,795616.0
1900.0,8.195709539,1.6866045690926784E-6,1900.0,55.47368421052632,-0.571620207925576,8.043478260869563,-19.999999999999975,1900.0,795616.0
2000.0,8.511141802,1.751528865125473E-6,2000.0,55.900000000000006,-0.4555808656036197,8.220603537981287,-19.028340080971628,2000.0,795616.0
2100.0,9.316780966,1.9173540313816526E-6,2100.0,56.19047619047619,-0.4634213306931332,8.730158730158728,-18.10012836970476,2100.0,795632.0
2200.0,9.661576493,1.9883234903454945E-6,2200.0,55.54545454545454,-1.4743875740565902,8.341143392689776,-17.266187050359704,2200.0,795632.0
2300.0,10.005222383,2.0590563188733075E-6,2300.0,55.869565217391305,-1.3755284815513447,8.723021582733818,-16.80092059838895,2300.0,795632.0
2400.0,10.384435034,2.13710987399879E-6,2400.0,55.75,-1.7381058063527262,8.210890233362138,-16.319824753559708,2400.0,795632.0
2500.0,10.71696754,2.2055552283920055E-6,2500.0,55.400000000000006,-1.08970165210491,8.154859967051086,-16.145833333333318,2500.0,795632.0
2600.0,11.612339534,2.389850153962651E-6,2600.0,54.807692307692314,-0.8759532860135384,6.150159744408964,-17.499999999999996,2600.0,795632.0
2700.0,11.957421374,2.4608785448937406E-6,2700.0,54.2962962962963,-0.5796051439956631,5.440613026819917,-18.539865513928916,2700.0,795632.0
2800.0,12.334590013,2.5385113798694643E-6,2800.0,54.142857142857146,0.6191950464396359,4.959289415247984,-17.690192483959645,2800.0,795632.0
2900.0,12.693758562,2.6124392461070044E-6,2900.0,53.6551724137931,0.660631269880116,3.9999999999999996,-18.832891246684337,2900.0,795632.0
3000.0,13.05273721,2.6863280249139626E-6,3000.0,53.56666666666666,1.6781763666239187,4.2611683848797135,-17.851099830795267,3000.0,795632.0
3100.0,14.040373526,2.889613768233835E-6,3100.0,53.29032258064517,2.0487539190972686,3.5952063914780363,-18.011409942950287,3100.0,795632.0
3200.0,14.455281594,2.975014531294468E-6,3200.0,52.87500000000001,1.9786277007878181,2.7096774193548496,-19.021310181531145,3200.0,795632.0
3300.0,14.83785319,3.053759459975209E-6,3300.0,52.75757575757576,2.5606545578514823,2.6233603997501502,-18.46504559270516,3300.0,795632.0
3400.0,15.218742231,3.1321580674055965E-6,3400.0,52.411764705882355,2.525422911947572,2.1173623714458714,-19.233603537214417,3400.0,795632.0
3500.0,15.580071683,3.206530713533751E-6,3500.0,52.25714285714286,2.8682635565910104,2.22352252779404,-19.01709401709402,3500.0,795632.0
3600.0,16.555829619,3.4073715231582773E-6,3600.0,52.22222222222223,3.4026238543101917,2.161547212741749,-18.21305841924398,3600.0,795632.0
3700.0,16.910871172,3.4804499274674268E-6,3700.0,51.972972972972975,3.423288869669541,1.4966740576496749,-18.624833110814425,3700.0,795632.0
3800.0,17.271182566,3.554613026139782E-6,3800.0,51.76315789473684,3.4889946361529103,1.715817694369983,-18.871595330739307,3800.0,795632.0
3900.0,17.633037443,3.629093820793819E-6,3900.0,51.717948717948715,3.8418731278908074,1.875977071391334,-18.278894472361813,3900.0,795632.0
4000.0,17.996217343,3.7038473456837814E-6,4000.0,51.425,3.679894033011565,0.8167432363450747,-19.056372549019603,4000.0,795632.0
4100.0,18.995329566,3.90950758806328E-6,4100.0,51.21951219512195,3.453537603669712,0.44798407167745186,-19.545726240286896,4100.0,795680.0
4200.0,19.357097981,3.983975078502686E-6,4200.0,51.07142857142857,3.32158839796333,0.04863813229570153,-19.825072886297388,4200.0,795680.0
4300.0,19.678908175,4.0502174494542755E-6,4300.0,50.93023255813953,3.1390712837932164,-0.23752969121140638,-19.750283768444962,4300.0,795680.0
4400.0,20.042690307,4.1250994494120025E-6,4400.0,50.81818181818182,3.0031178442438873,-0.46425255338905236,-19.558011049723753,4400.0,795680.0
4500.0,20.404680393,4.199612569271747E-6,4500.0,50.511111111111106,2.4685201492066633,-1.2733060482037326,-20.378378378378397,4500.0,795680.0
4600.0,21.577346567,4.440997674991827E-6,4600.0,50.34782608695652,2.236781205760019,-1.78253119429589,-20.71881606765327,4600.0,795680.0
4700.0,21.859718501,4.499121956779947E-6,4700.0,50.276595744680854,2.0823207771011756,-1.785714285714285,-20.588235294117656,4700.0,795680.0
4800.0,22.222837853,4.573867528124045E-6,4800.0,50.020833333333336,1.6539947854890218,-2.390098164746039,-21.468354430379726,4800.0,795680.0
4900.0,22.58101874,4.647596551090991E-6,4900.0,50.08163265306123,1.7489657958453535,-1.874219075385256,-20.6709422792304,4900.0,795680.0
5000.0,22.936408864,4.720751115071458E-6,5000.0,50.160000000000004,1.8430194158604127,-1.5071283095722938,-20.212252773757836,5000.0,795680.0
5100.0,24.381079122,5.018126353387136E-6,5100.0,49.7843137254902,1.4365804603686243,-2.5220176140912804,-21.720532319391616,5100.0,795680.0
5200.0,24.769726475,5.098126684659362E-6,5200.0,49.59615384615385,1.3578244700223137,-2.986247544204316,-22.248134328358223,5200.0,795680.0
5300.0,25.1456102,5.175499712644036E-6,5300.0,49.58490566037736,1.2880729872709435,-3.1262060980316524,-22.96364473078692,5300.0,795680.0
5400.0,25.535103062,5.255674086012707E-6,5400.0,50.0,1.7954327467103293,-2.7788351732013634,-22.671512948659693,5400.0,795680.0
5500.0,25.895017958,5.3297600425683116E-6,5500.0,50.34545454545455,2.152928708990613,-2.0934579439252334,-22.35663082437274,5500.0,795680.0
5600.0,27.333420342,5.62584508298993E-6,5600.0,50.69642857142858,2.5241243587810347,-1.5820456217807204,-22.06012378426171,5600.0,795680.0
5700.0,27.714792124,5.704347789009594E-6,5700.0,51.10526315789473,3.0160808970391195,-1.0148604566872133,-21.809440559440556,5700.0,795680.0
5800.0,28.082178688,5.779971736009601E-6,5800.0,51.37931034482759,3.230844961093555,-0.6064930431680206,-21.49935372684188,5800.0,795680.0
5900.0,28.468956263,5.859587186596932E-6,5900.0,51.67796610169491,3.4996210181954845,-0.3873239436619773,-21.215986394557806,5900.0,795680.0
6000.0,28.796485563,5.927006795399363E-6,6000.0,51.866666666666674,3.5526982535290506,0.10377032168800884,-20.887400586019243,6000.0,795680.0
6100.0,30.114829567,6.198378660501846E-6,6100.0,52.08196721311475,3.665553175179653,0.4766768811712756,-20.58580858085807,6100.0,795680.0
6200.0,30.500317054,6.2777285555242825E-6,6200.0,52.435483870967744,4.051783636189613,0.9405441719852202,-20.3673469387755,6200.0,795680.0
6300.0,30.88679974,6.357283305279595E-6,6300.0,52.666666666666664,4.202551743043812,1.356268607343689,-20.096657269432157,6300.0,795680.0
6400.0,31.27309797,6.436800086061259E-6,6400.0,52.87500000000001,4.31403777469858,1.5344433561867643,-19.825188716726238,6400.0,795680.0
6500.0,31.657541944,6.51593518125284E-6,6500.0,53.09230769230769,4.446809294374503,1.9929283188685452,-19.568627450980372,6500.0,795680.0
6600.0,33.02044123,6.7964784386018245E-6,6600.0,53.303030303030305,4.571084999346958,2.003179650238492,-19.318621757646138,6600.0,795680.0
6700.0,33.336512145,6.861539419232036E-6,6700.0,53.59701492537313,4.851298836434465,2.3555276381909502,-19.118773946360168,6700.0,795680.0
6800.0,33.651877128,6.926455088712126E-6,6800.0,53.88235294117647,5.115896290991207,2.880148652833694,-18.92301858172165,6800.0,795680.0
6900.0,34.013285829,7.00084853454801E-6,6900.0,54.144927536231876,5.339879072861866,3.33027803238617,-18.724202626641652,6900.0,795680.0
7000.0,34.383781062,7.077112379254501E-6,7000.0,54.38571428571428,5.526027830829234,3.622094778146691,-18.52264291017075,7000.0,795680.0
7100.0,36.104828886,7.431378000755708E-6,7100.0,54.647887323943664,5.751228095055148,3.9092808116980002,-18.33884601249541,7100.0,795680.0
7200.0,36.495997655,7.51189734782392E-6,7200.0,54.84722222222223,5.8674629062982655,4.2979099205181175,-18.132267441860453,7200.0,795680.0
7300.0,36.825915362,7.579808593452738E-6,7300.0,55.06849315068493,6.023979113648804,4.4567433731430155,-17.943185904350976,7300.0,795680.0
7400.0,37.180046447,7.652703993087154E-6,7400.0,55.24324324324324,6.102423020905369,4.66321243523316,-17.739068610024898,7400.0,795680.0
7500.0,37.568706831,7.732707006699318E-6,7500.0,55.48,6.288744650497148,4.763262977752422,-17.570422535211268,7500.0,795680.0
7600.0,39.320020458,8.093202631434896E-6,7600.0,55.723684210526315,6.487447071470875,5.13109670143783,-17.41102581995814,7600.0,795680.0
7700.0,39.702501948,8.17193376306181E-6,7700.0,55.79220779220779,6.394626779876303,5.286588759042839,-17.177280550774512,7700.0,795680.0
7800.0,40.045640098,8.242566344141396E-6,7800.0,56.01282051282052,6.558274106343774,5.4039150813344365,-17.019099590723062,7800.0,795680.0
7900.0,40.363232896,8.307940593711219E-6,7900.0,56.11392405063291,6.526941064259104,5.659863945578242,-16.81266846361185,7900.0,795680.0
8000.0,40.683962461,8.37396052476372E-6,8000.0,56.25,6.556278483648679,5.91397849462365,-16.62779073642118,8000.0,795680.0
8100.0,42.416584698,8.730608657987017E-6,8100.0,56.30864197530864,6.46377812997644,5.9776833156216584,-16.41447368421053,8100.0,795680.0
8200.0,42.737468802,8.796660399808584E-6,8200.0,56.19512195121952,6.102017207574273,6.066945606694567,-16.133204009052683,8200.0,795680.0
8300.0,43.126789301,8.876799293462823E-6,8300.0,56.31325301204819,6.114970743713127,6.280692685448446,-15.957787016309549,8300.0,795680.0
8400.0,43.542970307,8.962467234057825E-6,8400.0,56.29761904761905,5.921579471864355,6.208482370976004,-15.731399747793176,8400.0,795680.0
8500.0,43.939739206,9.044139328601889E-6,8500.0,56.27058823529411,5.716800597978909,6.3963737093930995,-15.506525792417648,8500.0,795680.0
8600.0,45.874716687,9.442440869290107E-6,8600.0,56.2906976744186,5.590452613517832,6.235969069593402,-15.306748466257675,8600.0,795680.0
8700.0,46.290087472,9.52794203157592E-6,8700.0,56.333333333333336,5.502927092528918,6.474643032988675,-15.121212121212121,8700.0,795680.0
8800.0,46.721973295,9.616842698581821E-6,8800.0,56.27272727272727,5.264227487608564,6.306306306306304,-14.899970140340383,8800.0,795680.0
8900.0,47.127816436,9.700382662186208E-6,8900.0,56.30337078651685,5.167766427338233,6.491945179129586,-14.719764011799425,8900.0,795680.0
9000.0,47.537088591,9.784628464268123E-6,9000.0,56.233333333333334,4.9268850710295515,6.459273331750186,-14.505813953488362,9000.0,795680.0
9100.0,49.660211325,1.0221658385456328E-5,9100.0,56.20879120879121,4.758765628849265,6.433435078656953,-14.314400458978769,9100.0,795680.0
9200.0,50.067129254,1.0305419586630926E-5,9200.0,56.25,4.690474401040239,6.590856347180312,-14.152013613159376,9200.0,795680.0
9300.0,50.470418196,1.0388433786288747E-5,9300.0,56.19354838709677,4.485545649658219,6.538196834136269,-13.958041958041973,9300.0,795680.0
9400.0,50.8677193,1.047021543149867E-5,9400.0,56.212765957446805,4.393211311107642,6.666666666666675,-13.795963505667672,9400.0,795680.0
9500.0,51.204415899,1.053952206449208E-5,9500.0,56.17894736842105,4.229761588686798,6.8263205013428845,-13.618995633187792,9500.0,795680.0
9600.0,53.061491946,1.092178814146628E-5,9600.0,56.125,4.042902755349286,6.710963455149511,-13.439267438728796,9600.0,795680.0
9700.0,53.359464847,1.0983123772871304E-5,9700.0,56.113402061855666,3.9191710070248282,6.665204998903744,-13.278339542309741,9700.0,795680.0
9800.0,53.677637835,1.1048617450482622E-5,9800.0,56.12244897959183,3.8271938537041224,6.986805104910232,-13.128124177847933,9800.0,795680.0
9900.0,54.05206594,1.1125690849301402E-5,9900.0,56.07070707070707,3.656165619623122,6.97326203208556,-12.961038961038977,9900.0,795680.0
10000.0,54.370018453,1.1191139143680591E-5,10000.0,56.10000000000001,3.5978426997874466,6.912637828668378,-12.82446671806732,10000.0,795680.0
