learning evaluation instances,evaluation time (cpu seconds),model cost (RAM-Hours),classified instances,classifications correct (percent),Kappa Statistic (percent),Kappa Temporal Statistic (percent),Kappa M Statistic (percent),model training instances,model serialized size (bytes)
100.0,0.41839246,8.605561210819417E-8,100.0,35.0,0.0,-35.41666666666667,-91.17647058823532,100.0,795056.0
200.0,0.750575885,1.5437961577348824E-7,200.0,27.500000000000004,0.0,-93.33333333333333,-168.51851851851848,200.0,795056.0
300.0,1.010016726,2.0774181158867973E-7,300.0,30.0,0.0,-74.99999999999999,-135.9550561797753,300.0,795056.0
400.0,1.26869853,2.6094788749280073E-7,400.0,29.75,0.0,-86.0927152317881,-138.13559322033896,400.0,795056.0
500.0,1.547682367,3.183297171302843E-7,500.0,28.999999999999996,0.0,-87.83068783068784,-146.52777777777774,500.0,795056.0
600.0,2.538840052,5.236982301470596E-7,600.0,33.33333333333333,-3.8682258441457367,-71.67381974248929,-124.71910112359555,600.0,800928.0
700.0,2.813528468,5.806138475009758E-7,700.0,37.714285714285715,-3.8632218017478377,-56.83453237410072,-110.6280193236715,700.0,800928.0
800.0,3.1979577,6.60267832866605E-7,800.0,41.125,-3.6064275579899094,-48.58044164037855,-99.57627118644065,800.0,800928.0
900.0,3.465835889,7.157723667839873E-7,900.0,44.44444444444444,-2.5393295295039793,-40.8450704225352,-88.6792452830189,900.0,800928.0
1000.0,3.73594711,7.717395863752026E-7,1000.0,46.6,-3.0708950182400705,-33.8345864661654,-79.19463087248319,1000.0,800928.0
1100.0,4.32754164,8.943159066633261E-7,1100.0,49.0,-1.7718963777055057,-28.375286041189952,-73.68421052631582,1100.0,800912.0
1200.0,4.629446392,9.5686951678149E-7,1200.0,50.416666666666664,-1.781895937277268,-25.263157894736832,-70.48710601719195,1200.0,800912.0
1300.0,4.872012621,1.0071283921922993E-6,1300.0,50.84615384615384,-3.1976744186046595,-23.121387283236995,-64.26735218509,1300.0,800912.0
1400.0,5.121095274,1.0587374478952712E-6,1400.0,51.857142857142854,-3.087827857748407,-18.453427065026347,-58.58823529411763,1400.0,800912.0
1500.0,5.41713187,1.120075196586595E-6,1500.0,53.06666666666666,-2.651639607201945,-16.74958540630183,-56.44444444444444,1500.0,800912.0
1600.0,6.359596383,1.3153505518297853E-6,1600.0,53.8125,-2.871421163811276,-13.867488443759635,-53.3195020746888,1600.0,800912.0
1700.0,6.57807106,1.3606177418134322E-6,1700.0,55.05882352941176,-2.0267085624509193,-11.20815138282387,-51.28712871287128,1700.0,800912.0
1800.0,6.882764694,1.4237491985409584E-6,1800.0,56.00000000000001,-1.2590615353362544,-8.940852819807423,-48.8721804511278,1800.0,800912.0
1900.0,7.185418095,1.486457926117033E-6,1900.0,56.52631578947368,-1.3222116055057953,-7.832898172323756,-47.237076648841345,1900.0,800912.0
2000.0,7.504317198,1.552532706404341E-6,2000.0,57.15,-1.3644578598260826,-6.195786864931852,-45.74829931972787,2000.0,800912.0
2100.0,8.41159143,1.7405017367378003E-6,2100.0,58.19047619047619,-0.6467418360306291,-4.3995243757431695,-44.64579901153215,2100.0,800848.0
2200.0,8.641362588,1.7881057138425485E-6,2200.0,58.36363636363636,-1.1971717820986918,-3.9727582292848935,-42.45723172628307,2200.0,800848.0
2300.0,8.872411765,1.8359744708602545E-6,2300.0,58.82608695652174,-1.2640219590573967,-2.934782608695646,-40.71322436849923,2300.0,800848.0
2400.0,9.106640871,1.8845020454102755E-6,2400.0,59.20833333333333,-1.204321083372111,-1.8730489073881529,-39.062500000000014,2400.0,800848.0
2500.0,9.375402397,1.9401840450211285E-6,2500.0,59.599999999999994,-1.1829387532659144,-0.5976095617530052,-37.78990450204638,2500.0,800848.0
2600.0,10.364109642,2.145016178007544E-6,2600.0,59.88461538461538,-1.330698740148311,1.231060606060607,-36.339869281045786,2600.0,800816.0
2700.0,10.610658783,2.196094175759041E-6,2700.0,60.370370370370374,-1.0165290874455482,3.3423667570009203,-34.930643127364434,2700.0,800816.0
2800.0,10.84266121,2.2441585064502104E-6,2800.0,60.82142857142857,-0.8884065701620347,3.8562664329535417,-33.78048780487807,2800.0,800816.0
2900.0,11.07499485,2.2922914550923517E-6,2900.0,61.17241379310345,-0.8778542000825217,5.139005897219895,-32.939787485242014,2900.0,800816.0
3000.0,11.357848882,2.3508907978112045E-6,3000.0,61.53333333333333,-0.8092695608419704,6.558704453441274,-31.885714285714318,3000.0,800816.0
3100.0,12.704456495,2.629864174523449E-6,3100.0,61.61290322580645,-1.0270858847989817,6.812842599843385,-30.62568605927555,3100.0,800800.0
3200.0,12.937473994,2.67813783486928E-6,3200.0,61.71875,-1.216665633843545,7.267221801665411,-29.766949152542356,3200.0,800800.0
3300.0,13.160999186,2.724444997394205E-6,3300.0,61.727272727272734,-1.4664295813873567,7.540263543191809,-28.746177370030583,3300.0,800800.0
3400.0,13.382851008,2.7704054919849213E-6,3400.0,62.26470588235294,-1.145333755023428,7.896625987078249,-28.17182817182815,3400.0,800800.0
3500.0,13.609216656,2.817301104771135E-6,3500.0,62.228571428571435,-1.4025860179706384,8.321775312066592,-27.237728585178054,3500.0,800800.0
3600.0,14.92156717,3.089199251190842E-6,3600.0,62.25000000000001,-1.502243157250044,8.175675675675684,-26.301115241635674,3600.0,800864.0
3700.0,15.142316693,3.134935040133227E-6,3700.0,62.56756756756757,-1.3711062773530827,8.460013218770676,-25.680580762250454,3700.0,800864.0
3800.0,15.431171531,3.1947811667577218E-6,3800.0,62.89473684210526,-1.2263540677955953,9.32475884244372,-25.110913930789717,3800.0,800864.0
3900.0,15.658531758,3.241886588389662E-6,3900.0,63.12820512820513,-1.162096015423447,9.956167814652476,-24.502164502164526,3900.0,800864.0
4000.0,15.881221175,3.2880242925042698E-6,4000.0,63.025,-1.3862287476230077,10.091185410334342,-23.662207357859522,4000.0,800864.0
4100.0,17.213594263,3.5640983725583674E-6,4100.0,63.21951219512195,-1.2654413091851895,10.504451038575677,-23.00163132137029,4100.0,800944.0
4200.0,17.441968598,3.6114186276813014E-6,4200.0,63.38095238095238,-1.1884901147134994,10.529377545084348,-22.45222929936307,4200.0,800944.0
4300.0,17.674937891,3.659690980091521E-6,4300.0,63.46511627906977,-1.1528668638823154,10.890527509926267,-21.782945736434094,4300.0,800944.0
4400.0,17.956326311,3.7179960073312905E-6,4400.0,63.65909090909091,-1.1131122821762143,11.608623548922056,-21.412300683371296,4400.0,800944.0
4500.0,18.283656717,3.785820433930775E-6,4500.0,63.75555555555555,-1.1284722222222112,12.028047464940672,-20.904373610081535,4500.0,800944.0
4600.0,20.075100327,4.157001292748844E-6,4600.0,64.02173913043478,-1.0253549356585308,12.664907651715046,-20.626822157434408,4600.0,800912.0
4700.0,20.404089874,4.225166777788938E-6,4700.0,64.23404255319149,-0.9630768570193383,13.036730470770818,-20.32927702219041,4700.0,800912.0
4800.0,20.684240402,4.283212988677695E-6,4800.0,64.33333333333333,-0.9659935190880126,13.491662455785733,-19.88795518207284,4800.0,800912.0
4900.0,20.994849512,4.347570111370781E-6,4900.0,64.63265306122449,-0.815623886976148,13.695219123505979,-19.599723947550043,4900.0,800912.0
5000.0,21.292885922,4.409322214537933E-6,5000.0,64.72,-0.8414890697886976,14.41048034934498,-19.26977687626777,5000.0,800912.0
5100.0,23.490949929,4.86475339936621E-6,5100.0,64.37254901960785,-0.37325719435373383,14.008518693800273,-19.46088099934256,5100.0,800912.0
5200.0,23.792730347,4.927281247913849E-6,5200.0,63.82692307692308,0.19244780133998216,12.87633163501621,-20.80924855491329,5200.0,800912.0
5300.0,24.070615747,4.98485813219267E-6,5300.0,63.471698113207545,1.4513187301849668,12.5564588979223,-20.84893882646694,5300.0,800912.0
5400.0,24.423968708,5.058071631516764E-6,5400.0,63.11111111111111,2.4891695425508664,12.130569033965592,-21.02065613608752,5400.0,800912.0
5500.0,24.70034855,5.115336569436614E-6,5500.0,62.65454545454545,2.967158974270882,11.082251082251084,-21.971496437054626,5500.0,800912.0
5600.0,26.966108124,5.584709633177874E-6,5600.0,62.33928571428572,3.8875009155198863,10.293492131008094,-21.978021978021975,5600.0,800768.0
5700.0,27.277671041,5.649252774726772E-6,5700.0,61.877192982456144,4.110978298568129,9.496043315285306,-23.11614730878188,5700.0,800768.0
5800.0,27.633606763,5.72298815347005E-6,5800.0,61.48275862068966,4.500713082765521,8.816326530612258,-23.83592017738359,5800.0,800768.0
5900.0,27.903016227,5.778798817129887E-6,5900.0,61.20338983050847,5.21406513194835,8.476609356257493,-23.796646836127653,5900.0,800768.0
6000.0,28.229287716,5.846388975485918E-6,6000.0,60.9,5.742817711189744,8.03606428851431,-23.995771670190273,6000.0,800768.0
6100.0,30.491887659,6.315107492425399E-6,6100.0,60.50819672131148,5.890000384255751,7.239122063919911,-24.88335925349919,6100.0,800768.0
6200.0,30.792970319,6.377479551749452E-6,6200.0,60.16129032258064,6.12584922882085,6.862745098039204,-25.50813008130084,6200.0,800768.0
6300.0,31.106447707,6.4424192936830625E-6,6300.0,59.98412698412699,6.8429980479747865,6.525769373377825,-24.987605354486845,6300.0,800768.0
6400.0,31.384507456,6.500021943932862E-6,6400.0,59.75,7.303274443909051,6.497277676950995,-24.927255092143554,6400.0,800768.0
6500.0,31.74774918,6.575270828602272E-6,6500.0,59.44615384615385,7.490344905408965,5.756167322130854,-25.404376784015213,6500.0,800768.0
6600.0,34.363322397,7.1172084634617915E-6,6600.0,59.27272727272728,8.0152250232933,6.046836770360021,-25.02325581395346,6600.0,800912.0
6700.0,34.616272808,7.169618905113016E-6,6700.0,58.91044776119403,7.938002108255747,5.362667583361989,-25.99542334096112,6700.0,800912.0
6800.0,34.868487037,7.221876812425185E-6,6800.0,58.661764705882355,8.15120348889732,5.065856129685924,-26.223619218679815,6800.0,800912.0
6900.0,35.115597905,7.273077321163229E-6,6900.0,58.39130434782609,8.264821025197895,4.491017964071856,-26.643140714600772,6900.0,800912.0
7000.0,35.363662386,7.324475415184083E-6,7000.0,58.18571428571428,8.519978354475821,4.252535165194636,-26.655127650367795,7000.0,800912.0
7100.0,37.454780116,7.757747704961092E-6,7100.0,57.83098591549296,8.344238368621108,3.5127296165001765,-27.73037542662116,7100.0,800912.0
7200.0,37.717148469,7.812109511299625E-6,7200.0,57.72222222222222,8.786985265199371,3.4570250555026787,-27.15121136173768,7200.0,800912.0
7300.0,37.978505033,7.866261678491346E-6,7300.0,57.54794520547946,9.02265314904108,3.3073322932917404,-27.060270602706016,7300.0,800912.0
7400.0,38.228236848,7.918005238293317E-6,7400.0,57.36486486486486,9.205384754189145,3.101965601965583,-27.06403544099882,7400.0,800912.0
7500.0,38.491428487,7.972537626615467E-6,7500.0,57.08,9.111956902296043,2.4249772658381183,-27.78880508138152,7500.0,800912.0
7600.0,40.879394525,8.467345501864091E-6,7600.0,56.92105263157895,9.304338792894503,2.472445635984509,-27.69110764430578,7600.0,800960.0
7700.0,41.163917802,8.526301264178474E-6,7700.0,56.74025974025974,9.419954612329521,2.431165787932044,-27.77138473341008,7700.0,800960.0
7800.0,41.427535986,8.580925304648996E-6,7800.0,56.56410256410257,9.524874120417822,2.109216989309451,-27.849056603773565,7800.0,800960.0
7900.0,41.685401601,8.634357361482055E-6,7900.0,56.27848101265823,9.360244083515902,1.7633674630261706,-28.688524590163926,7900.0,800960.0
8000.0,41.950159627,8.689217587387863E-6,8000.0,56.1125,9.453601095531486,1.5423443634324094,-28.74954162082874,8000.0,800960.0
8100.0,44.600802521,9.238454451544222E-6,8100.0,56.00000000000001,9.647191380484035,1.4653027370749268,-28.47873107426096,8100.0,800960.0
8200.0,44.9442578,9.30962145063071E-6,8200.0,55.87804878048781,9.800167036727709,1.4168937329700286,-28.297872340425528,8200.0,800960.0
8300.0,45.256261306,9.374271361650082E-6,8300.0,55.831325301204814,10.096112225183102,1.3455328310010684,-27.646239554317546,8300.0,800960.0
8400.0,45.538321851,9.432716823914617E-6,8400.0,55.64285714285714,10.071914540390829,1.0358565737051608,-27.953296703296708,8400.0,800960.0
8500.0,45.800894744,9.4871242707609E-6,8500.0,55.58823529411765,10.314446564320095,1.2297226582940894,-27.40465744178197,8500.0,800960.0
8600.0,48.377717466,1.0021064936446864E-5,8600.0,55.47674418604651,10.422271610714695,0.9826739074217845,-27.25157859754071,8600.0,800960.0
8700.0,48.631678629,1.0073687955978978E-5,8700.0,55.2183908045977,10.219738509081685,0.2815459431789111,-28.073635765943454,8700.0,800960.0
8800.0,48.894809723,1.0128211067054307E-5,8800.0,55.05681818181818,10.205193671328928,0.0,-28.284138825819017,8800.0,800960.0
8900.0,49.147080539,1.0180483831601972E-5,8900.0,54.91011235955057,10.210442586089693,-0.12475049900198892,-28.415999999999976,8900.0,800960.0
9000.0,49.39957677,1.0232803304149427E-5,9000.0,54.900000000000006,10.47113489986179,-0.14803849000738561,-27.68166089965397,9000.0,800960.0
9100.0,52.32437515,1.0838847631794266E-5,9100.0,54.78021978021979,10.506235514158082,-0.39033910709927633,-27.676078188023574,9100.0,800960.0
9200.0,52.627066221,1.09015679231698E-5,9200.0,54.68478260869565,10.577987918464785,-0.6032818532818683,-27.531355154481485,9200.0,800960.0
9300.0,52.979714962,1.0974639889632714E-5,9300.0,54.5483870967742,10.563373552525434,-0.8830548926014173,-27.665357897916003,9300.0,800960.0
9400.0,53.285900805,1.1038084328956871E-5,9400.0,54.38297872340425,10.487860613410591,-1.0843941537010995,-27.999999999999996,9400.0,800960.0
9500.0,53.655022518,1.111456964223655E-5,9500.0,54.27368421052632,10.509030308484503,-1.187980433263452,-27.990571596935766,9500.0,800960.0
9600.0,56.987712111,1.1805132669572004E-5,9600.0,54.01041666666667,10.245376739017008,-1.7515556579856901,-28.98042652643878,9600.0,800960.0
9700.0,57.2742948,1.1864515160432674E-5,9700.0,53.79381443298969,10.064213250631102,-2.3989033584646933,-29.687499999999993,9700.0,800960.0
9800.0,57.598897551,1.1931775747462081E-5,9800.0,53.734693877551024,10.157642470153268,-2.3938572719060565,-29.394977168949787,9800.0,800960.0
9900.0,57.893379251,1.199279498389923E-5,9900.0,53.54545454545454,10.016542057737105,-2.908928171850545,-29.95196383159085,9900.0,800960.0
10000.0,58.194238491,1.2055135703542796E-5,10000.0,53.49,10.102604028547608,-2.9210002212878936,-29.662670755505978,10000.0,800960.0
