learning evaluation instances,evaluation time (cpu seconds),model cost (RAM-Hours),classified instances,classifications correct (percent),Kappa Statistic (percent),Kappa Temporal Statistic (percent),Kappa M Statistic (percent),model training instances,model serialized size (bytes)
100.0,0.540178311,1.1110471541641901E-7,100.0,33.0,0.0,-42.55319148936171,-179.16666666666669,100.0,795056.0
200.0,1.024378771,2.1069581934876325E-7,200.0,41.5,0.0,-17.000000000000004,-58.10810810810811,200.0,795056.0
300.0,1.410800849,2.9017571354764617E-7,300.0,38.666666666666664,0.0,-26.027397260273965,-71.96261682242991,300.0,795056.0
400.0,1.783269878,3.6678572292004196E-7,400.0,38.0,0.0,-31.914893617021285,-73.4265734265734,400.0,795056.0
500.0,2.161737971,4.4462962910930733E-7,500.0,37.4,0.0,-28.80658436213992,-75.84269662921349,500.0,795056.0
600.0,3.176329837,6.548537195771477E-7,600.0,41.5,2.6100146131222157,-21.875000000000007,-67.94258373205739,600.0,800928.0
700.0,3.529057939,7.279392103151521E-7,700.0,44.142857142857146,3.2916866890917884,-16.716417910447763,-61.57024793388427,700.0,800928.0
800.0,3.883170053,8.013114692341825E-7,800.0,45.5,1.2988482979144844,-14.73684210526316,-52.447552447552425,800.0,800928.0
900.0,4.215768367,8.702260548866829E-7,900.0,46.88888888888889,1.3850110718362776,-13.539192399049888,-50.314465408805,900.0,800928.0
1000.0,4.580598709,9.458191375755807E-7,1000.0,47.699999999999996,0.26392872398851625,-10.337552742616044,-43.68131868131869,1000.0,800928.0
1100.0,5.228962651,1.0801551980298301E-6,1100.0,48.27272727272727,-0.5235770268534081,-8.795411089866155,-41.89526184538655,1100.0,800896.0
1200.0,5.584755843,1.153872831990607E-6,1200.0,49.25,-0.2243665348261854,-7.02987697715291,-40.64665127020785,1200.0,800896.0
1300.0,5.917974073,1.2229131061176002E-6,1300.0,49.769230769230774,-0.6568962246252936,-5.492730210016152,-36.897274633123686,1300.0,800896.0
1400.0,6.251127737,1.2919400026621626E-6,1400.0,50.92857142857142,0.5788712011577268,-3.3082706766917456,-34.44227005870844,1400.0,800896.0
1500.0,6.584972037,1.3611099937149756E-6,1500.0,51.46666666666667,0.509660220445823,-1.8181818181818041,-32.846715328467155,1500.0,800896.0
1600.0,7.214454508,1.4915261407986942E-6,1600.0,51.4375,-0.1937465949277673,-1.4360313315926818,-31.02866779089376,1600.0,800848.0
1700.0,7.578274826,1.5669024162157953E-6,1700.0,51.94117647058823,-0.1600946144748693,-1.2391573729863647,-30.71999999999999,1700.0,800848.0
1800.0,7.910604697,1.63575450238715E-6,1800.0,52.5,0.35713453275978785,1.2702078521940092,-28.57142857142856,1800.0,800848.0
1900.0,8.175129875,1.6905588156297262E-6,1900.0,52.526315789473685,-0.24238794236969588,1.956521739130432,-27.94326241134749,1900.0,800848.0
2000.0,8.430772284,1.743522797231972E-6,2000.0,52.800000000000004,-0.21231422505307876,1.768990634755476,-27.3954116059379,2000.0,800848.0
2100.0,9.120932886,1.8864959528798855E-6,2100.0,52.90476190476191,-0.6739712534585477,1.884920634920642,-26.957637997432606,2100.0,800768.0
2200.0,9.486227151,1.962170040412247E-6,2200.0,52.81818181818182,0.6345015320805616,2.717900656044986,-24.46043165467624,2200.0,800768.0
2300.0,9.859709714,2.03954040965216E-6,2300.0,52.04347826086957,0.2505433944934041,0.8093525179856252,-26.92750287686995,2300.0,800768.0
2400.0,10.301032191,2.130964444887141E-6,2400.0,51.708333333333336,0.7927733084911105,-0.17286084701815438,-26.944140197152255,2400.0,800768.0
2500.0,10.667123898,2.206803729909559E-6,2500.0,51.519999999999996,1.4988430177633425,0.16474464579901624,-26.25,2500.0,800768.0
2600.0,11.342155273,2.3466427261742286E-6,2600.0,51.07692307692307,1.526470716094784,-1.5974440894568631,-27.200000000000014,2600.0,800768.0
2700.0,11.704025,2.4216073889682357E-6,2700.0,50.70370370370371,1.6179369250985627,-1.9923371647509631,-27.85782901056676,2700.0,800768.0
2800.0,12.082613163,2.5000354304968316E-6,2800.0,50.67857142857143,2.299257163070406,-2.2205773501110206,-26.581118240146644,2800.0,800768.0
2900.0,12.44754894,2.5756352539224424E-6,2900.0,50.310344827586206,2.249325155670324,-2.928571428571437,-27.40937223695844,2900.0,800768.0
3000.0,12.814122783,2.6515744178790847E-6,3000.0,50.33333333333333,2.8415900593253025,-2.4054982817869512,-26.057529610829107,3000.0,800768.0
3100.0,13.718844305,2.8389958537131216E-6,3100.0,50.16129032258064,3.022294647000753,-2.8628495339547357,-25.916870415647942,3100.0,800768.0
3200.0,14.081932295,2.914212890961733E-6,3200.0,49.84375,2.9189342857963783,-3.5483870967741984,-26.677190213101802,3200.0,800768.0
3300.0,14.447351564,2.989912874229517E-6,3300.0,49.81818181818182,3.251334436880915,-3.4353529044347395,-25.835866261398177,3300.0,800768.0
3400.0,14.81584512,3.0662497244996824E-6,3400.0,49.55882352941177,3.1794854083464497,-3.750756200846936,-26.38172439204125,3400.0,800768.0
3500.0,15.185917825,3.1429137100990944E-6,3500.0,49.48571428571429,3.3632644851251605,-3.452311293153878,-25.925925925925924,3500.0,800768.0
3600.0,16.306005177,3.374950170674622E-6,3600.0,49.52777777777778,3.6803268260273283,-3.356086461888523,-24.879725085910653,3600.0,800768.0
3700.0,16.723492814,3.4614365982291766E-6,3700.0,49.351351351351354,3.6559816299143586,-3.880266075388021,-25.10013351134847,3700.0,800768.0
3800.0,17.135428669,3.5467729227646525E-6,3800.0,49.21052631578947,3.6644549160420015,-3.4852546916890077,-25.16212710765242,3800.0,800768.0
3900.0,17.453130396,3.6125877756153548E-6,3900.0,49.23076923076923,3.8700221116377573,-3.1787389265242343,-24.371859296482402,3900.0,800768.0
4000.0,17.778594345,3.6800106445871793E-6,4000.0,49.0,3.7285598429642937,-4.134762633996935,-24.999999999999993,4000.0,800768.0
4100.0,18.700682232,3.871075484245072E-6,4100.0,48.80487804878049,3.6268355460074604,-4.479840716774518,-25.463239689181105,4100.0,800960.0
4200.0,19.011177561,3.9354128875298304E-6,4200.0,48.642857142857146,3.559548364789613,-4.912451361867714,-25.77259475218659,4200.0,800960.0
4300.0,19.325007231,4.000441196028193E-6,4300.0,48.604651162790695,3.6329456679647416,-4.988123515439432,-25.425652667423392,4300.0,800960.0
4400.0,19.687112216,4.075472580643214E-6,4400.0,48.59090909090909,3.7223898840795377,-5.013927576601682,-24.972375690607734,4400.0,800960.0
4500.0,20.05315492,4.151319895778481E-6,4500.0,48.4,3.597815511184373,-5.593451568894949,-25.513513513513526,4500.0,800960.0
4600.0,21.322175907,4.414272370073001E-6,4600.0,48.26086956521739,3.5288797418930455,-6.060606060606062,-25.792811839323477,4600.0,800960.0
4700.0,21.65489931,4.4832156286721936E-6,4700.0,48.212765957446805,3.555020714956435,-6.010452961672478,-25.593395252837993,4700.0,800960.0
4800.0,21.997045928,4.554111461519915E-6,4800.0,47.979166666666664,3.376345972273103,-6.572769953051635,-26.43037974683543,4800.0,800960.0
4900.0,22.358711049,4.629051702388427E-6,4900.0,48.06122448979592,3.5281146637265706,-5.997501041232824,-25.555007400098685,4900.0,800960.0
5000.0,22.670819971,4.693723456543818E-6,5000.0,48.02,3.542595797530158,-5.865580448065172,-25.37385431741438,5000.0,800960.0
5100.0,23.956281913,4.960082643446957E-6,5100.0,47.68627450980392,3.258846218763784,-6.805444355484398,-26.8060836501901,5100.0,800960.0
5200.0,24.342888183,5.040190912983618E-6,5200.0,47.53846153846154,3.164162330001762,-7.190569744597237,-27.23880597014926,5200.0,800960.0
5300.0,24.722866943,5.118925903298923E-6,5300.0,47.30188679245283,2.8579115917681546,-7.79621767657276,-28.53198343304187,5300.0,800960.0
5400.0,25.05529975,5.1878089478133965E-6,5400.0,47.75925925925926,3.4669370425525066,-7.3848496383707625,-28.169014084507037,5400.0,800960.0
5500.0,25.445798358,5.268723744522086E-6,5500.0,48.14545454545455,3.8915762676036842,-6.616822429906547,-27.77777777777776,5500.0,800960.0
5600.0,26.684398219,5.525372690006231E-6,5600.0,48.535714285714285,4.3333679109675485,-6.033848417954382,-27.409372236958447,5600.0,800960.0
5700.0,27.07344836,5.605987351425209E-6,5700.0,48.98245614035088,4.923439610644742,-5.400507430228339,-27.097902097902082,5700.0,800960.0
5800.0,27.482890466,5.690827409986872E-6,5800.0,49.29310344827586,5.173861077910873,-4.923296468069921,-26.712623869021986,5800.0,800960.0
5900.0,27.871657979,5.771383508361844E-6,5900.0,49.6271186440678,5.490862934586633,-4.64788732394367,-26.36054421768706,5900.0,800960.0
6000.0,28.25369083,5.850544124664749E-6,6000.0,49.85,5.544190816011541,-4.081632653061225,-25.952281289242364,6000.0,800960.0
6100.0,29.750844992,6.160767828867553E-6,6100.0,50.09836065573771,5.67114136577807,-3.6431733060946407,-25.577557755775565,6100.0,800960.0
6200.0,30.130090852,6.239350955761855E-6,6200.0,50.483870967741936,6.133107140127193,-3.123950285522341,-25.30612244897959,6200.0,800960.0
6300.0,30.514919123,6.319090808037389E-6,6300.0,50.74603174603175,6.307243265004872,-2.646377770426719,-24.969794603302454,6300.0,800960.0
6400.0,30.901350908,6.3991629227248015E-6,6400.0,50.98437500000001,6.433707875641398,-2.4159320927195393,-24.632499006754056,6400.0,800960.0
6500.0,31.290498534,6.479797783905816E-6,6500.0,51.23076923076923,6.5865440194760705,-1.8964963034393885,-24.31372549019605,6500.0,800960.0
6600.0,32.840207559,6.800911324765088E-6,6600.0,51.46969696969697,6.729318332230301,-1.8441971383147855,-24.003097173828895,6600.0,800960.0
6700.0,33.222336,6.880091748169116E-6,6700.0,51.7910447761194,7.062933609325918,-1.4447236180904603,-23.75478927203067,6700.0,800960.0
6800.0,33.515869253,6.940914457923142E-6,6800.0,52.10294117647059,7.377559939276596,-0.8671415298854197,-23.511566173682215,6800.0,800960.0
6900.0,33.903013207,7.021134140383338E-6,6900.0,52.391304347826086,7.642754113323175,-0.3666361136572119,-23.264540337711068,6900.0,800960.0
7000.0,34.290857232,7.101498883802743E-6,7000.0,52.65714285714286,7.861995555546731,-0.030184123151215783,-23.01410541945062,7000.0,800960.0
7100.0,35.620430729,7.3769983785897176E-6,7100.0,52.94366197183099,8.128969790859808,0.2984183825723661,-22.785740536567438,7100.0,800960.0
7200.0,36.00550562,7.456789332730292E-6,7200.0,53.166666666666664,8.26344635532876,0.7359434795407686,-22.529069767441868,7200.0,800960.0
7300.0,36.332241466,7.524491916081195E-6,7300.0,53.410958904109584,8.447156869975652,0.9321293329449375,-22.294138798993195,7300.0,800960.0
7400.0,36.6197033,7.5840565736320796E-6,7400.0,53.60810810810811,8.536062876461301,1.1801957397812317,-22.040526128688246,7400.0,800960.0
7500.0,36.971687494,7.656990840025629E-6,7500.0,53.86666666666666,8.75639716107571,1.312036508841983,-21.830985915492956,7500.0,800960.0
7600.0,38.412203194,7.955478549413766E-6,7600.0,54.13157894736842,8.991884580703335,1.719763180152236,-21.632937892533157,7600.0,800960.0
7700.0,38.714024816,8.018018683196822E-6,7700.0,54.22077922077923,8.87313918899864,1.919866444073453,-21.342512908777945,7700.0,800960.0
7800.0,39.009810276,8.079308070341798E-6,7800.0,54.46153846153846,9.066412410418158,2.0678246484698026,-21.14597544338337,7800.0,800960.0
7900.0,39.400212168,8.160202826632114E-6,7900.0,54.58227848101266,9.022719285153752,2.3673469387755177,-20.889487870619938,7900.0,800960.0
8000.0,39.78728828,8.240408451624432E-6,8000.0,54.7375,9.052948840713931,2.661290322580627,-20.659780073308898,8000.0,800960.0
8100.0,41.649651961,8.626306827594475E-6,8100.0,54.81481481481482,8.934948049055835,2.763018065887345,-20.394736842105253,8100.0,800960.0
8200.0,42.048079474,8.70886456418324E-6,8200.0,54.71951219512196,8.488249420661429,2.9027196652719693,-20.04526349822178,8200.0,800960.0
8300.0,42.445749793,8.791265403417384E-6,8300.0,54.855421686746986,8.498706923183285,3.153269578702514,-19.82731052126638,8300.0,800960.0
8400.0,42.867060809,8.878564806058972E-6,8400.0,54.85714285714286,8.256875449134577,3.1170158405723214,-19.546027742749043,8400.0,800960.0
8500.0,43.260613526,8.960112441409845E-6,8500.0,54.847058823529416,8.000693738446518,3.3492822966507276,-19.266625233063998,8500.0,800960.0
8600.0,45.075632322,9.336200534663153E-6,8600.0,54.88372093023256,7.840388877764506,3.217760039910205,-19.018404907975444,8600.0,800960.0
8700.0,45.495545476,9.42321028782267E-6,8700.0,54.94252873563218,7.727647209223991,3.495814869522388,-18.787878787878807,8700.0,800960.0
8800.0,45.930424053,9.513321010191543E-6,8800.0,54.89772727272727,7.428816780236463,3.360116873630376,-18.51298895192594,8800.0,800960.0
8900.0,46.349794122,9.600218231292122E-6,8900.0,54.9438202247191,7.3047898196041805,3.5825919692233623,-18.289085545722724,8900.0,800960.0
9000.0,46.764431415,9.686134778966311E-6,9000.0,54.888888888888886,7.0024318329606965,3.585846592258371,-18.023255813953487,9000.0,800960.0
9100.0,48.562011153,1.0058609343761508E-5,9100.0,54.879120879120876,6.789485172596585,3.592392580417931,-17.785427423981634,9100.0,800960.0
9200.0,48.887787496,1.0126113109527416E-5,9200.0,54.934782608695656,6.699851402503524,3.7827802274309525,-17.583664208735094,9200.0,800960.0
9300.0,49.245508548,1.0200236104099009E-5,9300.0,54.892473118279575,6.440875506303467,3.7623308098187787,-17.34265734265734,9300.0,800960.0
9400.0,49.552744202,1.0263898073631744E-5,9400.0,54.925531914893625,6.3212537604109595,3.9229024943310833,-17.141277301631167,9400.0,800960.0
9500.0,49.88520306,1.0332786516145919E-5,9500.0,54.90526315789474,6.1132071989563554,4.11817367949866,-16.921397379912683,9500.0,800960.0
9600.0,51.993231348,1.0769588791199578E-5,9600.0,54.864583333333336,5.875750958851427,4.0310077519380005,-16.698087799622947,9600.0,800960.0
9700.0,52.302597654,1.0833692250842405E-5,9700.0,54.865979381443296,5.716623243701066,4.012278009208506,-16.49813730707823,9700.0,800960.0
9800.0,52.605319642,1.0896418948496268E-5,9800.0,54.88775510204081,5.596966956824875,4.369457062513525,-16.311496974480395,9800.0,800960.0
9900.0,53.008704888,1.0980003971609525E-5,9900.0,54.848484848484844,5.378519065737681,4.385026737967908,-16.103896103896123,9900.0,800960.0
10000.0,53.396885417,1.1060438441660969E-5,10000.0,54.89000000000001,5.30072425737378,4.346904156064476,-15.934207144692866,10000.0,800960.0
