learning evaluation instances,evaluation time (cpu seconds),model cost (RAM-Hours),classified instances,classifications correct (percent),Kappa Statistic (percent),Kappa Temporal Statistic (percent),Kappa M Statistic (percent),model training instances,model serialized size (bytes)
100.0,0.459167473,9.444228021983885E-8,100.0,35.0,0.0,-35.41666666666667,-91.17647058823532,100.0,795056.0
200.0,0.828832294,1.7047551572800508E-7,200.0,27.500000000000004,0.0,-93.33333333333333,-168.51851851851848,200.0,795056.0
300.0,1.118299494,2.3001357977735498E-7,300.0,30.0,0.0,-74.99999999999999,-135.9550561797753,300.0,795056.0
400.0,1.408326991,2.896668865853755E-7,400.0,29.75,0.0,-86.0927152317881,-138.13559322033896,400.0,795056.0
500.0,1.652229908,3.398332180183298E-7,500.0,28.999999999999996,0.0,-87.83068783068784,-146.52777777777774,500.0,795056.0
600.0,2.577078047,5.43030995364603E-7,600.0,29.833333333333336,0.0,-80.68669527896996,-136.5168539325843,600.0,849280.0
700.0,2.892102727,6.122448609560231E-7,700.0,29.714285714285715,0.0,-76.97841726618705,-137.68115942028987,700.0,849280.0
800.0,3.242077401,6.891375667803321E-7,800.0,29.625,0.0,-77.602523659306,-138.55932203389827,800.0,849280.0
900.0,3.488091376,7.431891356899837E-7,900.0,29.555555555555557,0.0,-78.59154929577463,-139.24528301886795,900.0,849280.0
1000.0,3.763717063,8.037466743995249E-7,1000.0,29.9,0.0,-75.6892230576441,-135.23489932885903,1000.0,849280.0
1100.0,4.34905965,9.323519098418785E-7,1100.0,29.454545454545457,0.0,-77.57437070938217,-140.2476780185759,1100.0,849280.0
1200.0,4.608779082,9.894146957097285E-7,1200.0,29.166666666666668,0.0,-78.94736842105262,-143.5530085959885,1200.0,849280.0
1300.0,4.880323888,1.0490756267343462E-6,1300.0,30.0,0.0,-75.33718689788053,-133.93316195372756,1300.0,849280.0
1400.0,5.136117957,1.1052759736749364E-6,1400.0,30.428571428571427,0.0,-71.1775043936731,-129.17647058823528,1400.0,849280.0
1500.0,5.401573907,1.1635991261458563E-6,1500.0,30.06666666666667,0.0,-73.96351575456052,-133.11111111111106,1500.0,849280.0
1600.0,6.289560176,1.358698006238656E-6,1600.0,30.1875,0.0,-72.11093990755008,-131.7427385892116,1600.0,849280.0
1700.0,6.588689719,1.4244195617168645E-6,1700.0,29.764705882352942,0.0,-73.79912663755455,-136.43564356435638,1700.0,849280.0
1800.0,6.872463391,1.486767288860629E-6,1800.0,29.61111111111111,0.0,-74.27785419532327,-138.1578947368421,1800.0,849280.0
1900.0,7.13239222,1.5438760812058547E-6,1900.0,29.63157894736842,0.0,-74.54308093994776,-137.90035587188615,1900.0,849280.0
2000.0,7.406594962,1.6041209856037795E-6,2000.0,29.5,0.0,-74.5049504950495,-139.38879456706283,2000.0,849280.0
2100.0,8.282292909,1.7965200065387123E-6,2100.0,29.04761904761905,0.0,-76.74970344009488,-144.66338259441704,2100.0,849280.0
2200.0,8.55606923,1.8566712222587234E-6,2200.0,29.363636363636363,0.0,-76.1904761904762,-140.9302325581395,2200.0,849280.0
2300.0,8.817272325,1.9140599827501014E-6,2300.0,29.347826086956523,0.0,-76.63043478260867,-141.09792284866472,2300.0,849280.0
2400.0,9.086207678,1.973147592569507E-6,2400.0,29.375,0.0,-76.37877211238295,-140.76704545454547,2400.0,849280.0
2500.0,9.375767248,2.0367665355637173E-6,2500.0,29.32,0.0,-75.82089552238804,-141.39344262295086,2500.0,849280.0
2600.0,10.47605465,2.2785099581868616E-6,2600.0,29.423076923076923,0.0,-73.60454115421004,-140.18324607329842,2600.0,849280.0
2700.0,10.794626224,2.3485031095300616E-6,2700.0,29.444444444444446,0.0,-71.77637511271415,-139.92443324937028,2700.0,849280.0
2800.0,11.086224051,2.4125698766313826E-6,2800.0,29.428571428571427,0.0,-72.27550130775936,-140.09720534629406,2800.0,849280.0
2900.0,11.34274816,2.4689306201810142E-6,2900.0,29.310344827586203,0.0,-72.12426532325776,-141.4605418138987,2900.0,849280.0
3000.0,11.633867639,2.532892289757348E-6,3000.0,29.233333333333334,0.0,-71.34786117836964,-142.35159817351595,3000.0,849280.0
3100.0,13.035769509,2.8409032290988004E-6,3100.0,29.419354838709676,0.0,-70.40498442367603,-140.17563117453352,3100.0,849280.0
3200.0,13.307504407,2.9006059251119198E-6,3200.0,29.593750000000004,0.0,-69.90950226244341,-138.16067653276954,3200.0,849280.0
3300.0,13.594359932,2.963630764154709E-6,3300.0,29.666666666666668,0.0,-70.16129032258064,-137.321063394683,3300.0,849280.0
3400.0,13.868613903,3.023886924042586E-6,3400.0,29.64705882352941,0.0,-70.85714285714288,-137.53723932472695,3400.0,849280.0
3500.0,14.128210572,3.0809227377323144E-6,3500.0,29.714285714285715,0.0,-70.47817047817048,-136.76612127045237,3500.0,849280.0
3600.0,15.56251897,3.3960536940618854E-6,3600.0,29.86111111111111,0.0,-69.91924629878868,-135.1024208566108,3600.0,849280.0
3700.0,15.844048574,3.457908378498869E-6,3700.0,30.08108108108108,0.0,-69.19555264879006,-132.6438848920863,3700.0,849280.0
3800.0,16.128758897,3.52046189661882E-6,3800.0,29.947368421052634,0.0,-70.42253521126761,-134.1248900615655,3800.0,849280.0
3900.0,16.405193756,3.581197217977163E-6,3900.0,29.97435897435897,0.0,-69.73275326289621,-133.81849315068493,3900.0,849280.0
4000.0,16.687032227,3.6431197633799084E-6,4000.0,30.0,0.0,-69.38898971566849,-133.52793994995832,4000.0,849280.0
4100.0,18.315129953,4.000828045718488E-6,4100.0,30.21951219512195,0.0,-68.19517930629041,-131.0985460420032,4100.0,849280.0
4200.0,18.643411827,4.0729546406987145E-6,4200.0,30.214285714285715,0.0,-68.06192660550461,-131.15141955835963,4200.0,849280.0
4300.0,18.9971712,4.1506788802552055E-6,4300.0,30.162790697674417,0.0,-69.18309859154932,-131.71296296296296,4300.0,849280.0
4400.0,19.328116144,4.223390576596508E-6,4400.0,30.25,0.0,-68.53377265238882,-130.75187969924815,4400.0,849280.0
4500.0,19.651327101,4.294403043732329E-6,4500.0,30.288888888888888,0.0,-67.93361884368309,-130.32305433186494,4500.0,849280.0
4600.0,21.401230182,4.6788731006381746E-6,4600.0,30.26086956521739,0.0,-67.51958224543083,-130.6254493170381,4600.0,849280.0
4700.0,21.694894379,4.743393868535377E-6,4700.0,30.404255319148938,0.0,-66.71763506625891,-129.06162464985997,4700.0,849280.0
4800.0,22.042223908,4.81970541128859E-6,4800.0,30.541666666666668,0.0,-65.70576540755467,-127.57679180887374,4800.0,849280.0
4900.0,22.340274994,4.885190019687464E-6,4900.0,30.551020408163264,0.0,-65.19417475728153,-127.47326203208556,4900.0,849280.0
5000.0,22.665744947,4.956698809351143E-6,5000.0,30.56,0.0,-65.64885496183206,-127.37393582187295,5000.0,849280.0
5100.0,24.682519047,5.399802922608737E-6,5100.0,30.686274509803923,0.0,-65.03267973856207,-126.02301790281332,5100.0,849280.0
5200.0,24.987464678,5.466802326962468E-6,5200.0,30.76923076923077,0.0,-64.15868673050615,-125.14071294559099,5200.0,849280.0
5300.0,25.313423473,5.538418519780984E-6,5300.0,30.943396226415093,0.0,-62.88384512683578,-123.30689444783407,5300.0,849280.0
5400.0,25.663651748,5.615366944114483E-6,5400.0,31.037037037037035,0.0,-62.691131498470966,-122.3283582089552,5400.0,849280.0
5500.0,26.01734357,5.69307634208512E-6,5500.0,31.09090909090909,0.0,-62.45177882554649,-121.76711527208892,5500.0,849280.0
5600.0,28.262505996,6.186359504483921E-6,5600.0,30.982142857142858,0.0,-62.942664418212466,-122.89504036908883,5600.0,849280.0
5700.0,28.553707473,6.250339189786993E-6,5700.0,31.17543859649123,0.0,-61.83993399339936,-120.88963963963964,5700.0,849280.0
5800.0,28.861397834,6.317941636966781E-6,5800.0,31.344827586206897,0.0,-60.62928600242032,-119.15244909190974,5800.0,849280.0
5900.0,29.162938274,6.384192889041818E-6,5900.0,31.52542372881356,0.0,-59.36883629191318,-117.32114039806349,5900.0,849280.0
6000.0,29.494041634,6.456939390858461E-6,6000.0,31.55,0.0,-59.124370399070116,-117.07188160676532,6000.0,849280.0
6100.0,31.897875969,6.985084254196568E-6,6100.0,31.655737704918035,0.0,-58.276385725132855,-116.01036269430054,6100.0,849280.0
6200.0,32.265821428,7.065925309393257E-6,6200.0,31.85483870967742,0.0,-57.649253731343286,-114.03242147923001,6200.0,849280.0
6300.0,32.573799426,7.133590953109446E-6,6300.0,32.12698412698413,0.0,-56.57268399853535,-111.36925358378645,6300.0,849280.0
6400.0,32.873304766,7.199395074699769E-6,6400.0,32.265625,0.0,-55.543595263724455,-110.02906976744187,6400.0,849280.0
6500.0,33.179831233,7.266741803493052E-6,6500.0,32.38461538461539,0.0,-55.24549629106323,-108.88783269961975,6500.0,849280.0
6600.0,35.663781706,7.812488930905312E-6,6600.0,32.68181818181819,0.0,-53.31262939958592,-106.07606679035251,6600.0,849280.0
6700.0,35.947339258,7.874789174465785E-6,6700.0,32.626865671641795,0.0,-53.5896563456958,-106.59038901601834,6700.0,849280.0
6800.0,36.245310418,7.94025622237568E-6,6800.0,32.76470588235294,0.0,-52.756431673905766,-105.29860799281545,6800.0,849280.0
6900.0,36.545954508,8.006310537980778E-6,6900.0,32.91304347826087,0.0,-52.21966458401841,-103.92070484581501,6900.0,849280.0
7000.0,36.871498033,8.077835492100269E-6,7000.0,33.04285714285714,0.0,-51.682847896440144,-102.7249134948097,7000.0,849280.0
7100.0,39.564631552,8.6695420891955E-6,7100.0,33.056338028169016,0.0,-51.65922144224635,-102.60017050298377,7100.0,849280.0
7200.0,39.862511938,8.73498919320946E-6,7200.0,33.30555555555556,0.0,-50.816582914572884,-100.33375052148521,7200.0,849280.0
7300.0,40.163489558,8.801116788471856E-6,7300.0,33.41095890410959,0.0,-50.16991041087429,-99.3847415914684,7300.0,849280.0
7400.0,40.474846989,8.869524925193473E-6,7400.0,33.56756756756757,0.0,-49.46792338096687,-97.98630688683046,7400.0,849280.0
7500.0,40.787664237,8.938253797349615E-6,7500.0,33.61333333333334,0.0,-49.384938493849376,-97.5793650793651,7500.0,849280.0
7600.0,43.585682223,9.553004491820219E-6,7600.0,33.776315789473685,0.0,-48.466076696165196,-96.14185502727983,7600.0,849280.0
7700.0,43.87944496,9.617546909876117E-6,7700.0,33.909090909090914,0.0,-47.76422764227642,-94.98084291187742,7700.0,849280.0
7800.0,44.33212635,9.717005240833543E-6,7800.0,33.96153846153846,0.0,-47.550845030077326,-94.52416918429006,7800.0,849280.0
7900.0,44.623443316,9.781010300148973E-6,7900.0,33.974683544303794,0.0,-47.012401352874875,-94.40924338427136,7900.0,849280.0
8000.0,44.923035208,9.846833438022384E-6,8000.0,34.112500000000004,0.0,-46.53878231859881,-93.2184750733138,8000.0,849280.0
8100.0,47.869750253,1.0494254265688475E-5,8100.0,34.27160493827161,0.0,-45.942982456140335,-91.85585585585588,8100.0,849280.0
8200.0,48.177506494,1.0561871187319805E-5,8200.0,34.40243902439024,0.0,-45.29983792544572,-90.74468085106385,8200.0,849280.0
8300.0,48.480496183,1.0628440852941027E-5,8300.0,34.6144578313253,0.0,-44.79722518676626,-88.96239554317546,8300.0,849280.0
8400.0,48.780961674,1.0694455928677105E-5,8400.0,34.67857142857143,0.0,-44.584980237154156,-88.42719780219778,8400.0,849280.0
8500.0,49.093208933,1.0763059568924324E-5,8500.0,34.88235294117647,0.0,-43.69158878504673,-86.7408906882591,8500.0,849280.0
8600.0,52.357937393,1.1480350915186222E-5,8600.0,35.0,0.0,-43.443674621503725,-85.77600531738119,8600.0,849280.0
8700.0,52.650874414,1.1544711915721942E-5,8700.0,34.98850574712644,0.0,-43.626206196038595,-85.86920801840289,8700.0,849280.0
8800.0,52.948616112,1.1610128548686487E-5,8800.0,35.04545454545455,0.0,-43.437892095357576,-85.4038274408044,8800.0,849280.0
8900.0,53.298580573,1.1687019010619273E-5,8900.0,35.13483146067416,0.0,-42.96681525507676,-84.6769033909149,8900.0,849280.0
9000.0,53.694906576,1.177409553650298E-5,9000.0,35.333333333333336,0.0,-42.542248346803824,-83.07643913180246,9000.0,849280.0
9100.0,57.331716062,1.2573136560671643E-5,9100.0,35.43956043956044,0.0,-42.25181598062952,-82.22704714640197,9100.0,849280.0
9200.0,57.686746619,1.2651140091230091E-5,9200.0,35.55434782608696,0.0,-42.04599904168663,-81.31498470948011,9200.0,849280.0
9300.0,58.034599223,1.2727566558448092E-5,9300.0,35.623655913978496,0.0,-41.872037914691944,-80.76690821256041,9300.0,849280.0
9400.0,58.358789189,1.2798794123008466E-5,9400.0,35.648936170212764,0.0,-41.56330446992746,-80.56716417910447,9400.0,849280.0
9500.0,58.701246302,1.2874035150441644E-5,9500.0,35.73684210526316,0.0,-41.221374045801525,-79.87625220978197,9500.0,849280.0
9600.0,62.594248172,1.373142662168753E-5,9600.0,35.67708333333333,0.0,-41.30434782608696,-80.3446261682243,9600.0,851328.0
9700.0,62.920723303,1.3803329231098113E-5,9700.0,35.649484536082475,0.0,-41.60617059891106,-80.56118021405842,9700.0,851328.0
9800.0,63.267779439,1.3879764583812175E-5,9800.0,35.775510204081634,0.0,-41.18438761776581,-79.57203994293864,9800.0,851328.0
9900.0,63.562565474,1.3944688013261078E-5,9900.0,35.75757575757576,0.0,-41.364747721715936,-79.71178298954504,9900.0,851328.0
10000.0,63.90173513,1.4019386454225299E-5,10000.0,35.88,0.0,-40.95405583644758,-78.75662113186506,10000.0,851328.0
