learning evaluation instances,evaluation time (cpu seconds),model cost (RAM-Hours),classified instances,classifications correct (percent),Kappa Statistic (percent),Kappa Temporal Statistic (percent),Kappa M Statistic (percent),model training instances,model serialized size (bytes)
100.0,0.114641118,9.018799864202739E-9,100.0,100.0,?,?,?,100.0,304096.0
200.0,0.238916804,1.9489737083021964E-8,200.0,96.0,53.703703703703674,-100.0,-33.33333333333333,200.0,325688.0
300.0,0.326635075,2.6885041589575508E-8,300.0,91.66666666666666,26.122931442080354,-525.0000000000014,-316.66666666666646,300.0,325888.0
400.0,0.363905838,3.0027630579556444E-8,400.0,91.5,20.671955202986478,-749.999999999999,-466.6666666666659,400.0,325928.0
500.0,0.394061253,3.2570518671588766E-8,500.0,89.60000000000001,13.7244491637909,-766.6666666666657,-549.9999999999993,500.0,325960.0
600.0,0.683497515,5.7034452336645785E-8,600.0,91.0,15.800415800415943,-575.000000000001,-439.9999999999982,600.0,326720.0
700.0,0.734481114,6.135406422349727E-8,700.0,90.28571428571428,10.941475826972056,-466.6666666666675,-209.0909090909088,700.0,327504.0
800.0,0.779675063,6.519249837468894E-8,800.0,86.5,47.06141855791382,-730.7692307692315,11.47540983606555,800.0,328304.0
900.0,0.824566439,6.900681367735895E-8,900.0,84.88888888888889,53.99499357283,-385.714285714286,32.33830845771147,900.0,328440.0
1000.0,0.862230185,7.220771569262775E-8,1000.0,84.8,58.17672534765597,-137.50000000000026,40.856031128404666,1000.0,328512.0
1100.0,0.905285148,7.586670812896762E-8,1100.0,80.9090909090909,49.94040524433849,-118.75,35.38461538461537,1100.0,328504.0
1200.0,0.930089275,7.7974924182124E-8,1200.0,80.41666666666667,48.578430657466704,-100.85470085470077,34.540389972144865,1200.0,328544.0
1300.0,0.953556465,7.996950785283619E-8,1300.0,78.07692307692308,44.03729034752767,-128.00000000000003,31.980906921241047,1300.0,328544.0
1400.0,0.977510723,8.200598541637467E-8,1400.0,76.78571428571429,42.88425714386138,-124.13793103448279,32.00836820083683,1400.0,328624.0
1500.0,1.000896396,8.399417297525537E-8,1500.0,74.86666666666667,39.2914653784219,-110.61452513966485,29.53271028037385,1500.0,328632.0
1600.0,1.02922598,8.64029718194074E-8,1600.0,74.0625,38.76233514709949,-86.09865470852016,30.134680134680124,1600.0,328672.0
1700.0,1.052968256,8.842186991164253E-8,1700.0,74.1764705882353,40.426014266464875,-82.91666666666656,32.771822358346114,1700.0,328696.0
1800.0,1.076863991,9.04539655838948E-8,1800.0,74.66666666666667,42.22972972972974,-60.5633802816901,34.85714285714286,1800.0,328720.0
1900.0,1.100643996,9.247631799594809E-8,1900.0,75.05263157894737,44.634338267840455,-56.95364238410596,38.28125000000001,1900.0,328736.0
2000.0,1.124075729,9.446914886993666E-8,2000.0,75.55,45.91856596828991,-46.40718562874252,39.48019801980197,2000.0,328752.0
2100.0,1.152544636,9.689020646164193E-8,2100.0,76.19047619047619,48.623099054665026,-34.77088948787067,43.310657596371875,2100.0,328728.0
2200.0,1.176582113,9.893440563571949E-8,2200.0,76.63636363636364,50.50272042441246,-29.145728643216085,46.17801047120418,2200.0,328728.0
2300.0,1.200280984,1.0094985806854233E-7,2300.0,77.21739130434783,52.16416281331243,-28.74692874692873,48.3743842364532,2300.0,328736.0
2400.0,1.224801593,1.0303519458365935E-7,2400.0,77.125,52.185613879236,-27.378190255220435,48.59550561797752,2400.0,328736.0
2500.0,1.247925544,1.0500180124045865E-7,2500.0,77.60000000000001,53.347640057049176,-22.004357298474943,49.91055456171736,2500.0,328744.0
2600.0,1.276609108,1.0744141054731066E-7,2600.0,77.76923076923077,54.57304465794965,-25.925925925925934,52.545155993431855,2600.0,328768.0
2700.0,1.300507803,1.0947415362526349E-7,2700.0,78.37037037037037,56.43938975364276,-27.23311546840957,55.69044006069802,2700.0,328784.0
2800.0,1.324465151,1.1151188553125698E-7,2800.0,78.78571428571428,57.708917742929614,-29.411764705882387,57.01881331403762,2800.0,328784.0
2900.0,1.349809181,1.1366772132746665E-7,2900.0,78.93103448275862,58.2950467159497,-33.11546840958607,55.788712011577424,2900.0,328808.0
3000.0,1.375785229,1.1587737214550994E-7,3000.0,79.13333333333334,58.883379427152214,-36.38344226579518,54.70332850940666,3000.0,328816.0
3100.0,1.405247583,1.183835243791445E-7,3100.0,79.61290322580645,59.9043204772843,-37.69063180827885,54.26917510853835,3100.0,328808.0
3200.0,1.428724888,1.2038066837667588E-7,3200.0,79.65625,60.017749416925504,-40.60475161987047,53.0979827089337,3200.0,328824.0
3300.0,1.45201944,1.2236226612403157E-7,3300.0,79.78787878787878,60.27084629902113,-41.01479915433408,53.06122448979592,3300.0,328824.0
3400.0,1.475324464,1.243447546930528E-7,3400.0,80.02941176470588,60.668154118957105,-42.348008385744265,52.4176594253679,3400.0,328824.0
3500.0,1.499656463,1.2641460494847137E-7,3500.0,80.2,60.97041185508253,-42.59259259259252,52.92119565217392,3500.0,328824.0
3600.0,1.527015911,1.2874199121997792E-7,3600.0,80.30555555555556,61.1645167474598,-43.81338742393513,53.20132013201319,3600.0,328824.0
3700.0,1.550207242,1.307148082661173E-7,3700.0,80.56756756756756,61.653222784065676,-44.66800804828979,53.939782190903266,3700.0,328824.0
3800.0,1.573776532,1.3271982593114587E-7,3800.0,80.86842105263158,62.1921077769901,-40.34749034749039,54.132492113564666,3800.0,328832.0
3900.0,1.597312662,1.3472202270569484E-7,3900.0,80.74358974358974,61.987810765772544,-40.373831775701014,54.123396456933406,3900.0,328832.0
4000.0,1.620921307,1.367303882641138E-7,4000.0,80.77499999999999,61.99150665865307,-43.738317757009334,53.02382406841784,4000.0,328832.0
4100.0,1.648318347,1.390609156733627E-7,4100.0,79.92682926829269,60.39299241312705,-53.258845437616344,50.03035822707955,4100.0,328816.0
4200.0,1.671803011,1.410586370749813E-7,4200.0,79.83333333333333,60.185394103489784,-54.84460694698351,49.22062350119904,4200.0,328816.0
4300.0,1.69567455,1.4308926797308027E-7,4300.0,79.69767441860465,59.85803438142939,-59.3065693430657,47.72455089820358,4300.0,328816.0
4400.0,1.718926937,1.4506727887021376E-7,4400.0,79.68181818181819,59.80491856347341,-60.21505376344081,47.65807962529276,4400.0,328824.0
4500.0,1.74226541,1.4705275774976236E-7,4500.0,80.0,60.37055585139017,-60.42780748663093,48.30557151062608,4500.0,328848.0
4600.0,1.770478993,1.4945286111769367E-7,4600.0,80.15217391304348,60.55996991897129,-62.45551601423489,47.738981110475095,4600.0,328832.0
4700.0,1.794931077,1.5153297725045637E-7,4700.0,80.4468085106383,61.11482420691995,-62.65486725663717,48.63051984348799,4700.0,328832.0
4800.0,1.818685831,1.535538704920953E-7,4800.0,80.4375,61.04906200416886,-62.738301559792035,48.26446280991735,4800.0,328848.0
4900.0,1.842419335,1.555730050469583E-7,4900.0,80.26530612244898,60.668516518343175,-65.86620926243573,47.18732932823593,4900.0,328856.0
5000.0,1.866762541,1.5764401017164396E-7,5000.0,80.30000000000001,60.57498246087039,-66.66666666666666,46.43828167482329,5000.0,328856.0
5100.0,1.894580645,1.6001052807993564E-7,5100.0,80.58823529411765,60.97539710953601,-66.94772344013481,46.54427645788338,5100.0,328840.0
5200.0,1.91824285,1.6202349890936991E-7,5200.0,80.88461538461539,61.386754001171376,-66.499162479062,46.44396551724139,5200.0,328840.0
5300.0,1.941514348,1.64003231847667E-7,5300.0,81.13207547169812,61.69681103548119,-65.83747927031509,46.29430719656285,5300.0,328840.0
5400.0,1.966634,1.661401893595109E-7,5400.0,81.18518518518518,61.64918567430998,-66.83087027914621,46.07218683651804,5400.0,328840.0
5500.0,1.990709564,1.6818832511161762E-7,5500.0,81.36363636363636,61.83728542231012,-66.6666666666667,45.99578503688092,5500.0,328840.0
5600.0,2.018819943,1.7057970718828132E-7,5600.0,81.69642857142857,62.28894290782472,-66.12641815235006,46.05263157894737,5600.0,328840.0
5700.0,2.042675355,1.7260911435807537E-7,5700.0,81.84210526315789,62.44999060533708,-65.07177033492826,46.177847113884546,5700.0,328840.0
5800.0,2.066729518,1.7465542950264695E-7,5800.0,81.96551724137932,62.51317210808971,-63.693270735524145,46.05466735430637,5800.0,328840.0
5900.0,2.090302036,1.7666077055646312E-7,5900.0,81.96610169491525,62.407793520242805,-64.45131375579604,45.907473309608534,5900.0,328840.0
6000.0,2.113544544,1.786380372823195E-7,6000.0,82.13333333333334,62.63047524251556,-63.16590563165897,46.04932058379468,6000.0,328840.0
6100.0,2.13934877,1.808332856915063E-7,6100.0,81.93442622950819,62.14977903718704,-64.23248882265278,45.63394178589048,6100.0,328848.0
6200.0,2.168290811,1.8329547810386036E-7,6200.0,81.8225806451613,61.81940580036412,-63.57039187227872,45.423728813559315,6200.0,328848.0
6300.0,2.197322352,1.8576528456875845E-7,6300.0,81.88888888888889,61.86774069108812,-63.233190271816945,45.58893657606104,6300.0,328848.0
6400.0,2.223356571,1.8798009922137276E-7,6400.0,82.109375,62.20800942654366,-61.95190947666198,45.965077866918335,6400.0,328848.0
6500.0,2.246245317,1.8992731838015632E-7,6500.0,82.24615384615385,62.456762212313244,-61.624649859944014,46.45011600928075,6500.0,328848.0
6600.0,2.273745818,1.9226687435335584E-7,6600.0,82.1969696969697,62.29964851896687,-62.742382271468124,46.34703196347033,6600.0,328848.0
6700.0,2.297694881,1.9430429808589733E-7,6700.0,82.3731343283582,62.61374112627387,-61.55950752393977,46.8735942420153,6700.0,328848.0
6800.0,2.322935313,1.9645163496589908E-7,6800.0,82.51470588235294,62.78726736519015,-60.89309878213803,46.990637539010265,6800.0,328856.0
6900.0,2.346805628,1.9848240875522086E-7,6900.0,82.76811594202898,63.10857297029926,-60.45883940620785,47.03786191536749,6900.0,328856.0
7000.0,2.371500388,2.0058332243573126E-7,7000.0,82.78571428571428,63.06037218328222,-60.88117489986652,47.12593242650286,7000.0,328856.0
7100.0,2.397796243,2.0282044972549709E-7,7100.0,83.01408450704226,63.3974936606268,-60.37234042553191,47.38219895287957,7100.0,328856.0
7200.0,2.420807688,2.0477815490703407E-7,7200.0,83.125,63.45263171967317,-61.35458167330668,47.28850325379611,7200.0,328856.0
7300.0,2.443589264,2.0671639821624383E-7,7300.0,83.12328767123289,63.40842899955238,-62.747688243064644,47.28284124946514,7300.0,328872.0
7400.0,2.467315925,2.0873504881061613E-7,7400.0,83.35135135135135,63.67568242964933,-62.74768824306468,47.28284124946514,7400.0,328872.0
7500.0,2.490595197,2.1071563580763836E-7,7500.0,83.54666666666667,63.89444397326683,-62.582345191040886,47.242411286874734,7500.0,328872.0
7600.0,2.517885391,2.1303746972850213E-7,7600.0,83.76315789473684,64.141312836916,-62.58234519104082,47.24241128687473,7600.0,328872.0
7700.0,2.541994038,2.1508866936620738E-7,7700.0,83.94805194805195,64.32889469722701,-62.84584980237159,47.15690466011117,7700.0,328880.0
7800.0,2.565722911,2.171075572656716E-7,7800.0,84.15384615384616,64.55746944861073,-62.84584980237149,47.15690466011116,7800.0,328880.0
7900.0,2.589024084,2.1909005581134724E-7,7900.0,84.35443037974683,64.77745595576772,-62.84584980237149,47.15690466011116,7900.0,328880.0
8000.0,2.612627481,2.2109826802562095E-7,8000.0,84.5125,64.91673174579893,-63.2411067193675,47.02864471996581,8000.0,328880.0
8100.0,2.638792223,2.2332440329198623E-7,8100.0,84.70370370370371,65.12149697969173,-63.241106719367544,47.028644719965804,8100.0,328880.0
8200.0,2.661705554,2.2527395108351072E-7,8200.0,84.86585365853658,65.27134572392053,-63.50461133069837,46.94313809320222,8200.0,328888.0
8300.0,2.684576324,2.272198776336035E-7,8300.0,85.04819277108435,65.46227168208726,-63.50461133069818,46.94313809320224,8300.0,328888.0
8400.0,2.70726767,2.2915053815088132E-7,8400.0,85.22619047619048,65.6466376849306,-63.50461133069837,46.94313809320224,8400.0,328888.0
8500.0,2.729906478,2.3107672854804124E-7,8500.0,85.39999999999999,65.82477610911293,-63.504611330698246,46.94313809320221,8500.0,328888.0
8600.0,2.754890815,2.3320248490450697E-7,8600.0,85.56976744186046,65.99699724996422,-63.50461133069829,46.94313809320224,8600.0,328888.0
8700.0,2.778293879,2.3519370092351817E-7,8700.0,85.73563218390805,66.16359112523149,-63.50461133069827,46.94313809320225,8700.0,328888.0
8800.0,2.801221013,2.3714442312343252E-7,8800.0,85.89772727272728,66.36939222980465,-62.647444298820474,47.07889125799575,8800.0,328888.0
8900.0,2.824605882,2.3913409104705476E-7,8900.0,86.0561797752809,66.5704459848578,-62.22222222222228,47.213951509995724,8900.0,328888.0
9000.0,2.847858869,2.411125379805101E-7,9000.0,86.1888888888889,66.67721525774269,-62.483660130718974,47.128881327094874,9000.0,328888.0
9100.0,2.873658094,2.433076813039018E-7,9100.0,86.34065934065934,66.82467763217248,-62.48366013071887,47.12888132709486,9100.0,328896.0
9200.0,2.897236595,2.453138729257716E-7,9200.0,86.45652173913044,66.90085426818496,-62.87581699346399,47.0012760527435,9200.0,328896.0
9300.0,2.920794518,2.4731831365553864E-7,9300.0,86.40860215053763,66.77405065566643,-62.46786632390747,46.93534844668347,9300.0,328896.0
9324.0,2.932218611,2.482903398103846E-7,9324.0,86.42213642213642,66.78418084971854,-61.89258312020463,46.962714704650175,9324.0,328896.0
