learning evaluation instances,evaluation time (cpu seconds),model cost (RAM-Hours),classified instances,classifications correct (percent),Kappa Statistic (percent),Kappa Temporal Statistic (percent),Kappa M Statistic (percent),model training instances,model serialized size (bytes)
100.0,0.101851061,8.012607964235876E-9,100.0,100.0,?,?,?,100.0,304096.0
200.0,0.224784485,1.837045193379952E-8,200.0,96.0,53.703703703703674,-100.0,-33.33333333333333,200.0,325688.0
300.0,0.292297781,2.406232634570036E-8,300.0,91.66666666666666,26.122931442080354,-525.0000000000014,-316.66666666666646,300.0,325888.0
400.0,0.327383355,2.7020664991988908E-8,400.0,91.5,20.671955202986478,-749.999999999999,-466.6666666666659,400.0,325928.0
500.0,0.357840182,2.9588969977988557E-8,500.0,89.60000000000001,13.7244491637909,-766.6666666666657,-549.9999999999993,500.0,325960.0
600.0,0.621247672,5.185288161681138E-8,600.0,91.0,15.800415800415943,-575.000000000001,-439.9999999999982,600.0,326720.0
700.0,0.673127042,5.624838816656214E-8,700.0,90.28571428571428,10.941475826972056,-466.6666666666675,-209.0909090909088,700.0,327504.0
800.0,0.719093031,6.015239358929917E-8,800.0,86.5,47.06141855791382,-730.7692307692315,11.47540983606555,800.0,328304.0
900.0,0.762204973,6.381551454372083E-8,900.0,84.88888888888889,53.99499357283,-385.714285714286,32.33830845771147,900.0,328440.0
1000.0,0.799066843,6.694826809323702E-8,1000.0,84.8,58.17672534765597,-137.50000000000026,40.856031128404666,1000.0,328512.0
1100.0,0.830275955,6.960055012522678E-8,1100.0,80.9090909090909,49.94040524433849,-118.75,35.38461538461537,1100.0,328504.0
1200.0,0.853609123,7.158374265397794E-8,1200.0,80.41666666666667,48.578430657466704,-100.85470085470077,34.540389972144865,1200.0,328544.0
1300.0,0.876511786,7.353034459633338E-8,1300.0,78.07692307692308,44.03729034752767,-128.00000000000003,31.980906921241047,1300.0,328544.0
1400.0,0.899289188,7.546677143655096E-8,1400.0,76.78571428571429,42.88425714386138,-124.13793103448279,32.00836820083683,1400.0,328624.0
1500.0,0.922223049,7.741654714398085E-8,1500.0,74.86666666666667,39.2914653784219,-110.61452513966485,29.53271028037385,1500.0,328632.0
1600.0,0.949908425,7.977057047551704E-8,1600.0,74.0625,38.76233514709949,-86.09865470852016,30.134680134680124,1600.0,328672.0
1700.0,0.973995982,8.181882915441981E-8,1700.0,74.1764705882353,40.426014266464875,-82.91666666666656,32.771822358346114,1700.0,328696.0
1800.0,0.997309506,8.380141354554023E-8,1800.0,74.66666666666667,42.22972972972974,-60.5633802816901,34.85714285714286,1800.0,328720.0
1900.0,1.020945168,8.581149041710421E-8,1900.0,75.05263157894737,44.634338267840455,-56.95364238410596,38.28125000000001,1900.0,328736.0
2000.0,1.043801013,8.775534295106306E-8,2000.0,75.55,45.91856596828991,-46.40718562874252,39.48019801980197,2000.0,328752.0
2100.0,1.071789854,9.013557468901077E-8,2100.0,76.19047619047619,48.623099054665026,-34.77088948787067,43.310657596371875,2100.0,328728.0
2200.0,1.094769725,9.208983275522167E-8,2200.0,76.63636363636364,50.50272042441246,-29.145728643216085,46.17801047120418,2200.0,328728.0
2300.0,1.117963579,9.406233640194973E-8,2300.0,77.21739130434783,52.16416281331243,-28.74692874692873,48.3743842364532,2300.0,328736.0
2400.0,1.141549929,9.606821957203455E-8,2400.0,77.125,52.185613879236,-27.378190255220435,48.59550561797752,2400.0,328736.0
2500.0,1.164086266,9.79848518276587E-8,2500.0,77.60000000000001,53.347640057049176,-22.004357298474943,49.91055456171736,2500.0,328744.0
2600.0,1.191008574,1.0027466187911313E-7,2600.0,77.76923076923077,54.57304465794965,-25.925925925925934,52.545155993431855,2600.0,328768.0
2700.0,1.21491926,1.023084248714273E-7,2700.0,78.37037037037037,56.43938975364276,-27.23311546840957,55.69044006069802,2700.0,328784.0
2800.0,1.238103139,1.0428036809081003E-7,2800.0,78.78571428571428,57.708917742929614,-29.411764705882387,57.01881331403762,2800.0,328784.0
2900.0,1.261104589,1.0623693732130444E-7,2900.0,78.93103448275862,58.2950467159497,-33.11546840958607,55.788712011577424,2900.0,328808.0
3000.0,1.283862041,1.0817279848187747E-7,3000.0,79.13333333333334,58.883379427152214,-36.38344226579518,54.70332850940666,3000.0,328816.0
3100.0,1.311092878,1.1048913148674493E-7,3100.0,79.61290322580645,59.9043204772843,-37.69063180827885,54.26917510853835,3100.0,328808.0
3200.0,1.334555167,1.1248499811814477E-7,3200.0,79.65625,60.017749416925504,-40.60475161987047,53.0979827089337,3200.0,328824.0
3300.0,1.357286538,1.1441868774514025E-7,3300.0,79.78787878787878,60.27084629902113,-41.01479915433408,53.06122448979592,3300.0,328824.0
3400.0,1.380400228,1.1638490010402477E-7,3400.0,80.02941176470588,60.668154118957105,-42.348008385744265,52.4176594253679,3400.0,328824.0
3500.0,1.403749968,1.1837119252919531E-7,3500.0,80.2,60.97041185508253,-42.59259259259252,52.92119565217392,3500.0,328824.0
3600.0,1.430842451,1.2067586888798825E-7,3600.0,80.30555555555556,61.1645167474598,-43.81338742393513,53.20132013201319,3600.0,328824.0
3700.0,1.453714858,1.2262155602495497E-7,3700.0,80.56756756756756,61.653222784065676,-44.66800804828979,53.939782190903266,3700.0,328824.0
3800.0,1.476582835,1.2456691364279018E-7,3800.0,80.86842105263158,62.1921077769901,-40.34749034749039,54.132492113564666,3800.0,328832.0
3900.0,1.499947138,1.2655449325363464E-7,3900.0,80.74358974358974,61.987810765772544,-40.373831775701014,54.123396456933406,3900.0,328832.0
4000.0,1.523134275,1.285270015169908E-7,4000.0,80.77499999999999,61.99150665865307,-43.738317757009334,53.02382406841784,4000.0,328832.0
4100.0,1.552305925,1.3100848600940367E-7,4100.0,79.92682926829269,60.39299241312705,-53.258845437616344,50.03035822707955,4100.0,328816.0
4200.0,1.57552401,1.329835308858856E-7,4200.0,79.83333333333333,60.185394103489784,-54.84460694698351,49.22062350119904,4200.0,328816.0
4300.0,1.599414245,1.3501575215799737E-7,4300.0,79.69767441860465,59.85803438142939,-59.3065693430657,47.72455089820358,4300.0,328816.0
4400.0,1.622445306,1.3697493551541123E-7,4400.0,79.68181818181819,59.80491856347341,-60.21505376344081,47.65807962529276,4400.0,328824.0
4500.0,1.647138021,1.390756241127849E-7,4500.0,80.0,60.37055585139017,-60.42780748663093,48.30557151062608,4500.0,328848.0
4600.0,1.675958263,1.415273353998198E-7,4600.0,80.15217391304348,60.55996991897129,-62.45551601423489,47.738981110475095,4600.0,328832.0
4700.0,1.70138866,1.4369067571315505E-7,4700.0,80.4468085106383,61.11482420691995,-62.65486725663717,48.63051984348799,4700.0,328832.0
4800.0,1.72481794,1.456838798359368E-7,4800.0,80.4375,61.04906200416886,-62.738301559792035,48.26446280991735,4800.0,328848.0
4900.0,1.748492361,1.4769798788789044E-7,4900.0,80.26530612244898,60.668516518343175,-65.86620926243573,47.18732932823593,4900.0,328856.0
5000.0,1.772456782,1.4973676777173666E-7,5000.0,80.30000000000001,60.57498246087039,-66.66666666666666,46.43828167482329,5000.0,328856.0
5100.0,1.801696561,1.5222422919750424E-7,5100.0,80.58823529411765,60.97539710953601,-66.94772344013481,46.54427645788338,5100.0,328840.0
5200.0,1.824718018,1.5418269086209027E-7,5200.0,80.88461538461539,61.386754001171376,-66.499162479062,46.44396551724139,5200.0,328840.0
5300.0,1.848347874,1.5619290972511393E-7,5300.0,81.13207547169812,61.69681103548119,-65.83747927031509,46.29430719656285,5300.0,328840.0
5400.0,1.875009423,1.5846103817740873E-7,5400.0,81.18518518518518,61.64918567430998,-66.83087027914621,46.07218683651804,5400.0,328840.0
5500.0,1.898252297,1.6043833603930354E-7,5500.0,81.36363636363636,61.83728542231012,-66.6666666666667,45.99578503688092,5500.0,328840.0
5600.0,1.93267755,1.633669316661648E-7,5600.0,81.69642857142857,62.28894290782472,-66.12641815235006,46.05263157894737,5600.0,328840.0
5700.0,1.956492285,1.6539287839706785E-7,5700.0,81.84210526315789,62.44999060533708,-65.07177033492826,46.177847113884546,5700.0,328840.0
5800.0,1.979612243,1.6735971965432792E-7,5800.0,81.96551724137932,62.51317210808971,-63.693270735524145,46.05466735430637,5800.0,328840.0
5900.0,2.003009975,1.693501914633128E-7,5900.0,81.96610169491525,62.407793520242805,-64.45131375579604,45.907473309608534,5900.0,328840.0
6000.0,2.025902376,1.7129767418644499E-7,6000.0,82.13333333333334,62.63047524251556,-63.16590563165897,46.04932058379468,6000.0,328840.0
6100.0,2.051236548,1.734529335916705E-7,6100.0,81.93442622950819,62.14977903718704,-64.23248882265278,45.63394178589048,6100.0,328848.0
6200.0,2.073740761,1.7536743929272314E-7,6200.0,81.8225806451613,61.81940580036412,-63.57039187227872,45.423728813559315,6200.0,328848.0
6300.0,2.096216495,1.7727952219374896E-7,6300.0,81.88888888888889,61.86774069108812,-63.233190271816945,45.58893657606104,6300.0,328848.0
6400.0,2.12017909,1.7931809713700583E-7,6400.0,82.109375,62.20800942654366,-61.95190947666198,45.965077866918335,6400.0,328848.0
6500.0,2.143370139,1.8129103418323318E-7,6500.0,82.24615384615385,62.456762212313244,-61.624649859944014,46.45011600928075,6500.0,328848.0
6600.0,2.169620724,1.835242557866044E-7,6600.0,82.1969696969697,62.29964851896687,-62.742382271468124,46.34703196347033,6600.0,328848.0
6700.0,2.192928925,1.8550715932985566E-7,6700.0,82.3731343283582,62.61374112627387,-61.55950752393977,46.8735942420153,6700.0,328848.0
6800.0,2.216128659,1.8748088325123827E-7,6800.0,82.51470588235294,62.78726736519015,-60.89309878213803,46.990637539010265,6800.0,328856.0
6900.0,2.239927153,1.8950554684870366E-7,6900.0,82.76811594202898,63.10857297029926,-60.45883940620785,47.03786191536749,6900.0,328856.0
7000.0,2.262956806,1.9146480108098238E-7,7000.0,82.78571428571428,63.06037218328222,-60.88117489986652,47.12593242650286,7000.0,328856.0
7100.0,2.289058905,1.9368544452433378E-7,7100.0,83.01408450704226,63.3974936606268,-60.37234042553191,47.38219895287957,7100.0,328856.0
7200.0,2.311799028,1.9562006691010263E-7,7200.0,83.125,63.45263171967317,-61.35458167330668,47.28850325379611,7200.0,328856.0
7300.0,2.334620343,1.975616911904473E-7,7300.0,83.12328767123289,63.40842899955238,-62.747688243064644,47.28284124946514,7300.0,328872.0
7400.0,2.357465032,1.9950530411719246E-7,7400.0,83.35135135135135,63.67568242964933,-62.74768824306468,47.28284124946514,7400.0,328872.0
7500.0,2.38071868,2.0148371103911563E-7,7500.0,83.54666666666667,63.89444397326683,-62.582345191040886,47.242411286874734,7500.0,328872.0
7600.0,2.407996234,2.0380446955609036E-7,7600.0,83.76315789473684,64.141312836916,-62.58234519104082,47.24241128687473,7600.0,328872.0
7700.0,2.436402554,2.062213216213489E-7,7700.0,83.94805194805195,64.32889469722701,-62.84584980237159,47.15690466011117,7700.0,328880.0
7800.0,2.46503903,2.0865775570229733E-7,7800.0,84.15384615384616,64.55746944861073,-62.84584980237149,47.15690466011116,7800.0,328880.0
7900.0,2.490831222,2.1085219385911402E-7,7900.0,84.35443037974683,64.77745595576772,-62.84584980237149,47.15690466011116,7900.0,328880.0
8000.0,2.513892338,2.1281426799725536E-7,8000.0,84.5125,64.91673174579893,-63.2411067193675,47.02864471996581,8000.0,328880.0
8100.0,2.539913736,2.1502820734234527E-7,8100.0,84.70370370370371,65.12149697969173,-63.241106719367544,47.028644719965804,8100.0,328880.0
8200.0,2.562315002,2.1693418682030298E-7,8200.0,84.86585365853658,65.27134572392053,-63.50461133069837,46.94313809320222,8200.0,328888.0
8300.0,2.58515417,2.1887742455970702E-7,8300.0,85.04819277108435,65.46227168208726,-63.50461133069818,46.94313809320224,8300.0,328888.0
8400.0,2.607492176,2.2077802165160783E-7,8400.0,85.22619047619048,65.6466376849306,-63.50461133069837,46.94313809320224,8400.0,328888.0
8500.0,2.631622071,2.2283107904020695E-7,8500.0,85.39999999999999,65.82477610911293,-63.504611330698246,46.94313809320221,8500.0,328888.0
8600.0,2.656705455,2.2496526266812035E-7,8600.0,85.56976744186046,65.99699724996422,-63.50461133069829,46.94313809320224,8600.0,328888.0
8700.0,2.680822688,2.2701724272867249E-7,8700.0,85.73563218390805,66.16359112523149,-63.50461133069827,46.94313809320225,8700.0,328888.0
8800.0,2.704221987,2.2900813840807724E-7,8800.0,85.89772727272728,66.36939222980465,-62.647444298820474,47.07889125799575,8800.0,328888.0
8900.0,2.727461417,2.3098543186369867E-7,8900.0,86.0561797752809,66.5704459848578,-62.22222222222228,47.213951509995724,8900.0,328888.0
9000.0,2.750132886,2.3291440117503824E-7,9000.0,86.1888888888889,66.67721525774269,-62.483660130718974,47.128881327094874,9000.0,328888.0
9100.0,2.776056144,2.3512009792442742E-7,9100.0,86.34065934065934,66.82467763217248,-62.48366013071887,47.12888132709486,9100.0,328896.0
9200.0,2.799455099,2.371110127616984E-7,9200.0,86.45652173913044,66.90085426818496,-62.87581699346399,47.0012760527435,9200.0,328896.0
9300.0,2.822543877,2.3907553599338356E-7,9300.0,86.40860215053763,66.77405065566643,-62.46786632390747,46.93534844668347,9300.0,328896.0
9324.0,2.833482918,2.4000629119302455E-7,9324.0,86.42213642213642,66.78418084971854,-61.89258312020463,46.962714704650175,9324.0,328896.0
