learning evaluation instances,evaluation time (cpu seconds),model cost (RAM-Hours),classified instances,classifications correct (percent),Kappa Statistic (percent),Kappa Temporal Statistic (percent),Kappa M Statistic (percent),model training instances,model serialized size (bytes)
100.0,0.601077653,1.2363058682623425E-7,100.0,56.00000000000001,3.0409872190392555,12.00000000000001,-4.76190476190474,100.0,795056.0
200.0,1.668167927,3.583099696925572E-7,200.0,54.50000000000001,8.284620036283012,5.208333333333338,2.1505376344086042,200.0,850112.0
300.0,2.060506024,4.445947618252494E-7,300.0,55.333333333333336,11.046202867764206,10.666666666666668,2.898550724637676,300.0,850112.0
400.0,2.433057961,5.265280909831283E-7,400.0,55.00000000000001,10.105625889579747,13.875598086124416,3.2258064516129066,400.0,850112.0
500.0,2.839655257,6.159488315009035E-7,500.0,54.0,7.774231318267125,9.090909090909099,1.7094017094017109,500.0,850112.0
600.0,3.210548826,6.975174447689577E-7,600.0,53.5,7.000000000000006,7.000000000000006,0.7117437722420092,600.0,850112.0
700.0,3.576945461,7.780970717050921E-7,700.0,54.714285714285715,9.680728089741304,11.699164345403897,1.8575851393188836,700.0,850112.0
800.0,3.944404629,8.589103757675116E-7,800.0,55.375,11.03025469770223,11.633663366336627,3.773584905660369,800.0,850112.0
900.0,4.321331644,9.418058921274004E-7,900.0,55.888888888888886,11.989871322442706,11.581291759465486,5.700712589073624,900.0,850112.0
1000.0,4.726280667,1.03086413689401E-6,1000.0,56.39999999999999,12.980999520996317,11.740890688259098,7.036247334754781,1000.0,850112.0
1100.0,5.10444574,1.1140319326425052E-6,1100.0,56.36363636363636,13.027722413480697,10.44776119402985,5.88235294117646,1100.0,850112.0
1200.0,5.470481473,1.194532188357011E-6,1200.0,56.75,13.773052001993676,10.20761245674741,7.321428571428573,1200.0,850112.0
1300.0,5.827632153,1.2730784025011084E-6,1300.0,56.30769230769231,12.804222807411156,9.409888357256772,7.491856677524423,1300.0,850112.0
1400.0,6.198040923,1.3545403965515516E-6,1400.0,56.42857142857143,12.937986155712547,9.495548961424332,9.226190476190471,1400.0,850112.0
1500.0,6.538986945,1.4295228080524624E-6,1500.0,56.266666666666666,12.57312227679491,9.141274238227133,9.517241379310331,1500.0,850112.0
1600.0,6.88531623,1.5056891314204654E-6,1600.0,56.43749999999999,12.858388630332659,9.244791666666655,9.71502590673575,1600.0,850112.0
1700.0,7.238973508,1.5834670605886433E-6,1700.0,57.294117647058826,14.550980704390154,11.355311355311374,11.355311355311374,1700.0,850112.0
1800.0,7.61736097,1.6666837651450886E-6,1800.0,57.277777777777786,14.513128737966266,11.609195402298852,11.40552995391706,1800.0,850112.0
1900.0,8.05287578,1.7624641778526492E-6,1900.0,57.21052631578948,14.439255028293166,11.437908496732039,11.3413304252999,1900.0,850112.0
2000.0,8.419860278,1.8431730903135525E-6,2000.0,57.15,14.27702624303314,11.375387797311282,11.099585062240662,2000.0,850112.0
2100.0,8.753185199,1.9164794343597975E-6,2100.0,56.952380952380956,13.828164717844432,11.8048780487805,9.960159362549811,2100.0,850112.0
2200.0,9.012651516,1.973542455766511E-6,2200.0,57.04545454545455,14.049994046752829,12.17472118959108,10.764872521246447,2200.0,850112.0
2300.0,9.28396918,2.0332118797127853E-6,2300.0,57.130434782608695,14.212608075923235,12.743362831858418,10.849909584086806,2300.0,850112.0
2400.0,9.549198305,2.0915422842622087E-6,2400.0,57.08333333333333,14.137091664906793,13.080168776371307,11.206896551724123,2400.0,850112.0
2500.0,9.91319134,2.1715933004721454E-6,2500.0,57.52,15.033692101301611,13.868613138686136,12.664473684210545,2500.0,850112.0
2600.0,10.291690529,2.2548345765424057E-6,2600.0,57.769230769230774,15.550854075851603,13.814756671899534,12.995245641838366,2600.0,850112.0
2700.0,10.632345348,2.329752945345155E-6,2700.0,57.925925925925924,15.857022778298399,14.778694673668424,13.546423135464233,2700.0,850112.0
2800.0,10.991787271,2.408803060149148E-6,2800.0,58.03571428571429,16.0736551887399,15.10115606936418,13.729809104258454,2800.0,850112.0
2900.0,11.345326739,2.486555080002276E-6,2900.0,57.9655172413793,15.93103448275861,14.396067415730332,13.23843416370106,2900.0,850112.0
3000.0,11.71435235,2.5677128833872853E-6,3000.0,58.06666666666666,16.124983109429554,14.884979702300411,13.061506565307523,3000.0,850112.0
3100.0,12.150212698,2.6635692883951906E-6,3100.0,58.12903225806452,16.258064516129032,15.38461538461539,13.293253173012696,3100.0,850112.0
3200.0,12.55795709,2.7532423035217105E-6,3200.0,58.06249999999999,16.12119924184064,15.170670037926664,12.85714285714284,3200.0,850112.0
3300.0,12.842196205,2.8157534721828448E-6,3300.0,58.21212121212122,16.41626013870931,15.502450980392158,12.831858407079649,3300.0,850112.0
3400.0,13.101896351,2.8728679183347304E-6,3400.0,58.205882352941174,16.397994963876407,15.667655786350146,12.768569674647019,3400.0,850112.0
3500.0,13.385167079,2.9351661148893117E-6,3500.0,58.285714285714285,16.56971229122427,15.898617511520735,13.353115727002965,3500.0,850112.0
3600.0,13.705929918,3.005709748297941E-6,3600.0,58.333333333333336,16.657792264917102,16.154276131917275,13.34488734835356,3600.0,850112.0
3700.0,14.07013786,3.0858080278401023E-6,3700.0,58.24324324324325,16.46876737037572,15.803814713896475,12.957746478873247,3700.0,850112.0
3800.0,14.430900091,3.1651485108296023E-6,3800.0,58.15789473684211,16.304591445337422,15.51540913921361,13.067249863313299,3800.0,850112.0
3900.0,14.795580482,3.245350693520782E-6,3900.0,58.20512820512821,16.3944257689819,15.500259201658892,13.1130063965885,3900.0,850112.0
4000.0,15.159495054,3.3253844537882122E-6,4000.0,58.275,16.543114806971573,15.707070707070706,13.568099430346969,4000.0,850112.0
4100.0,15.503847229,3.401115962065155E-6,4100.0,58.3170731707317,16.621250163618402,16.06090373280942,13.512145748987844,4100.0,850112.0
4200.0,15.856310257,3.478631246300831E-6,4200.0,58.404761904761905,16.799411447740596,16.331417624521066,13.856015779092704,4200.0,850112.0
4300.0,16.124278107,3.5375639638021204E-6,4300.0,58.51162790697675,17.015087477512665,16.5965404394577,14.189514189514208,4300.0,850112.0
4400.0,16.377460098,3.593244907437773E-6,4400.0,58.54545454545455,17.084827502843712,16.93989071038252,14.406381980290952,4400.0,850112.0
4500.0,16.633815895,3.649623849032516E-6,4500.0,58.42222222222222,16.843393180674283,16.95517088326675,14.331501831501816,4500.0,850112.0
4600.0,16.889974186,3.7059593542026923E-6,4600.0,58.5,16.995794872027528,16.89159773617761,14.317773788150792,4600.0,850112.0
4700.0,17.19587233,3.7732338757713085E-6,4700.0,58.61702127659575,17.235031686357395,17.198808003405716,14.618086040386306,4700.0,850112.0
4800.0,17.494415549,3.8388908685308975E-6,4800.0,58.75,17.500873688664058,17.258671124111995,14.765389582436516,4800.0,850112.0
4900.0,17.803756422,3.90692253083707E-6,4900.0,58.75510204081633,17.51199057746355,17.409072333469563,14.54545454545456,4900.0,850112.0
5000.0,18.082506112,3.968226439997598E-6,5000.0,58.879999999999995,17.756420759431453,17.727090836334536,14.72418083782662,5000.0,850112.0
5100.0,18.429802257,4.044605399647317E-6,5100.0,58.94117647058823,17.877200138047865,17.978848413631017,14.84343228954859,5100.0,850112.0
5200.0,18.787455133,4.123262059036985E-6,5200.0,59.01923076923077,18.03458151865177,18.446230386528896,15.099601593625486,5200.0,850112.0
5300.0,19.092521419,4.190353634582356E-6,5300.0,59.16981132075472,18.340401736288175,18.70773854244928,15.40265832681782,5300.0,850112.0
5400.0,19.358522877,4.248853894144259E-6,5400.0,59.22222222222222,18.443694887182094,18.924889543446238,15.470249520153544,5400.0,850112.0
5500.0,19.597882676,4.301494997976798E-6,5500.0,59.345454545454544,18.690188726300114,19.13200723327306,15.718055032039194,5500.0,850112.0
5600.0,19.856365707,4.358341770620606E-6,5600.0,59.44642857142857,18.896167503367202,19.325044404973347,15.701559020044536,5600.0,850112.0
5700.0,20.206580413,4.435362593579387E-6,5700.0,59.4561403508772,18.91797066872501,19.2804750261963,15.626140927345752,5700.0,850112.0
5800.0,20.550571127,4.51101460769686E-6,5800.0,59.44827586206897,18.898258621667548,19.34156378600823,15.87982832618027,5800.0,850112.0
5900.0,20.909403198,4.589930601054442E-6,5900.0,59.6271186440678,19.25535068749412,19.79797979797981,16.33298208640675,5900.0,850112.0
6000.0,21.271583819,4.669583022872337E-6,6000.0,59.699999999999996,19.398361100009033,19.80099502487562,16.505524861878452,6000.0,850112.0
6100.0,21.637445603,4.750045022925663E-6,6100.0,59.786885245901644,19.571868402155175,19.915115899445,16.422487223168666,6100.0,850112.0
6200.0,22.003279954,4.830500989787922E-6,6200.0,59.87096774193549,19.740657681646752,20.10276172125884,16.67782987273945,6200.0,850112.0
6300.0,22.35261766,4.907328938887959E-6,6300.0,59.93650793650793,19.872571730052424,20.1518506801645,16.919025674786035,6300.0,850112.0
6400.0,22.700783918,4.983899257775822E-6,6400.0,59.90625000000001,19.81250000000001,20.211442786069664,16.661253653783707,6400.0,850112.0
6500.0,23.046838972,5.060005271005676E-6,6500.0,59.98461538461538,19.96733650500602,20.214723926380362,16.714697406340058,6500.0,850112.0
6600.0,23.38722115,5.134863679350362E-6,6600.0,60.03030303030303,20.056641927147908,20.446320868516292,16.729797979797983,6600.0,850112.0
6700.0,23.733275887,5.210969622864123E-6,6700.0,60.134328358208954,20.266383180451566,20.647653000594175,17.126900403350916,6700.0,850112.0
6800.0,24.085192567,5.288364751744068E-6,6800.0,60.338235294117645,20.672572839219093,21.07111501316945,17.52293577981651,6800.0,850112.0
6900.0,24.445959052,5.367706170292742E-6,6900.0,60.47826086956521,20.95326755732855,21.36678200692041,17.88617886178862,6900.0,850112.0
7000.0,24.800670337,5.445715901510216E-6,7000.0,60.542857142857144,21.085714285714285,21.377739823512666,18.162962962962954,7000.0,850112.0
7100.0,25.160925772,5.524944927601066E-6,7100.0,60.50704225352113,21.01328226146633,21.169524880517287,18.011695906432752,7100.0,850112.0
7200.0,25.521588326,5.604263489167968E-6,7200.0,60.638888888888886,21.275499869787893,21.408763172490293,18.257859821171035,7200.0,850112.0
7300.0,25.870271461,5.680947482014196E-6,7300.0,60.64383561643836,21.28530787188206,21.39534883720931,18.31106056297982,7300.0,850112.0
7400.0,26.215334771,5.756835386359026E-6,7400.0,60.75675675675676,21.509477185678502,21.4710654407788,18.518518518518515,7400.0,850112.0
7500.0,26.560971149,5.832849322444429E-6,7500.0,60.78666666666667,21.569975831143136,21.53148345784419,18.644536652835406,7500.0,850112.0
7600.0,26.909637034,5.909529521591611E-6,7600.0,60.76315789473684,21.52729398109996,21.60883280757098,18.702290076335874,7600.0,850112.0
7700.0,27.266973218,5.988116532625437E-6,7700.0,60.72727272727273,21.455769520475016,21.474941573617247,18.644067796610184,7700.0,850112.0
7800.0,27.576528497,6.056195348081619E-6,7800.0,60.71794871794872,21.432038772712904,21.355236139630396,18.467269824374675,7800.0,850112.0
7900.0,27.81553484,6.10875871825097E-6,7900.0,60.721518987341774,21.441920211907522,21.383329110716996,18.641845831148395,7900.0,850112.0
8000.0,28.065044718,6.163632073968662E-6,8000.0,60.8,21.59964229836798,21.442885771543082,18.77751877751877,8000.0,850112.0
8100.0,28.418897844,6.241453074926449E-6,8100.0,60.81481481481481,21.629968862808134,21.47451756556159,18.636247116124053,8100.0,850112.0
8200.0,28.707224617,6.3048632200661266E-6,8200.0,60.86585365853659,21.728690076809617,21.67439589943861,18.55329949238578,8200.0,850112.0
8300.0,28.960467229,6.360557495749887E-6,8300.0,60.891566265060234,21.776723876172973,21.632061805890864,18.462697814619446,8300.0,850112.0
8400.0,29.196502962,6.412467555755588E-6,8400.0,61.0,21.989174007821497,21.96283944735588,18.588469184890656,8400.0,850112.0
8500.0,29.444087446,6.466917470001922E-6,8500.0,61.10588235294118,22.20088898240446,21.954674220963167,18.831328259268357,8500.0,850112.0
8600.0,29.686677239,6.5202689289159865E-6,8600.0,61.17441860465116,22.335681739059314,22.13152985074627,18.936635105608158,8600.0,850112.0
8700.0,29.935231798,6.574932186501568E-6,8700.0,61.310344827586206,22.607078153314518,22.47812068171349,19.203072491598654,8700.0,850112.0
8800.0,30.280738237,6.650917545806661E-6,8800.0,61.25000000000001,22.484480880572995,22.28805834092982,19.00237529691212,8800.0,850112.0
8900.0,30.649569874,6.732032689540729E-6,8900.0,61.37078651685394,22.72752526655522,22.42779783393502,19.333646175504473,8900.0,850112.0
9000.0,31.018304365,6.813126468481318E-6,9000.0,61.31111111111112,22.609014160638974,22.328797680124918,19.248608534322837,9000.0,850112.0
9100.0,31.30431557,6.876027363295633E-6,9100.0,61.4065934065934,22.79952733576286,22.592021159356392,19.468011923870662,9100.0,850112.0
9200.0,31.625275239,6.946614284459811E-6,9200.0,61.36956521739131,22.72474540511111,22.705524140930848,19.39215241551373,9200.0,850112.0
9300.0,31.885653343,7.003877830241715E-6,9300.0,61.39784946236559,22.780613958300837,22.729229444683597,19.398293668612485,9300.0,850112.0
9400.0,32.126336533,7.0568099802872485E-6,9400.0,61.48936170212767,22.963378853189422,22.88027268853858,19.626998223801085,9400.0,850112.0
9500.0,32.429581947,7.12350110131846E-6,9500.0,61.526315789473685,23.03711108500551,23.05263157894737,19.635004397537376,9500.0,850112.0
9600.0,32.727539201,7.189029225970137E-6,9600.0,61.541666666666664,23.06811724871103,23.035230352303504,19.721678625788194,9600.0,850112.0
9700.0,32.971573018,7.242698261259342E-6,9700.0,61.51546391752577,23.013430961926762,22.95149638802889,19.616709732988806,9700.0,850112.0
9800.0,33.212459338,7.295675084585294E-6,9800.0,61.60204081632653,23.18952571186961,23.078495502861816,19.902085994040014,9800.0,850112.0
9900.0,33.459213289,7.349942344208454E-6,9900.0,61.54545454545455,23.07737208972355,22.981994740036427,19.83575489576754,9900.0,850112.0
10000.0,33.696813406,7.40219645071203E-6,10000.0,61.62,23.2257046262014,23.0707556624574,20.025005209418623,10000.0,850112.0
