learning evaluation instances,evaluation time (cpu seconds),model cost (RAM-Hours),classified instances,classifications correct (percent),Kappa Statistic (percent),Kappa Temporal Statistic (percent),Kappa M Statistic (percent),model training instances,model serialized size (bytes)
100.0,2.063335171,9.548808894800255E-6,100.0,53.0,6.000000000000005,52.52525252525253,6.000000000000005,100.0,1.7888824E7
200.0,5.274981561,2.4473879926211783E-5,200.0,54.50000000000001,9.000000000000007,54.2713567839196,9.000000000000007,200.0,1.7963504E7
300.0,7.923495209,3.678908597157795E-5,300.0,56.00000000000001,12.00000000000001,55.85284280936455,12.00000000000001,300.0,1.797388E7
400.0,10.588178359,4.9187805280210375E-5,400.0,57.49999999999999,14.999999999999991,57.393483709273184,14.999999999999991,400.0,1.798596E7
500.0,13.132788065,6.103694646833512E-5,500.0,60.6,21.199999999999996,60.52104208416833,21.199999999999996,500.0,1.7999816E7
600.0,15.843063395,7.366349985658381E-5,600.0,60.5,20.999999999999996,60.43405676126877,20.999999999999996,600.0,1.8008344E7
700.0,18.344838206,8.532311354245591E-5,700.0,61.857142857142854,23.714285714285708,61.80257510729613,23.714285714285708,700.0,1.8015168E7
800.0,20.862894914,9.706785981682261E-5,800.0,63.24999999999999,26.49999999999999,63.204005006257816,26.49999999999999,800.0,1.8029368E7
900.0,23.360056176,1.0871953825308349E-4,900.0,63.0,26.0,62.95884315906564,26.0,900.0,1.8036168E7
1000.0,25.824116413,1.2022359162344539E-4,1000.0,64.1,28.200000000000003,64.06406406406407,28.200000000000003,1000.0,1.8046872E7
1100.0,28.327658711,1.3191560854284733E-4,1100.0,64.9090909090909,29.81818181818181,64.87716105550501,29.81818181818181,1100.0,1.805248E7
1200.0,30.816393566,1.4354194862005614E-4,1200.0,65.16666666666666,30.33333333333332,65.13761467889908,30.33333333333332,1200.0,1.805788E7
1300.0,33.387227258,1.5555626854516595E-4,1300.0,65.46153846153845,30.92307692307692,65.43494996150885,30.92307692307692,1300.0,1.8064568E7
1400.0,36.129174588,1.683729465170846E-4,1400.0,65.78571428571428,31.571428571428562,65.76125804145818,31.571428571428562,1400.0,1.806836E7
1500.0,38.840551443,1.8104975357771707E-4,1500.0,66.0,32.00000000000001,65.97731821214143,32.00000000000001,1500.0,1.8072672E7
1600.0,41.383815327,1.9294269477860605E-4,1600.0,66.75,33.5,66.729205753596,33.5,1600.0,1.8075912E7
1700.0,44.047805062,2.0540283235407337E-4,1700.0,67.23529411764706,34.470588235294116,67.2160094173043,34.470588235294116,1700.0,1.807976E7
1800.0,46.607779062,2.173786825808159E-4,1800.0,67.16666666666666,34.33333333333333,67.14841578654807,34.33333333333333,1800.0,1.8083112E7
1900.0,49.216963986,2.295872203131096E-4,1900.0,67.3157894736842,34.63157894736841,67.29857819905213,34.63157894736841,1900.0,1.8086776E7
2000.0,51.782098683,2.415920438926482E-4,2000.0,67.15,34.3,67.1335667833917,34.3,2000.0,1.8090392E7
2100.0,54.278410492,2.5327691542067435E-4,2100.0,67.28571428571428,34.57142857142856,67.27012863268223,34.57142857142856,2100.0,1.8093704E7
2200.0,56.835153976,2.65247024084887E-4,2200.0,67.72727272727272,35.45454545454545,67.71259663483401,35.45454545454545,2200.0,1.809728E7
2300.0,59.390625253,2.772132550621933E-4,2300.0,68.13043478260869,36.26086956521739,68.11657242279252,36.26086956521739,2300.0,1.8100424E7
2400.0,61.928975675,2.891016695662752E-4,2400.0,68.33333333333333,36.66666666666667,68.32013338891205,36.66666666666667,2400.0,1.8104008E7
2500.0,64.436960672,3.0084962140316954E-4,2500.0,68.92,37.84,68.90756302521008,37.84,2500.0,1.8106712E7
2600.0,66.951132169,3.126281964196481E-4,2600.0,69.07692307692308,38.15384615384616,69.06502500961909,38.15384615384616,2600.0,1.810924E7
2700.0,69.463267424,3.243989372147436E-4,2700.0,69.2962962962963,38.5925925925926,69.28492034086699,38.5925925925926,2700.0,1.8111864E7
2800.0,72.085484652,3.366874753839758E-4,2800.0,69.75,39.5,69.73919256877457,39.5,2800.0,1.8114816E7
2900.0,74.611494103,3.485271819258587E-4,2900.0,69.89655172413794,39.79310344827587,69.88616764401519,39.79310344827587,2900.0,1.811792E7
3000.0,77.159156676,3.6046990829481705E-4,3000.0,69.93333333333334,39.866666666666674,69.92330776925643,39.866666666666674,3000.0,1.812024E7
3100.0,79.713622593,3.7245219788481666E-4,3100.0,69.6774193548387,39.35483870967742,69.3511574828823,38.72229465449804,3100.0,1.8131848E7
3200.0,82.321109479,3.8468757063994E-4,3200.0,69.59375,39.1875,68.94350462815193,37.90682833439694,3200.0,1.8138336E7
3300.0,85.081186436,3.97640990688286E-4,3300.0,69.54545454545455,39.090909090909086,68.59375,37.18749999999999,3300.0,1.8141184E7
3400.0,87.838507401,4.105834452535471E-4,3400.0,69.70588235294117,39.41176470588235,68.4726048362412,36.964504283965724,3400.0,1.8143944E7
3500.0,90.574106151,4.234261639849883E-4,3500.0,70.0,39.99999999999999,68.4968496849685,37.01259748050389,3500.0,1.8147088E7
3600.0,93.376804509,4.365856272174112E-4,3600.0,70.36111111111111,40.722222222222214,68.61764705882352,37.23529411764705,3600.0,1.814948E7
3700.0,96.066991475,4.4921943435674523E-4,3700.0,70.51351351351352,41.02702702702703,68.53187193539083,37.08189158016148,3700.0,1.815324E7
3800.0,98.728548434,4.6172128294223925E-4,3800.0,70.78947368421052,41.57894736842105,68.58194169261252,37.181663837011875,3800.0,1.8156864E7
3900.0,101.243863294,4.7353841128238485E-4,3900.0,70.7948717948718,41.58974358974359,68.3611111111111,36.72222222222222,3900.0,1.8160256E7
4000.0,104.148878093,4.8718794086955456E-4,4000.0,70.875,41.75,68.23016089446415,36.47764449291167,4000.0,1.8162336E7
4100.0,106.978426838,5.004842552683952E-4,4100.0,70.68292682926828,41.36585365853658,67.8006964907581,35.618639528655585,4100.0,1.8164208E7
4200.0,109.802388867,5.137559945338826E-4,4200.0,70.57142857142857,41.142857142857146,67.47368421052632,34.94736842105263,4200.0,1.8166504E7
4300.0,112.450474688,5.262023927196154E-4,4300.0,70.55813953488372,41.116279069767444,67.26144297905353,34.539813857290596,4300.0,1.8168288E7
4400.0,115.082380886,5.385739643947022E-4,4400.0,70.63636363636364,41.27272727272728,67.1497584541063,34.31621759023895,4400.0,1.817008E7
4500.0,117.738737411,5.510617980089575E-4,4500.0,70.6888888888889,41.37777777777778,67.025,34.05,4500.0,1.8172016E7
4600.0,120.643815184,5.647228786347158E-4,4600.0,70.67391304347827,41.34782608695653,66.81426814268144,34.19512195121952,4600.0,1.8177312E7
4700.0,123.490172636,5.781102608291028E-4,4700.0,70.48936170212767,40.96803404871865,66.43272023233301,33.92091472129586,4700.0,1.8180616E7
4800.0,126.473097061,5.921424084035804E-4,4800.0,70.33333333333334,40.656188774997254,66.07908527870414,33.736621684504435,4800.0,1.8183784E7
4900.0,129.677805668,6.072199463952689E-4,4900.0,70.28571428571428,40.57142857142857,65.86166471277842,33.81818181818183,4900.0,1.8186296E7
5000.0,132.702424427,6.214519364843001E-4,5000.0,70.38,40.75006497089432,65.81255771006464,34.14851044908848,5000.0,1.818852E7
5100.0,135.764113243,6.358606428666551E-4,5100.0,70.41176470588235,40.81386302537992,65.68894952251023,34.36276642018269,5100.0,1.8191408E7
5200.0,138.75613662,6.499431046187481E-4,5200.0,70.42307692307692,40.84615384615384,65.55431131019037,34.55319148936169,5200.0,1.8193488E7
5300.0,141.477715183,6.627551225010936E-4,5300.0,70.37735849056604,40.74542694411753,65.35745807590467,34.55606502709462,5300.0,1.8196968E7
5400.0,144.255802517,6.758349014137004E-4,5400.0,70.46296296296296,40.91688110278611,65.311004784689,34.87137607186607,5400.0,1.8199392E7
5500.0,146.953458047,6.885371975964707E-4,5500.0,70.30909090909091,40.61818181818182,64.994640943194,34.68000000000001,5500.0,1.820112E7
5600.0,149.705225936,7.014955937187981E-4,5600.0,70.33928571428572,40.66989894186064,64.89856297548606,34.83719105531581,5600.0,1.8202952E7
5700.0,152.378990098,7.140879671260743E-4,5700.0,70.47368421052632,40.93899190134444,64.922884535223,35.244324740284725,5700.0,1.820484E7
5800.0,154.996884823,7.264191842839746E-4,5800.0,70.41379310344827,40.82758620689655,64.72764645426516,35.245283018867916,5800.0,1.8207744E7
5900.0,157.844101808,7.398325355791211E-4,5900.0,70.38983050847457,40.77171173333001,64.57826439578264,35.272323082623174,5900.0,1.8210384E7
5995.0,160.649737886,7.530522737562936E-4,5995.0,70.52543786488741,41.04702590968733,64.62462462462463,35.6752821259556,5995.0,1.821352E7
