learning evaluation instances,evaluation time (cpu seconds),model cost (RAM-Hours),classified instances,classifications correct (percent),Kappa Statistic (percent),Kappa Temporal Statistic (percent),Kappa M Statistic (percent),model training instances,model serialized size (bytes)
100.0,2.064488703,9.554147269668696E-6,100.0,53.0,6.000000000000005,52.52525252525253,6.000000000000005,100.0,1.7888824E7
200.0,5.152911815,2.3906578616151097E-5,200.0,54.50000000000001,9.000000000000007,54.2713567839196,9.000000000000007,200.0,1.7963504E7
300.0,7.74922924,3.5979079761159167E-5,300.0,56.00000000000001,12.00000000000001,55.85284280936455,12.00000000000001,300.0,1.797388E7
400.0,10.280392002,4.775653127936342E-5,400.0,57.49999999999999,14.999999999999991,57.393483709273184,14.999999999999991,400.0,1.798596E7
500.0,12.746952184,5.924222976452225E-5,500.0,60.6,21.199999999999996,60.52104208416833,21.199999999999996,500.0,1.7999816E7
600.0,15.19136458,7.063018850043079E-5,600.0,60.5,20.999999999999996,60.43405676126877,20.999999999999996,600.0,1.8008344E7
700.0,17.644679502,8.206401401682353E-5,700.0,61.857142857142854,23.714285714285708,61.80257510729613,23.714285714285708,700.0,1.8015264E7
800.0,20.234590057,9.414390175133727E-5,800.0,63.24999999999999,26.49999999999999,63.204005006257816,26.49999999999999,800.0,1.8029368E7
900.0,22.72012797,1.0574134599497257E-4,900.0,63.0,26.0,62.95884315906564,26.0,900.0,1.8036168E7
1000.0,25.195604143,1.1729869738745448E-4,1000.0,64.1,28.200000000000003,64.06406406406407,28.200000000000003,1000.0,1.8046872E7
1100.0,27.796244577,1.29444181000773E-4,1100.0,64.9090909090909,29.81818181818181,64.87716105550501,29.81818181818181,1100.0,1.805248E7
1200.0,30.232367611,1.4082474040681136E-4,1200.0,65.16666666666666,30.33333333333332,65.13761467889908,30.33333333333332,1200.0,1.805788E7
1300.0,32.652041157,1.5213264110316218E-4,1300.0,65.46153846153845,30.92307692307692,65.43494996150885,30.92307692307692,1300.0,1.8064568E7
1400.0,35.066533418,1.634186966142747E-4,1400.0,65.78571428571428,31.571428571428562,65.76125804145818,31.571428571428562,1400.0,1.806836E7
1500.0,37.47527214,1.7468054536169585E-4,1500.0,66.0,32.00000000000001,65.97731821214143,32.00000000000001,1500.0,1.8072672E7
1600.0,39.940817038,1.8621005304846714E-4,1600.0,66.75,33.5,66.729205753596,33.5,1600.0,1.8075912E7
1700.0,42.376050152,1.976002394407483E-4,1700.0,67.23529411764706,34.470588235294116,67.2160094173043,34.470588235294116,1700.0,1.807976E7
1800.0,44.938017974,2.0958541699411633E-4,1800.0,67.16666666666666,34.33333333333333,67.14841578654807,34.33333333333333,1800.0,1.8083112E7
1900.0,47.537478474,2.2174845354470504E-4,1900.0,67.3157894736842,34.63157894736841,67.29857819905213,34.63157894736841,1900.0,1.8086776E7
2000.0,50.134130195,2.339007767129844E-4,2000.0,67.15,34.3,67.1335667833917,34.3,2000.0,1.8090392E7
2100.0,52.68717278,2.458511967301277E-4,2100.0,67.28571428571428,34.57142857142856,67.27012863268223,34.57142857142856,2100.0,1.8093704E7
2200.0,55.22163426,2.5771698596972634E-4,2200.0,67.72727272727272,35.45454545454545,67.71259663483401,35.45454545454545,2200.0,1.809728E7
2300.0,57.871656932,2.701259626127655E-4,2300.0,68.13043478260869,36.26086956521739,68.11657242279252,36.26086956521739,2300.0,1.8100424E7
2400.0,60.401518189,2.8197461794433957E-4,2400.0,68.33333333333333,36.66666666666667,68.32013338891205,36.66666666666667,2400.0,1.8104008E7
2500.0,62.858206031,2.934822826555013E-4,2500.0,68.92,37.84,68.90756302521008,37.84,2500.0,1.8106712E7
2600.0,65.342885293,3.0512269028651486E-4,2600.0,69.07692307692308,38.15384615384616,69.06502500961909,38.15384615384616,2600.0,1.810924E7
2700.0,67.828816328,3.1677064984172933E-4,2700.0,69.2962962962963,38.5925925925926,69.28492034086699,38.5925925925926,2700.0,1.8111864E7
2800.0,70.34393844,3.2855730647092296E-4,2800.0,69.75,39.5,69.73919256877457,39.5,2800.0,1.8114816E7
2900.0,72.87266427,3.404097450040515E-4,2900.0,69.89655172413794,39.79310344827587,69.88616764401519,39.79310344827587,2900.0,1.811792E7
3000.0,75.356833498,3.5205483241029117E-4,3000.0,69.93333333333334,39.866666666666674,69.92330776925643,39.866666666666674,3000.0,1.812024E7
3100.0,77.795219647,3.63492624073558E-4,3100.0,69.6774193548387,39.35483870967742,69.3511574828823,38.72229465449804,3100.0,1.8131848E7
3200.0,80.211919681,3.748327485098767E-4,3200.0,69.59375,39.1875,68.94350462815193,37.90682833439694,3200.0,1.8138336E7
3300.0,82.791287527,3.8693807589348396E-4,3300.0,69.54545454545455,39.090909090909086,68.59375,37.18749999999999,3300.0,1.8141184E7
3400.0,85.275002224,3.9859626332506345E-4,3400.0,69.70588235294117,39.41176470588235,68.4726048362412,36.964504283965724,3400.0,1.8143944E7
3500.0,87.821586364,4.105516218497627E-4,3500.0,70.0,39.99999999999999,68.4968496849685,37.01259748050389,3500.0,1.8147088E7
3600.0,90.324417423,4.223031231142012E-4,3600.0,70.36111111111111,40.722222222222214,68.61764705882352,37.23529411764705,3600.0,1.814948E7
3700.0,92.809065909,4.3397166889852507E-4,3700.0,70.51351351351352,41.02702702702703,68.53187193539083,37.08189158016148,3700.0,1.815324E7
3800.0,95.396801432,4.461267638997627E-4,3800.0,70.78947368421052,41.57894736842105,68.58194169261252,37.181663837011875,3800.0,1.8156864E7
3900.0,97.946065725,4.581033890938474E-4,3900.0,70.7948717948718,41.58974358974359,68.3611111111111,36.72222222222222,3900.0,1.8160256E7
4000.0,100.629977736,4.707140430623281E-4,4000.0,70.875,41.75,68.23016089446415,36.47764449291167,4000.0,1.8162336E7
4100.0,103.531820825,4.8435007535038363E-4,4100.0,70.68292682926828,41.36585365853658,67.8006964907581,35.618639528655585,4100.0,1.8164208E7
4200.0,106.150447765,4.966568038489845E-4,4200.0,70.57142857142857,41.142857142857146,67.47368421052632,34.94736842105263,4200.0,1.8166504E7
4300.0,108.777713241,5.09005343308924E-4,4300.0,70.55813953488372,41.116279069767444,67.26144297905353,34.539813857290596,4300.0,1.8168288E7
4400.0,111.340323663,5.210511823799324E-4,4400.0,70.63636363636364,41.27272727272728,67.1497584541063,34.31621759023895,4400.0,1.817008E7
4500.0,113.860698565,5.328997509457506E-4,4500.0,70.6888888888889,41.37777777777778,67.025,34.05,4500.0,1.8172016E7
4600.0,116.377161246,5.447333754691147E-4,4600.0,70.67391304347827,41.34782608695653,66.81426814268144,34.19512195121952,4600.0,1.8177312E7
4700.0,118.861978755,5.564203129803938E-4,4700.0,70.48936170212767,40.96803404871865,66.43272023233301,33.92091472129586,4700.0,1.8180616E7
4800.0,121.543973717,5.690368408365394E-4,4800.0,70.33333333333334,40.656188774997254,66.07908527870414,33.736621684504435,4800.0,1.8183784E7
4900.0,124.410974783,5.825255297614561E-4,4900.0,70.28571428571428,40.57142857142857,65.86166471277842,33.81818181818183,4900.0,1.8186296E7
5000.0,127.206414644,5.956791453296504E-4,5000.0,70.38,40.75006497089432,65.81255771006464,34.14851044908848,5000.0,1.818852E7
5100.0,130.079206937,6.091988800691881E-4,5100.0,70.41176470588235,40.81386302537992,65.68894952251023,34.36276642018269,5100.0,1.8191408E7
5200.0,132.878560872,6.223745106552483E-4,5200.0,70.42307692307692,40.84615384615384,65.55431131019037,34.55319148936169,5200.0,1.8193488E7
5300.0,135.377119467,6.341366467311372E-4,5300.0,70.37735849056604,40.74542694411753,65.35745807590467,34.55606502709462,5300.0,1.8196968E7
5400.0,137.869962949,6.458734417588679E-4,5400.0,70.46296296296296,40.91688110278611,65.311004784689,34.87137607186607,5400.0,1.8199392E7
5500.0,140.325200071,6.57434276259697E-4,5500.0,70.30909090909091,40.61818181818182,64.994640943194,34.68000000000001,5500.0,1.820112E7
5600.0,142.84968932,6.693223907427055E-4,5600.0,70.33928571428572,40.66989894186064,64.89856297548606,34.83719105531581,5600.0,1.8202952E7
5700.0,145.470005174,6.816630437245648E-4,5700.0,70.47368421052632,40.93899190134444,64.922884535223,35.244324740284725,5700.0,1.820484E7
5800.0,148.15497802,6.943102227386451E-4,5800.0,70.41379310344827,40.82758620689655,64.72764645426516,35.245283018867916,5800.0,1.8207744E7
5900.0,150.644467499,7.060383056713192E-4,5900.0,70.38983050847457,40.77171173333001,64.57826439578264,35.272323082623174,5900.0,1.8210384E7
5995.0,153.215539354,7.181528122619338E-4,5995.0,70.52543786488741,41.04702590968733,64.62462462462463,35.6752821259556,5995.0,1.821352E7
