learning evaluation instances,evaluation time (cpu seconds),model cost (RAM-Hours),classified instances,classifications correct (percent),Kappa Statistic (percent),Kappa Temporal Statistic (percent),Kappa M Statistic (percent),model training instances,model serialized size (bytes)
100.0,2.028161,9.386028052582922E-6,100.0,53.0,6.000000000000005,52.52525252525253,6.000000000000005,100.0,1.7888824E7
200.0,5.075611808,2.3504182440076552E-5,200.0,48.0,-4.0000000000000036,47.73869346733668,-4.0000000000000036,200.0,1.7907856E7
300.0,7.623075527,3.531283662204759E-5,300.0,47.333333333333336,-5.333333333333334,47.1571906354515,-5.333333333333334,300.0,1.7918216E7
400.0,10.082554389,4.672132706166662E-5,400.0,50.24999999999999,0.49999999999998934,50.125313283208015,0.49999999999998934,400.0,1.7930296E7
500.0,12.369572248,5.733804121940259E-5,500.0,50.2,0.40000000000000036,50.1002004008016,0.40000000000000036,500.0,1.7944152E7
600.0,14.802944903,6.863951691597948E-5,600.0,49.666666666666664,-0.666666666666671,49.58263772954925,-0.666666666666671,600.0,1.7952664E7
700.0,17.215053196,7.984654130469258E-5,700.0,50.28571428571429,0.5714285714285783,50.21459227467812,0.5714285714285783,700.0,1.7959568E7
800.0,19.778659359,9.176686552541103E-5,800.0,49.75,-0.5000000000000004,49.68710888610764,-0.5000000000000004,800.0,1.7973768E7
900.0,22.198175974,1.0302138455226076E-4,900.0,50.0,0.0,49.94438264738598,0.0,900.0,1.7980456E7
1000.0,24.588168649,1.1414518950074824E-4,1000.0,50.5,1.0000000000000009,50.45045045045045,1.0000000000000009,1000.0,1.799116E7
1100.0,27.036714917,1.2554507429239506E-4,1100.0,51.45454545454545,2.9090909090909056,51.41037306642402,2.9090909090909056,1100.0,1.7996768E7
1200.0,29.472999997,1.368912771809349E-4,1200.0,51.33333333333333,2.6666666666666616,51.292743953294405,2.6666666666666616,1200.0,1.8002168E7
1300.0,31.717299982,1.4734723661427994E-4,1300.0,51.0,2.0000000000000018,50.96227867590455,2.0000000000000018,1300.0,1.8008824E7
1400.0,34.071397506,1.5831704067770968E-4,1400.0,50.57142857142857,1.1428571428571344,50.53609721229449,1.1428571428571344,1400.0,1.8012616E7
1500.0,36.564903037,1.6993925040558472E-4,1500.0,50.73333333333333,1.4666666666666606,50.700466977985315,1.4666666666666606,1500.0,1.8016928E7
1600.0,39.018947451,1.8137959929062032E-4,1600.0,50.81250000000001,1.6250000000000098,50.78173858661664,1.6250000000000098,1600.0,1.8020184E7
1700.0,41.304630509,1.9203735075233117E-4,1700.0,50.94117647058823,1.8823529411764683,50.91230135373749,1.8823529411764683,1700.0,1.8024032E7
1800.0,43.606503692,2.0277259011748048E-4,1800.0,51.05555555555556,2.111111111111108,51.02834908282379,2.111111111111108,1800.0,1.8027384E7
1900.0,46.064236657,2.1423704193566348E-4,1900.0,50.89473684210526,1.7894736842105186,50.86887835703001,1.7894736842105186,1900.0,1.8031048E7
2000.0,48.477938679,2.2549836296117354E-4,2000.0,50.849999999999994,1.6999999999999904,50.82541270635318,1.6999999999999904,2000.0,1.8034664E7
2100.0,50.755613938,2.3612699172755394E-4,2100.0,51.19047619047619,2.3809523809523725,51.16722248689851,2.3809523809523725,2100.0,1.8037976E7
2200.0,53.046274462,2.4681833454033396E-4,2200.0,51.590909090909086,3.1818181818181746,51.56889495225102,3.1818181818181746,2200.0,1.8041552E7
2300.0,55.459684346,2.580845560603528E-4,2300.0,51.82608695652174,3.6521739130434883,51.805132666376686,3.6521739130434883,2300.0,1.8044696E7
2400.0,57.775268161,2.6889625526713536E-4,2400.0,51.74999999999999,3.499999999999992,51.72988745310546,3.499999999999992,2400.0,1.804828E7
2500.0,60.15612779,2.8001439944417157E-4,2500.0,51.64,3.279999999999994,51.62064825930373,3.279999999999994,2500.0,1.8050984E7
2600.0,62.439903504,2.906806744939403E-4,2600.0,51.61538461538462,3.230769230769237,51.59676798768758,3.230769230769237,2600.0,1.8053512E7
2700.0,64.650410437,3.0100625145166704E-4,2700.0,51.81481481481482,3.629629629629627,51.79696183771767,3.629629629629627,2700.0,1.8056136E7
2800.0,67.005747667,3.1201014905626325E-4,2800.0,51.714285714285715,3.4285714285714253,51.697034655234006,3.4285714285714253,2800.0,1.8059088E7
2900.0,69.396952046,3.23183534511624E-4,2900.0,52.0,4.0000000000000036,51.9834425664022,4.0000000000000036,2900.0,1.8062192E7
3000.0,71.68975021,3.338984731551045E-4,3000.0,51.800000000000004,3.600000000000003,51.78392797599201,3.600000000000003,3000.0,1.8064512E7
3100.0,74.005406669,3.4472718942978113E-4,3100.0,52.29032258064517,4.580645161290331,51.776980762960555,3.5853976531942777,3100.0,1.807612E7
3200.0,76.70458221,3.5735388840282416E-4,3200.0,52.53124999999999,5.062499999999992,51.51611873603574,3.0631780472239973,3200.0,1.8082608E7
3300.0,79.18833617,3.689746787275169E-4,3300.0,52.6060606060606,5.212121212121201,51.125,2.2499999999999916,3300.0,1.8085456E7
3400.0,81.481901454,3.797072670513573E-4,3400.0,52.8235294117647,5.647058823529405,50.902969084787266,1.8359853121174965,3400.0,1.8088216E7
3500.0,83.909927421,3.910710301699198E-4,3500.0,52.88571428571428,5.771428571428561,50.52505250525052,1.079784043191356,3500.0,1.809136E7
3600.0,86.284076735,4.0218410635574966E-4,3600.0,53.083333333333336,6.166666666666676,50.32352941176471,0.6470588235294189,3600.0,1.8093752E7
3700.0,88.548670773,4.127865717150972E-4,3700.0,53.10810810810811,6.216216216216219,49.95673492933372,-0.05767012687427854,3700.0,1.8097512E7
3800.0,90.924473184,4.239119241946765E-4,3800.0,53.23684210526316,6.47368421052632,49.70280215114634,-0.5659309564233181,3800.0,1.8101136E7
3900.0,93.206319091,4.3459930168347766E-4,3900.0,53.12820512820513,6.256410256410261,49.22222222222222,-1.5555555555555451,3900.0,1.8104528E7
4000.0,95.782549392,4.466668601803393E-4,4000.0,53.300000000000004,6.600000000000006,49.059176438505595,-1.8538713195201637,4000.0,1.8106608E7
4100.0,98.498042965,4.593880697231649E-4,4100.0,53.36585365853659,6.731707317073177,48.78114117331906,-2.4102838778789524,4100.0,1.810848E7
4200.0,101.355498841,4.72776024025535E-4,4200.0,53.4047619047619,6.809523809523799,48.49999999999999,-3.000000000000024,4200.0,1.8110776E7
4300.0,103.958246346,4.849718018847537E-4,4300.0,53.51162790697674,7.023255813953488,48.30618050168089,-3.360910031023781,4300.0,1.811256E7
4400.0,106.494251514,4.968560186955816E-4,4400.0,53.56818181818181,7.13636363636363,48.05491990846682,-3.863751906456545,4400.0,1.8114352E7
4500.0,109.226397764,5.09660759405124E-4,4500.0,53.422222222222224,6.844444444444453,47.60000000000001,-4.799999999999996,4500.0,1.8116288E7
4600.0,112.093769916,5.231031914244994E-4,4600.0,53.391304347826086,6.78260869565217,47.25707257072571,-4.585365853658545,4600.0,1.8121584E7
4700.0,114.479303921,5.342887730808835E-4,4700.0,53.36170212765957,6.734229671123727,46.95062923523717,-4.430681276798483,4700.0,1.8124888E7
4800.0,116.989777003,5.460622417531268E-4,4800.0,53.29166666666667,6.593987456639069,46.593616007622686,-4.327594229874341,4800.0,1.8128056E7
4900.0,119.414026919,5.574329215179883E-4,4900.0,53.42857142857142,6.8571428571428505,46.4947245017585,-3.727272727272722,4900.0,1.8130568E7
5000.0,121.865644914,5.689333788111333E-4,5000.0,53.52,7.050365743212322,46.35272391505078,-3.3348154735438005,5000.0,1.8132792E7
5100.0,124.181202628,5.797973119342215E-4,5100.0,53.72549019607843,7.460956535097095,46.33924511141428,-2.653327533710309,5100.0,1.813568E7
5200.0,126.78477903,5.920139471691702E-4,5200.0,53.75,7.499999999999996,46.136618141097415,-2.34042553191491,5200.0,1.813776E7
5300.0,129.342296458,6.040167645929596E-4,5300.0,53.86792452830189,7.7453602505060655,46.05030891438659,-1.9174656106710926,5300.0,1.814124E7
5400.0,131.968949249,6.163456919165352E-4,5400.0,53.94444444444444,7.898162242649362,45.9112657677251,-1.5516537362188707,5400.0,1.8143664E7
5500.0,134.281190812,6.27199876119625E-4,5500.0,54.03636363636364,8.072727272727276,45.80921757770632,-1.1199999999999875,5500.0,1.8145392E7
5600.0,136.811824905,6.390804435586569E-4,5600.0,54.01785714285714,8.044604871110659,45.5832628909552,-1.0200078462142077,5600.0,1.8147224E7
5700.0,139.099181245,6.498200121792071E-4,5700.0,54.10526315789473,8.219147896602626,45.477282200917045,-0.654097729896111,5700.0,1.8149112E7
5800.0,141.358779308,6.604309480248122E-4,5800.0,54.0344827586207,8.068965517241388,45.20041109969168,-0.6037735849056568,5800.0,1.8152016E7
5900.0,143.745601417,6.716409504236782E-4,5900.0,54.08474576271186,8.177721502697825,45.07299270072993,-0.3705075954057243,5900.0,1.8154656E7
5995.0,145.902241654,6.817716251163449E-4,5995.0,54.02835696413678,8.06075321513196,44.82482482482483,-0.3276301419730516,5995.0,1.8157792E7
