learning evaluation instances,evaluation time (cpu seconds),model cost (RAM-Hours),classified instances,classifications correct (percent),Kappa Statistic (percent),Kappa Temporal Statistic (percent),Kappa M Statistic (percent),model training instances,model serialized size (bytes)
100.0,0.551588094,1.1345149733521045E-7,100.0,33.0,0.0,-42.55319148936171,-179.16666666666669,100.0,795056.0
200.0,1.468715552,3.152187018413262E-7,200.0,45.5,-3.376327769347493,-8.999999999999996,-47.2972972972973,200.0,850400.0
300.0,1.860479741,4.014064662034478E-7,300.0,48.0,-2.1477213200628635,-6.849315068493149,-45.79439252336448,300.0,850400.0
400.0,2.301416914,4.984122422087276E-7,400.0,49.25,-2.608168216740794,-7.978723404255327,-41.95804195804194,400.0,850400.0
500.0,2.677342082,5.811154363931633E-7,500.0,50.2,-2.7058241214321113,-2.469135802469138,-39.88764044943821,500.0,850400.0
600.0,3.047351233,6.625171122319334E-7,600.0,50.83333333333333,-2.732570287651213,-2.4305555555555656,-41.148325358851665,600.0,850400.0
700.0,3.411381149,7.426033618226813E-7,700.0,51.42857142857142,-2.7039623016044407,-1.492537313432854,-40.49586776859504,700.0,850400.0
800.0,3.787864678,8.254293949179931E-7,800.0,51.125,-4.176380470259126,-2.8947368421052717,-36.7132867132867,800.0,850400.0
900.0,4.139302655,9.027454294103053E-7,900.0,52.0,-3.615344025328202,-2.612826603325421,-35.84905660377356,900.0,850400.0
1000.0,4.53401738,9.895823090020732E-7,1000.0,52.6,-2.338234341602437,0.0,-30.21978021978022,1000.0,850400.0
1100.0,4.954778888,1.0821494571038997E-6,1100.0,53.27272727272727,-1.537245887508085,1.720841300191204,-28.17955112219453,1100.0,850400.0
1200.0,5.313200575,1.1610019014283352E-6,1200.0,54.0,-0.5623231354069199,2.9876977152899813,-27.482678983833708,1200.0,850400.0
1300.0,5.583282587,1.2204196978025304E-6,1300.0,53.38461538461539,-1.5907895144068533,2.1001615508885316,-27.044025157232703,1300.0,850400.0
1400.0,5.852081255,1.2795551596669026E-6,1400.0,53.42857142857142,-2.0663744520976883,1.9548872180451013,-27.592954990215272,1400.0,850400.0
1500.0,6.19436623,1.3548575420650922E-6,1500.0,53.53333333333333,-2.035836976889446,2.5174825174825197,-27.18978102189783,1500.0,850400.0
1600.0,6.534891901,1.4297728791874482E-6,1600.0,53.31249999999999,-2.613061530061048,2.480417754569184,-25.969645868465445,1600.0,850400.0
1700.0,6.798604779,1.4877894718891383E-6,1700.0,53.64705882352941,-2.310150364455085,2.354399008674112,-26.079999999999988,1700.0,850400.0
1800.0,7.068129841,1.5470847397711708E-6,1800.0,53.5,-2.462751328220838,3.348729792147821,-25.864661654135325,1800.0,850400.0
1900.0,7.334377857,1.6056590605212747E-6,1900.0,53.63157894736842,-2.462929953772631,4.239130434782594,-24.964539007092192,1900.0,850400.0
2000.0,7.662522016,1.6778504762933237E-6,2000.0,53.7,-2.4903154399557237,3.642039542143615,-24.966261808367047,2000.0,850400.0
2100.0,7.9182962,1.7341205635536627E-6,2100.0,52.95238095238095,-2.2604951560818005,1.984126984126977,-26.82926829268294,2100.0,850400.0
2200.0,8.244109866,1.8057992729906985E-6,2200.0,53.04545454545454,0.017421940029787465,3.186504217432039,-23.86091127098321,2200.0,850400.0
2300.0,8.609979925,1.8862903523635696E-6,2300.0,52.26086956521739,-0.3490401396160604,1.2589928057554067,-26.35212888377444,2300.0,850400.0
2400.0,8.975743666,1.9667580418733834E-6,2400.0,51.916666666666664,0.2515320984346129,0.25929127052722006,-26.396495071193883,2400.0,850400.0
2500.0,9.338748582,2.0466187923987454E-6,2500.0,51.72,1.0191014272930787,0.5766062602965454,-25.729166666666664,2500.0,850400.0
2600.0,9.674870577,2.120565324816455E-6,2600.0,51.26923076923077,1.0735302773496616,-1.1980830670926474,-26.700000000000017,2600.0,850400.0
2700.0,9.952760461,2.1817008459112874E-6,2700.0,50.888888888888886,1.192250372578234,-1.6091954022988728,-27.377521613832872,2700.0,850400.0
2800.0,10.211216564,2.2385609529062027E-6,2800.0,50.857142857142854,1.9244476122594505,-1.8504811250925173,-26.12282309807515,2800.0,850400.0
2900.0,10.459312096,2.2931417437280795E-6,2900.0,50.48275862068966,1.891308649886458,-2.5714285714285676,-26.967285587975226,2900.0,850400.0
3000.0,10.751549842,2.357433781380264E-6,3000.0,50.5,2.52605212788581,-2.061855670103095,-25.634517766497456,3000.0,850400.0
3100.0,11.107921071,2.4358351268143453E-6,3100.0,50.32258064516129,2.7300777996378125,-2.5299600532623305,-25.509372453137765,3100.0,850400.0
3200.0,11.414611213,2.503306678408566E-6,3200.0,50.0,2.637015581120105,-3.225806451612903,-26.282557221783726,3200.0,850400.0
3300.0,11.745480804,2.576097686735515E-6,3300.0,49.96969696969697,2.996474735605178,-3.123048094940671,-25.45592705167173,3300.0,850400.0
3400.0,12.100580915,2.6542193873686254E-6,3400.0,49.705882352941174,2.9342116334699617,-3.4482758620689578,-26.01326455416358,3400.0,850400.0
3500.0,12.469024924,2.7352767333945213E-6,3500.0,49.628571428571426,3.1369773902035942,-3.1597425394967766,-25.569800569800577,3500.0,850400.0
3600.0,12.830822103,2.8148717828811204E-6,3600.0,49.666666666666664,3.477371516236247,-3.07167235494882,-24.536082474226806,3600.0,850400.0
3700.0,13.205009897,2.897192756369726E-6,3700.0,49.486486486486484,3.462145401060738,-3.6031042128603077,-24.766355140186924,3700.0,850400.0
3800.0,13.576710372,2.9789665219463156E-6,3800.0,49.34210526315789,3.4804055327168992,-3.2171581769436983,-24.83787289234762,3800.0,850400.0
3900.0,13.946009678,3.0602120325323356E-6,3900.0,49.358974358974365,3.7027646589333947,-2.9181865554976585,-24.057788944723608,3900.0,850400.0
4000.0,14.349445671,3.148967583131889E-6,4000.0,49.125,3.564237354238657,-3.8795303726390937,-24.69362745098038,4000.0,850400.0
4100.0,14.753036325,3.2377571590104196E-6,4100.0,48.92682926829268,3.4665421741042812,-4.230960676953712,-25.164375373580388,4100.0,850400.0
4200.0,15.119861361,3.318458332452525E-6,4200.0,48.76190476190476,3.4041941970697915,-4.669260700389116,-25.481049562682216,4200.0,850400.0
4300.0,15.469963897,3.395480571142517E-6,4300.0,48.72093023255814,3.48746024068129,-4.750593824228026,-25.141884222474463,4300.0,850400.0
4400.0,15.812654651,3.47087222455071E-6,4400.0,48.70454545454545,3.586974630174672,-4.781801299907156,-24.696132596685075,4400.0,850400.0
4500.0,16.158549757,3.546968832477115E-6,4500.0,48.51111111111111,3.4641254858041886,-5.366075488858567,-25.243243243243253,4500.0,850400.0
4600.0,16.533006092,3.6293488847408603E-6,4600.0,48.369565217391305,3.3987033055416234,-5.837789661319076,-25.528541226215655,4600.0,850400.0
4700.0,16.901725776,3.7104668790153903E-6,4700.0,48.319148936170215,3.4316067421509016,-5.792682926829267,-25.335397316821474,4700.0,850400.0
4800.0,17.270074718,3.79150331038797E-6,4800.0,48.083333333333336,3.2518557629592757,-6.35936833119931,-26.177215189873404,4800.0,850400.0
4900.0,17.635598975,3.87191831363615E-6,4900.0,48.16326530612245,3.4144984724497793,-5.789254477301126,-25.30833744449927,4900.0,850400.0
5000.0,17.987609269,3.949360257346613E-6,5000.0,48.120000000000005,3.434543660094358,-5.66191446028513,-25.132657983598655,5000.0,850400.0
5100.0,18.343974263,4.027760231086379E-6,5100.0,47.78431372549019,3.145239138471651,-6.605284227381916,-26.56844106463877,5100.0,850400.0
5200.0,18.684942285,4.102772885025391E-6,5200.0,47.63461538461539,3.051738147945588,-6.994106090373268,-27.00559701492538,5200.0,850400.0
5300.0,19.028269477,4.178304554213268E-6,5300.0,47.283018867924525,2.7574279765885277,-7.834812813585501,-28.57800276115968,5300.0,850400.0
5400.0,19.387601794,4.257357336307374E-6,5400.0,46.925925925925924,2.4661388025500908,-9.09783022459078,-30.213539300318025,5400.0,850400.0
5500.0,19.738191569,4.334486767133093E-6,5500.0,46.63636363636364,2.2469545013695362,-9.719626168224305,-31.496415770609303,5500.0,850400.0
5600.0,20.075417762,4.408676222103974E-6,5600.0,46.339285714285715,2.026151355739625,-10.559234731420167,-32.847038019451816,5600.0,850400.0
5700.0,20.412267128,4.482782775478454E-6,5700.0,45.98245614035088,1.7570575851659258,-11.59840521928235,-34.57167832167831,5700.0,850400.0
5800.0,20.711667831,4.548650657139321E-6,5800.0,45.758620689655174,1.6130736828937218,-12.236889047449154,-35.54502369668248,5800.0,850400.0
5900.0,21.00830125,4.6139097388434495E-6,5900.0,45.50847457627118,1.4489859197547341,-13.204225352112688,-36.69217687074829,5900.0,850400.0
6000.0,21.261799489,4.669679120279037E-6,6000.0,45.36666666666667,1.3801958917841577,-13.386371497751643,-37.21222268731687,6000.0,850400.0
6100.0,21.511905283,4.72470216690792E-6,6100.0,45.19672131147541,1.2879812043308676,-13.823629553966626,-37.91254125412541,6100.0,850400.0
6200.0,21.754383169,4.778047080732071E-6,6200.0,44.887096774193544,1.082991227485307,-14.779979845482044,-39.469387755102055,6200.0,850400.0
6300.0,21.991852514,4.8302901201031024E-6,6300.0,44.698412698412696,0.9799686228144031,-15.249751902084022,-40.31413612565446,6300.0,850400.0
6400.0,22.238011845,4.884444948470443E-6,6400.0,44.53125,0.8953961375027424,-15.899444988573286,-41.04092173222089,6400.0,850400.0
6500.0,22.532872371,4.949313995331128E-6,6500.0,44.353846153846156,0.8039644491669755,-16.264866602378643,-41.84313725490194,6500.0,850400.0
6600.0,22.871994702,5.023920598933076E-6,6600.0,44.18181818181818,0.7179354504883316,-17.138314785373595,-42.62485481997677,6600.0,850400.0
6700.0,23.186599459,5.093133358610604E-6,6700.0,43.92537313432836,0.5706505767336091,-17.99623115577889,-43.946360153256705,6700.0,850400.0
6800.0,23.429392741,5.146547659267171E-6,6800.0,43.6764705882353,0.4324330606528841,-18.61257355218334,-45.240803943875605,6800.0,850400.0
6900.0,23.672124889,5.199948510499481E-6,6900.0,43.44927536231884,0.31297013276794083,-19.21784295753133,-46.416510318949335,6900.0,850400.0
7000.0,23.932871073,5.257312433226258E-6,7000.0,43.24285714285715,0.21068029541456276,-19.921521279806814,-47.475872308834425,7000.0,850400.0
7100.0,24.211418074,5.318592519461918E-6,7100.0,43.014084507042256,0.09515211122224253,-20.740077588779478,-48.69533259830946,7100.0,850400.0
7200.0,24.501317804,5.3823701957259495E-6,7200.0,42.84722222222222,0.023931088184239203,-21.136296732410948,-49.52761627906976,7200.0,850400.0
7300.0,24.852825543,5.459701577794651E-6,7300.0,42.65753424657534,-0.06129850670026797,-21.934168365860764,-50.52139518158938,7300.0,850400.0
7400.0,25.202259605,5.536576752814171E-6,7400.0,42.513513513513516,-0.11517844262564836,-22.452504317789302,-51.22644863135445,7400.0,850400.0
7500.0,25.542252633,5.6113749089622E-6,7500.0,42.306666666666665,-0.20865261766214674,-23.41699942954934,-52.35915492957746,7500.0,850400.0
7600.0,25.889720754,5.687817578754301E-6,7600.0,42.0921052631579,-0.30498502064720484,-24.076684522131377,-53.55896720167481,7600.0,850400.0
7700.0,26.191556251,5.754221112875078E-6,7700.0,42.05194805194805,-0.29129879704385914,-24.15136338341682,-53.597246127366596,7700.0,850400.0
7800.0,26.520457213,5.82657902461706E-6,7800.0,41.85897435897436,-0.3721370829206153,-25.034463744141167,-54.672578444747636,7800.0,850400.0
7900.0,26.865407754,5.902467829104736E-6,7900.0,41.78481012658228,-0.3800462301721447,-25.14285714285713,-54.952830188679236,7900.0,850400.0
8000.0,27.216185625,5.979638640878946E-6,8000.0,41.675000000000004,-0.4096221942708777,-25.430107526881727,-55.48150616461177,8000.0,850400.0
8100.0,27.575591231,6.058707546486225E-6,8100.0,41.641975308641975,-0.39428052535496394,-25.5844845908608,-55.49342105263156,8100.0,850400.0
8200.0,27.941797196,6.139272524872811E-6,8200.0,41.78048780487805,-0.28090169711186125,-24.843096234309638,-54.348528936307794,8200.0,850400.0
8300.0,28.287038372,6.215225268795482E-6,8300.0,41.68674698795181,-0.30363747750584585,-25.096924269837157,-54.780940198273086,8300.0,850400.0
8400.0,28.630812273,6.290855213556041E-6,8400.0,41.726190476190474,-0.25129384586081516,-25.063873275421543,-54.31904161412358,8400.0,850400.0
8500.0,28.962260941,6.363773618294977E-6,8500.0,41.77647058823529,-0.19472787543969375,-24.62855703852934,-53.79117464263518,8500.0,850400.0
8600.0,29.219429374,6.420350439064014E-6,8600.0,41.77906976744186,-0.1663973398757008,-24.89398852581691,-53.588957055214706,8600.0,850400.0
8700.0,29.464038898,6.474164311304498E-6,8700.0,41.758620689655174,-0.15188096850493654,-24.74150664697194,-53.545454545454554,8700.0,850400.0
8800.0,29.725553165,6.531697211590922E-6,8800.0,41.840909090909086,-0.08271783830716238,-24.616508400292194,-52.821737832188695,8800.0,850400.0
8900.0,30.022803989,6.597092121832089E-6,8900.0,41.831460674157306,-0.06465774483029177,-24.477037749459,-52.71386430678465,8900.0,850400.0
9000.0,30.318219309,6.662083222866902E-6,9000.0,41.922222222222224,0.005586066360938216,-24.127285680360956,-51.94767441860465,9000.0,850400.0
9100.0,30.590028913,6.721881087905847E-6,9100.0,41.96703296703297,0.04979093630252837,-23.996243249589114,-51.491681009753286,9100.0,850400.0
9200.0,30.833799173,6.775510322831588E-6,9200.0,41.94565217391305,0.05821117190764923,-23.949872360176382,-51.474758933635826,9200.0,850400.0
9300.0,31.076471276,6.828897964218648E-6,9300.0,42.02150537634409,0.11602297895571677,-23.698095893553557,-50.82517482517483,9300.0,850400.0
9400.0,31.417577707,6.903941068011456E-6,9400.0,42.02127659574468,0.1334776599193783,-23.582766439909282,-50.677356925628956,9400.0,850400.0
9500.0,31.755026537,6.978179502919332E-6,9500.0,42.07368421052632,0.17673120816963608,-23.164726947179943,-50.191048034934525,9500.0,850400.0
9600.0,32.113313815,7.057002377386324E-6,9600.0,42.145833333333336,0.22863522599228925,-23.012181616832773,-49.58254780500945,9600.0,850400.0
9700.0,32.469288652,7.1353165169418425E-6,9700.0,42.175257731958766,0.25798184733511836,-22.977417233062916,-49.25492283129322,9700.0,850400.0
9800.0,32.796506459,7.207304136118557E-6,9800.0,42.183673469387756,0.27607500792018763,-22.561107505948506,-49.06603525388054,9800.0,850400.0
9900.0,33.142191449,7.28335451871655E-6,9900.0,42.25252525252525,0.3229001032164394,-22.28877005347594,-48.49350649350651,9900.0,850400.0
10000.0,33.495895499,7.361169087202615E-6,10000.0,42.24,0.32924480766442665,-22.476675148430868,-48.445129786687225,10000.0,850400.0
