learning evaluation instances,evaluation time (cpu seconds),model cost (RAM-Hours),classified instances,classifications correct (percent),Kappa Statistic (percent),Kappa Temporal Statistic (percent),Kappa M Statistic (percent),model training instances,model serialized size (bytes)
1000.0,9.783118755,1.0011834738098086E-5,1000.0,61.1,-1.1345791865556096,15.065502183406105,-11.461318051575942,1000.0,3955840.0
2000.0,18.990377221,1.943434635847824E-5,2000.0,61.550000000000004,-1.0541697657487799,13.885778275475936,-5.486968449931386,2000.0,3955840.0
3000.0,28.004884128,2.86596001511097E-5,3000.0,62.53333333333333,-0.6514284622659017,15.805243445692865,-3.690036900369028,3000.0,3955840.0
4000.0,37.077475026,3.794429585928818E-5,4000.0,63.05,-0.4650758110277915,18.070953436807077,-2.7816411682892928,4000.0,3955840.0
5000.0,46.083880529,4.716125884813551E-5,5000.0,63.160000000000004,-0.3844473645430938,17.583892617449667,-2.2197558268590165,5000.0,3955840.0
6000.0,55.081452776,5.636918207149639E-5,6000.0,63.583333333333336,-0.2923855817646455,19.610007358351726,-1.8648018648018456,6000.0,3955840.0
7000.0,64.063911137,6.556163806680128E-5,7000.0,63.642857142857146,-0.25425130924229644,19.892980799496385,-1.596806387225537,7000.0,3955840.0
8000.0,73.060347091,7.476839843218046E-5,8000.0,63.87500000000001,-0.21065041566615128,20.538905691503988,-1.403508771929826,8000.0,3955840.0
9000.0,82.06922646,8.398789312264325E-5,9000.0,63.62222222222223,-0.20821107428263905,20.126860209807273,-1.2368583797155308,9000.0,3955840.0
10000.0,91.07555058,9.320477282586695E-5,10000.0,63.42,-0.20228919224353903,20.1832860571678,-1.105583195135435,10000.0,3955840.0
11000.0,100.088216537,1.0242814262959644E-4,11000.0,63.5090909090909,-0.18120377901451906,20.750246791707784,-1.0065425264217478,11000.0,3955840.0
12000.0,109.096079764,1.1164659742204415E-4,12000.0,63.55833333333333,-0.16527767099200522,20.86500180962721,-0.9231479344565181,12000.0,3955840.0
13000.0,118.081401967,1.2084198421207187E-4,13000.0,63.53076923076924,-0.15508576192586349,21.232762917428147,-0.8508827908955574,13000.0,3955840.0
14000.0,127.204406018,1.301782716640595E-4,14000.0,63.56428571428572,-0.14358953418013418,21.474753694581285,-0.7903576368306445,14000.0,3955840.0
15000.0,136.222328868,1.394070212597827E-4,15000.0,63.44,-0.13973303083163452,21.601143674052896,-0.7347538574577624,15000.0,3955840.0
16000.0,145.243297059,1.4863888739242802E-4,16000.0,63.31875,-0.13611533380546761,21.484949832775918,-0.6862240521530133,16000.0,3955840.0
17000.0,154.205749092,1.5781086933905084E-4,17000.0,63.36470588235294,-0.1270719937441698,21.482602118003033,-0.6464124111182851,17000.0,3955840.0
18000.0,163.159661711,1.669741122318127E-4,18000.0,63.47222222222222,-0.11695961839323785,21.567457950614337,-0.6120887528691699,18000.0,3955840.0
19000.0,172.143134835,1.761676067138935E-4,19000.0,63.526315789473685,-0.10951450192801149,21.41966209320785,-0.580551523947746,19000.0,3955840.0
20000.0,181.160441924,1.8539572615296375E-4,20000.0,63.605000000000004,-0.1020438502235953,21.443988776170954,-0.5525625086337898,20000.0,3955840.0
21000.0,190.159436911,1.9460510537804677E-4,21000.0,62.62857142857143,1.4696004470576136,19.59016393442623,-2.3741194886511687,21000.0,3955840.0
22000.0,199.172446267,2.0382882660897685E-4,22000.0,61.836363636363636,3.0576089469316554,17.967757694186606,-3.4499753573188676,22000.0,3955840.0
23000.0,208.216158236,2.1308396823815435E-4,23000.0,60.991304347826095,3.7476806710784474,16.141695485559403,-5.021655156268272,23000.0,3955840.0
24000.0,217.352987916,2.2243440454350506E-4,24000.0,60.27916666666666,4.3901419780816475,14.876328243593159,-6.217270194986101,24000.0,3955840.0
25000.0,226.395543894,2.3168836315618847E-4,25000.0,59.675999999999995,4.944118796357691,13.542024013722125,-7.142097991284943,25000.0,3955840.0
26000.0,235.417883116,2.4092163237266997E-4,26000.0,59.13846153846154,5.215702390921428,12.79651974062219,-8.198390874834512,26000.0,3955840.0
27000.0,244.445511183,2.501603140801394E-4,27000.0,58.62962962962963,5.455036548357415,11.845947439034024,-8.933099278330404,27000.0,3955840.0
28000.0,253.480202215,2.594062238751045E-4,28000.0,58.15714285714285,5.476013509765716,11.080752884031552,-9.751756440281051,28000.0,3955840.0
29000.0,262.473455579,2.6860972724586705E-4,29000.0,57.7551724137931,5.704810275304175,10.34760336626416,-10.230340111570996,29000.0,3955840.0
30000.0,271.46370907,2.7781016061068737E-4,30000.0,57.41333333333334,5.96846475530842,9.671945701357483,-10.442600276625145,30000.0,3955840.0
31000.0,280.456087877,2.8701276897849916E-4,31000.0,56.99677419354838,5.87053996651215,9.04687180186941,-11.073154474254308,31000.0,3955840.0
32000.0,289.444555354,2.9621137457474633E-4,32000.0,56.73125,5.981243950780703,8.613292851956965,-11.391794046661307,32000.0,3955840.0
33000.0,298.488845749,3.054671081527354E-4,33000.0,56.45454545454546,5.979614438975956,8.255123539551814,-11.71577392521184,33000.0,3955840.0
34000.0,307.519344233,3.147087273836422E-4,34000.0,56.25588235294118,6.081185740770391,7.9925765542839535,-11.961758506473966,34000.0,3955840.0
35000.0,316.57738224,3.239785299740632E-4,35000.0,55.97714285714286,6.004055448822628,7.64251033986694,-12.139737991266372,35000.0,3955840.0
36000.0,325.605228972,3.3321743545862236E-4,36000.0,55.794444444444444,6.1189377739230055,7.444457368849601,-12.117796251937447,36000.0,3955840.0
37000.0,334.581823365,3.424038903943474E-4,37000.0,55.586486486486486,6.06998366384794,7.110960375332096,-12.439274717755726,37000.0,3955840.0
38000.0,343.586147687,3.516187235470194E-4,38000.0,55.318421052631585,5.851018845538275,6.534184740724445,-13.027559579283714,38000.0,3955840.0
39000.0,352.594075125,3.6083724405163277E-4,39000.0,55.05897435897435,5.6427343567852635,6.0063280956722105,-13.443365695792881,39000.0,3955840.0
40000.0,361.585742344,3.7003912419548697E-4,40000.0,54.8825,5.598271490593779,5.680986725201224,-13.6962136962137,40000.0,3955840.0
41000.0,370.616577968,3.792810884482675E-4,41000.0,54.75853658536586,5.608798568799597,5.579027742428104,-13.811510614799346,41000.0,3955840.0
42000.0,379.615136934,3.884900214587738E-4,42000.0,54.595238095238095,5.519097429295615,5.373889743462515,-14.068668501016852,42000.0,3955840.0
43000.0,388.619954822,3.9770535971634616E-4,43000.0,54.46046511627907,5.486213562737893,5.2086358795623955,-14.074332983805208,43000.0,3955840.0
44000.0,397.598426797,4.068937361293794E-4,44000.0,54.336363636363636,5.460777502590905,5.08762813548113,-14.275964054146275,44000.0,3955840.0
45000.0,406.598179379,4.1610389066100103E-4,45000.0,54.20444444444444,5.403809233634805,4.808536191048087,-14.43167305236271,45000.0,3955840.0
46000.0,415.582223674,4.2529796966728136E-4,46000.0,54.05652173913044,5.287077169883125,4.487729922718852,-14.77760278064412,46000.0,3955840.0
47000.0,424.603203123,4.345298473211234E-4,47000.0,53.96595744680851,5.256026848132039,4.358588984174698,-14.773752055593883,47000.0,3955840.0
48000.0,433.616337591,4.437536965890015E-4,48000.0,53.89583333333333,5.284520969117534,4.261302184728528,-14.889419582597851,48000.0,3955840.0
49000.0,442.683284179,4.530326160309048E-4,49000.0,53.74285714285715,5.1347511236502825,3.8965444138223657,-15.202033036848785,49000.0,3955840.0
50000.0,451.665375886,4.622246968003389E-4,50000.0,53.598,5.018784345896984,3.670334232925063,-15.273016346201615,50000.0,3955840.0
51000.0,460.698603531,4.714691089963103E-4,51000.0,53.87254901960784,5.265262397713672,3.9835108771070438,-15.211322787599793,51000.0,3955840.0
52000.0,469.711320817,4.8069253132904187E-4,52000.0,54.138461538461534,5.4469353039448025,4.274876570465222,-14.974447979944081,52000.0,3955840.0
53000.0,478.6819243,4.898728552954561E-4,53000.0,54.45660377358491,5.723211270608173,4.619275299324313,-14.778887303851619,53000.0,3955840.0
54000.0,487.612638599,4.990123575231133E-4,54000.0,54.75185185185185,5.959981294971332,5.059061237177489,-14.589879472869688,54000.0,3955840.0
55000.0,496.563544525,5.081725234304907E-4,55000.0,55.01636363636364,6.143254337450014,5.377289937660171,-14.388090064265569,55000.0,3955840.0
56000.0,505.538191095,5.173569850057686E-4,56000.0,55.28214285714286,6.330526468179487,5.8217374952989935,-14.206229762393408,56000.0,3955840.0
57000.0,514.505313221,5.265337462258009E-4,57000.0,55.52982456140351,6.488984371991996,6.14285185322324,-14.01070480816806,57000.0,3955840.0
58000.0,523.500686547,5.357394191203857E-4,58000.0,55.78965517241379,6.670932841395116,6.497957992998828,-13.827851023216608,58000.0,3955840.0
59000.0,532.460168472,5.449083615219314E-4,59000.0,55.97796610169492,6.736182065059255,6.796569419026096,-13.627613964476309,59000.0,3955840.0
60000.0,541.465753626,5.541244849831371E-4,60000.0,56.18833333333333,6.84053899986678,7.165560107359783,-13.442948385983097,60000.0,3955840.0
61000.0,550.451936206,5.633207522646065E-4,61000.0,56.41639344262295,6.975556206466628,7.5237399561723874,-13.271696987772147,61000.0,3955840.0
62000.0,559.438346338,5.725172524179314E-4,62000.0,56.64032258064516,7.105711854670776,7.786505676945771,-13.105856613934682,62000.0,3955840.0
63000.0,568.462540887,5.817524203364296E-4,63000.0,56.852380952380955,7.218937270189143,8.140713706407148,-12.942496260594968,63000.0,3955840.0
64000.0,577.46615968,5.90966531465795E-4,64000.0,57.07656250000001,7.352641310777177,8.527570591369207,-12.789456396781059,64000.0,3955840.0
65000.0,586.437622917,6.00147735286086E-4,65000.0,57.238461538461536,7.392356361645225,8.809055118110228,-12.621555915721242,65000.0,3955840.0
66000.0,595.427286862,6.093475653221244E-4,66000.0,57.42727272727273,7.475697402776496,9.059131954558703,-12.4684785654245,66000.0,3955840.0
67000.0,604.403577001,6.185337088908055E-4,67000.0,57.62835820895522,7.579335930097591,9.332183577656412,-12.324918888976812,67000.0,3955840.0
68000.0,613.35936096,6.276988668729461E-4,68000.0,57.80882352941177,7.65373863028785,9.555184262791217,-12.179863147605076,68000.0,3955840.0
69000.0,622.334094449,6.368834173992719E-4,69000.0,58.014492753623195,7.767053388176894,9.781694746348602,-12.047959775672021,69000.0,3955840.0
70000.0,631.318581846,6.460779498666732E-4,70000.0,58.18714285714286,7.833189822786111,10.055007528963472,-11.910224057505541,70000.0,3955840.0
71000.0,640.352019464,6.553225769445272E-4,71000.0,58.3605633802817,7.902171748245254,10.317002881844383,-11.77738288782184,71000.0,3955840.0
72000.0,649.320489454,6.645007175397827E-4,72000.0,58.543055555555554,7.985746838360636,10.596938928325388,-11.651829131443103,72000.0,3955840.0
73000.0,658.383261137,6.737753644730971E-4,73000.0,58.69726027397261,8.030318252188046,10.835428064468447,-11.521674803965066,73000.0,3955840.0
74000.0,667.454782222,6.830589653575057E-4,74000.0,58.83378378378379,8.051747167640173,11.13736472098247,-11.3902296328799,74000.0,3955840.0
75000.0,676.485135397,6.923004358822862E-4,75000.0,59.00666666666666,8.12612240324588,11.34148451467788,-11.273977560622537,75000.0,3955840.0
76000.0,685.487990074,7.01513765031661E-4,76000.0,59.17763157894736,8.198982868557403,11.541641718700985,-11.160874238624146,76000.0,3955840.0
77000.0,694.453734469,7.106891163112202E-4,77000.0,59.32987012987013,8.247140663564851,11.726237456308503,-11.045707599021299,77000.0,3955840.0
78000.0,704.037602025,7.204970416288448E-4,78000.0,59.491025641025644,8.308900179096343,11.998328923548247,-10.936731971069445,78000.0,3955840.0
79000.0,713.817071507,7.305051417789137E-4,79000.0,59.63037974683544,8.34220183058156,12.189212258046734,-10.824616881537354,79000.0,3955840.0
80000.0,722.858381659,7.397578254398832E-4,80000.0,59.706250000000004,8.292493063455138,12.373936444939803,-10.700916927092257,80000.0,3955840.0
81000.0,731.919075246,7.490303456941453E-4,81000.0,59.51851851851851,8.362558375055587,12.046350688018018,-10.983245896090708,81000.0,3955840.0
82000.0,740.938213518,7.582603391267784E-4,82000.0,59.34878048780487,8.420824568725394,11.709707323533305,-11.131855309218196,82000.0,3955840.0
83000.0,749.972034433,7.675053584625938E-4,83000.0,59.21084337349397,8.467815245155238,11.423039690222632,-11.280938763435572,83000.0,3955840.0
84000.0,758.972419217,7.767161599762366E-4,84000.0,59.046428571428564,8.439113247942851,11.15444214876033,-11.492464754496853,84000.0,3955840.0
85000.0,768.019845706,7.859751029658292E-4,85000.0,58.89882352941177,8.397721010466935,10.836608646827637,-11.655853494838428,85000.0,3955840.0
86000.0,777.045893501,7.95212167456693E-4,86000.0,58.787209302325586,8.382321266057916,10.73191617973001,-11.807570977917967,86000.0,3955840.0
87000.0,786.081579596,8.044590955778749E-4,87000.0,58.64597701149425,8.286007439615931,10.486900704102714,-11.962407418933195,87000.0,3955840.0
88000.0,795.109985055,8.136985728517098E-4,88000.0,58.54204545454545,8.260297658030183,10.356774288662827,-12.065734910152035,88000.0,3955840.0
89000.0,804.127416616,8.229268196727658E-4,89000.0,58.428089887640446,8.175917393556594,10.163894621828321,-12.14196950868366,89000.0,3955840.0
90000.0,813.175242336,8.321861712268351E-4,90000.0,58.33111111111111,8.132351828864678,9.993759900158405,-12.12030614685482,90000.0,3955840.0
91000.0,822.187415801,8.414090370247728E-4,91000.0,58.24175824175825,8.07818422853142,9.907774010763658,-12.153946048049095,91000.0,3955840.0
92000.0,831.197303905,8.506295640330851E-4,92000.0,58.13369565217391,7.962591000003679,9.73917934056664,-12.261731273681159,92000.0,3955840.0
93000.0,840.199509474,8.598422288991996E-4,93000.0,58.047311827956996,7.900543462757792,9.651722860318639,-12.295648169468095,93000.0,3955840.0
94000.0,849.219045182,8.690726290593447E-4,94000.0,57.98085106382979,7.866704448408626,9.586595247905498,-12.325105221248997,94000.0,3955840.0
95000.0,858.360187824,8.784274791578689E-4,95000.0,57.909473684210525,7.832949505945562,9.542122884806803,-12.257158899494693,95000.0,3955840.0
96000.0,867.51452008,8.877958272255922E-4,96000.0,57.84583333333333,7.816399205003571,9.497931342949792,-12.183627643944222,96000.0,3955840.0
97000.0,876.54724338,8.97039723285665E-4,97000.0,57.758762886597935,7.726983758189995,9.375622055603479,-12.272914097821612,97000.0,3955840.0
98000.0,885.572222283,9.062756938952906E-4,98000.0,57.69795918367346,7.6702151608963405,9.260840063913129,-12.343838920354486,98000.0,3955840.0
99000.0,894.592803909,9.155071644255731E-4,99000.0,57.63838383838383,7.623676251340288,9.164157768199441,-12.343959282078758,99000.0,3955840.0
100000.0,903.607716226,9.247328331061378E-4,100000.0,57.582,7.585954647156047,9.081556103311545,-12.356633909887947,100000.0,3955840.0
