learning evaluation instances,evaluation time (cpu seconds),model cost (RAM-Hours),classified instances,classifications correct (percent),Kappa Statistic (percent),Kappa Temporal Statistic (percent),Kappa M Statistic (percent),model training instances,model serialized size (bytes)
100.0,0.378275568,7.780430734773477E-8,100.0,35.0,0.0,-35.41666666666667,-91.17647058823532,100.0,795056.0
200.0,0.979467844,2.1005361757968862E-7,200.0,27.500000000000004,0.0,-93.33333333333333,-168.51851851851848,200.0,850320.0
300.0,1.251125275,2.6981238245965293E-7,300.0,30.0,0.0,-74.99999999999999,-135.9550561797753,300.0,850320.0
400.0,1.473283402,3.186823700344314E-7,400.0,29.75,0.0,-86.0927152317881,-138.13559322033896,400.0,850320.0
500.0,1.689762504,3.6630309482087693E-7,500.0,28.999999999999996,0.0,-87.83068783068784,-146.52777777777774,500.0,850320.0
600.0,1.905796682,4.1382594594118495E-7,600.0,29.833333333333336,0.0,-80.68669527896996,-136.5168539325843,600.0,850320.0
700.0,2.117201747,4.603304922267919E-7,700.0,29.714285714285715,0.0,-76.97841726618705,-137.68115942028987,700.0,850320.0
800.0,2.329791855,5.070957223661368E-7,800.0,29.625,0.0,-77.602523659306,-138.55932203389827,800.0,850320.0
900.0,2.53916477,5.531532395621885E-7,900.0,29.555555555555557,0.0,-78.59154929577463,-139.24528301886795,900.0,850320.0
1000.0,2.749715336,5.994698145317037E-7,1000.0,29.9,0.0,-75.6892230576441,-135.23489932885903,1000.0,850320.0
1100.0,2.972660053,6.485128349099431E-7,1100.0,29.454545454545457,0.0,-77.57437070938217,-140.2476780185759,1100.0,850320.0
1200.0,3.18661123,6.955774708194781E-7,1200.0,29.166666666666668,0.0,-78.94736842105262,-143.5530085959885,1200.0,850320.0
1300.0,3.396645036,7.417803697550792E-7,1300.0,30.0,0.0,-75.33718689788053,-133.93316195372756,1300.0,850320.0
1400.0,3.603220083,7.872224164471153E-7,1400.0,30.428571428571427,0.0,-71.1775043936731,-129.17647058823528,1400.0,850320.0
1500.0,3.806430185,8.319242479484651E-7,1500.0,30.06666666666667,0.0,-73.96351575456052,-133.11111111111106,1500.0,850320.0
1600.0,4.014570176,8.777105485053856E-7,1600.0,30.1875,0.0,-72.11093990755008,-131.7427385892116,1600.0,850320.0
1700.0,4.226890445,9.244164198953781E-7,1700.0,29.764705882352942,0.0,-73.79912663755455,-136.43564356435638,1700.0,850320.0
1800.0,4.485254225,9.812508688029024E-7,1800.0,29.61111111111111,0.0,-74.27785419532327,-138.1578947368421,1800.0,850320.0
1900.0,4.710098082,1.0307116589447605E-6,1900.0,29.63157894736842,0.0,-74.54308093994776,-137.90035587188615,1900.0,850320.0
2000.0,4.919614838,1.0768008180527138E-6,2000.0,29.5,0.0,-74.5049504950495,-139.38879456706283,2000.0,850320.0
2100.0,5.128639204,1.122781662000169E-6,2100.0,29.04761904761905,0.0,-76.74970344009488,-144.66338259441704,2100.0,850320.0
2200.0,5.339245593,1.1691105168234678E-6,2200.0,29.363636363636363,0.0,-76.1904761904762,-140.9302325581395,2200.0,850320.0
2300.0,5.552446287,1.2160100626893463E-6,2300.0,29.347826086956523,0.0,-76.63043478260867,-141.09792284866472,2300.0,850320.0
2400.0,5.767273455,1.2632673976905765E-6,2400.0,29.375,0.0,-76.37877211238295,-140.76704545454547,2400.0,850320.0
2500.0,5.975696605,1.3091159871090324E-6,2500.0,29.32,0.0,-75.82089552238804,-141.39344262295086,2500.0,850320.0
2600.0,6.182078921,1.354515637145576E-6,2600.0,29.423076923076923,0.0,-73.60454115421004,-140.18324607329842,2600.0,850320.0
2700.0,6.392055475,1.4007059418782711E-6,2700.0,29.444444444444446,0.0,-71.77637511271415,-139.92443324937028,2700.0,850320.0
2800.0,6.602899551,1.4470870827056587E-6,2800.0,29.428571428571427,0.0,-72.27550130775936,-140.09720534629406,2800.0,850320.0
2900.0,6.816819414,1.4941448302118228E-6,2900.0,29.310344827586203,0.0,-72.12426532325776,-141.4605418138987,2900.0,850320.0
3000.0,7.026763079,1.5403279000751796E-6,3000.0,29.233333333333334,0.0,-71.34786117836964,-142.35159817351595,3000.0,850320.0
3100.0,7.23560753,1.5862691666102158E-6,3100.0,29.419354838709676,0.0,-70.40498442367603,-140.17563117453352,3100.0,850320.0
3200.0,7.448555496,1.6331131177770095E-6,3200.0,29.593750000000004,0.0,-69.90950226244341,-138.16067653276954,3200.0,850320.0
3300.0,7.661557435,1.6799689418375613E-6,3300.0,29.666666666666668,0.0,-70.16129032258064,-137.321063394683,3300.0,850320.0
3400.0,7.86909263,1.7256222003428386E-6,3400.0,29.64705882352941,0.0,-70.85714285714288,-137.53723932472695,3400.0,850320.0
3500.0,8.079863092,1.7719871476808684E-6,3500.0,29.714285714285715,0.0,-70.47817047817048,-136.76612127045237,3500.0,850320.0
3600.0,8.288318299,1.8178427889466406E-6,3600.0,29.86111111111111,0.0,-69.91924629878868,-135.1024208566108,3600.0,850320.0
3700.0,8.497243419,1.8638018009185912E-6,3700.0,30.08108108108108,0.0,-69.19555264879006,-132.6438848920863,3700.0,850320.0
3800.0,8.702953698,1.909053617336427E-6,3800.0,29.947368421052634,0.0,-70.42253521126761,-134.1248900615655,3800.0,850320.0
3900.0,8.909175335,1.9544179214649025E-6,3900.0,29.97435897435897,0.0,-69.73275326289621,-133.81849315068493,3900.0,850320.0
4000.0,9.115427036,1.9997888390237586E-6,4000.0,30.0,0.0,-69.38898971566849,-133.52793994995832,4000.0,850320.0
4100.0,9.322635276,2.045370174493839E-6,4100.0,30.21951219512195,0.0,-68.19517930629041,-131.0985460420032,4100.0,850320.0
4200.0,9.527714143,2.0904830939151464E-6,4200.0,30.214285714285715,0.0,-68.06192660550461,-131.15141955835963,4200.0,850320.0
4300.0,9.732139801,2.135452321470913E-6,4300.0,30.162790697674417,0.0,-69.18309859154932,-131.71296296296296,4300.0,850320.0
4400.0,9.936382504,2.1803813028799487E-6,4400.0,30.25,0.0,-68.53377265238882,-130.75187969924815,4400.0,850320.0
4500.0,10.140840065,2.2253575484063595E-6,4500.0,30.288888888888888,0.0,-67.93361884368309,-130.32305433186494,4500.0,850320.0
4600.0,10.344333977,2.270121811975178E-6,4600.0,30.26086956521739,0.0,-67.51958224543083,-130.6254493170381,4600.0,850320.0
4700.0,10.54966861,2.315290994389926E-6,4700.0,30.404255319148938,0.0,-66.71763506625891,-129.06162464985997,4700.0,850320.0
4800.0,10.756993509,2.360897992319253E-6,4800.0,30.541666666666668,0.0,-65.70576540755467,-127.57679180887374,4800.0,850320.0
4900.0,10.961050507,2.4057861226409792E-6,4900.0,30.551020408163264,0.0,-65.19417475728153,-127.47326203208556,4900.0,850320.0
5000.0,11.172347596,2.452266916539718E-6,5000.0,30.56,0.0,-65.64885496183206,-127.37393582187295,5000.0,850320.0
5100.0,11.380564972,2.498070240124513E-6,5100.0,30.686274509803923,0.0,-65.03267973856207,-126.02301790281332,5100.0,850320.0
5200.0,11.588141808,2.5437326587500167E-6,5200.0,30.76923076923077,0.0,-64.15868673050615,-125.14071294559099,5200.0,850320.0
5300.0,11.797891747,2.5898731130793807E-6,5300.0,30.943396226415093,0.0,-62.88384512683578,-123.30689444783407,5300.0,850320.0
5400.0,12.008480206,2.6361980236901086E-6,5400.0,31.037037037037035,0.0,-62.691131498470966,-122.3283582089552,5400.0,850320.0
5500.0,12.216818278,2.6820278977869196E-6,5500.0,31.09090909090909,0.0,-62.45177882554649,-121.76711527208892,5500.0,850320.0
5600.0,12.418527226,2.7263995078450186E-6,5600.0,30.982142857142858,0.0,-62.942664418212466,-122.89504036908883,5600.0,850320.0
5700.0,12.626295879,2.7721041220657645E-6,5700.0,31.17543859649123,0.0,-61.83993399339936,-120.88963963963964,5700.0,850320.0
5800.0,12.83259051,2.8174844832969946E-6,5800.0,31.344827586206897,0.0,-60.62928600242032,-119.15244909190974,5800.0,850320.0
5900.0,13.041926293,2.86353383225539E-6,5900.0,31.52542372881356,0.0,-59.36883629191318,-117.32114039806349,5900.0,850320.0
6000.0,13.247038086,2.9086539946852365E-6,6000.0,31.55,0.0,-59.124370399070116,-117.07188160676532,6000.0,850320.0
6100.0,13.452482575,2.9538473430462297E-6,6100.0,31.655737704918035,0.0,-58.276385725132855,-116.01036269430054,6100.0,850320.0
6200.0,13.660263886,2.999554741753463E-6,6200.0,31.85483870967742,0.0,-57.649253731343286,-114.03242147923001,6200.0,850320.0
6300.0,13.870228009,3.045742311934766E-6,6300.0,32.12698412698413,0.0,-56.57268399853535,-111.36925358378645,6300.0,850320.0
6400.0,14.07939576,3.091754697483976E-6,6400.0,32.265625,0.0,-55.543595263724455,-110.02906976744187,6400.0,850320.0
6500.0,14.293797309,3.1389184055019287E-6,6500.0,32.38461538461539,0.0,-55.24549629106323,-108.88783269961975,6500.0,850320.0
6600.0,14.504001243,3.185158728921425E-6,6600.0,32.68181818181819,0.0,-53.31262939958592,-106.07606679035251,6600.0,850320.0
6700.0,14.706778363,3.229765313738596E-6,6700.0,32.626865671641795,0.0,-53.5896563456958,-106.59038901601834,6700.0,850320.0
6800.0,14.912919175,3.275111838113528E-6,6800.0,32.76470588235294,0.0,-52.756431673905766,-105.29860799281545,6800.0,850320.0
6900.0,15.122098918,3.3211268616436165E-6,6900.0,32.91304347826087,0.0,-52.21966458401841,-103.92070484581501,6900.0,850320.0
7000.0,15.327064415,3.366214842114609E-6,7000.0,33.04285714285714,0.0,-51.682847896440144,-102.7249134948097,7000.0,850320.0
7100.0,15.530157622,3.4108909592418116E-6,7100.0,33.056338028169016,0.0,-51.65922144224635,-102.60017050298377,7100.0,850320.0
7200.0,15.737305518,3.4564590203357976E-6,7200.0,33.30555555555556,0.0,-50.816582914572884,-100.33375052148521,7200.0,850320.0
7300.0,15.941386132,3.5013523456672323E-6,7300.0,33.41095890410959,0.0,-50.16991041087429,-99.3847415914684,7300.0,850320.0
7400.0,16.14679735,3.5465383751271407E-6,7400.0,33.56756756756757,0.0,-49.46792338096687,-97.98630688683046,7400.0,850320.0
7500.0,16.35136917,3.591539755164657E-6,7500.0,33.61333333333334,0.0,-49.384938493849376,-97.5793650793651,7500.0,850320.0
7600.0,16.57242245,3.640166700272832E-6,7600.0,33.776315789473685,0.0,-48.466076696165196,-96.14185502727983,7600.0,850320.0
7700.0,16.854670232,3.702255113537807E-6,7700.0,33.909090909090914,0.0,-47.76422764227642,-94.98084291187742,7700.0,850320.0
7800.0,17.114384058,3.7593865433937047E-6,7800.0,33.96153846153846,0.0,-47.550845030077326,-94.52416918429006,7800.0,850320.0
7900.0,17.320999846,3.8048375522254143E-6,7900.0,33.974683544303794,0.0,-47.012401352874875,-94.40924338427136,7900.0,850320.0
8000.0,17.528344324,3.8504488571116806E-6,8000.0,34.112500000000004,0.0,-46.53878231859881,-93.2184750733138,8000.0,850320.0
8100.0,17.739927248,3.896992528534132E-6,8100.0,34.27160493827161,0.0,-45.942982456140335,-91.85585585585588,8100.0,850320.0
8200.0,17.951399316,3.943511814031947E-6,8200.0,34.40243902439024,0.0,-45.29983792544572,-90.74468085106385,8200.0,850320.0
8300.0,18.164663782,3.990425388359848E-6,8300.0,34.6144578313253,0.0,-44.79722518676626,-88.96239554317546,8300.0,850320.0
8400.0,18.374145312,4.03650679850896E-6,8400.0,34.67857142857143,0.0,-44.584980237154156,-88.42719780219778,8400.0,850320.0
8500.0,18.585505075,4.083001379333447E-6,8500.0,34.88235294117647,0.0,-43.69158878504673,-86.7408906882591,8500.0,850320.0
8600.0,18.798663903,4.12989171558396E-6,8600.0,35.0,0.0,-43.443674621503725,-85.77600531738119,8600.0,850320.0
8700.0,19.006294807,4.175566028001169E-6,8700.0,34.98850574712644,0.0,-43.626206196038595,-85.86920801840289,8700.0,850320.0
8800.0,19.218313208,4.222205494953888E-6,8800.0,35.04545454545455,0.0,-43.437892095357576,-85.4038274408044,8800.0,850320.0
8900.0,19.446730787,4.272452426715204E-6,8900.0,35.13483146067416,0.0,-42.96681525507676,-84.6769033909149,8900.0,850320.0
9000.0,19.669158924,4.3213818106556405E-6,9000.0,35.333333333333336,0.0,-42.542248346803824,-83.07643913180246,9000.0,850320.0
9100.0,19.899339316,4.372016523186313E-6,9100.0,35.43956043956044,0.0,-42.25181598062952,-82.22704714640197,9100.0,850320.0
9200.0,20.1143832,4.419321531024771E-6,9200.0,35.55434782608696,0.0,-42.04599904168663,-81.31498470948011,9200.0,850320.0
9300.0,20.323563468,4.465336670043515E-6,9300.0,35.623655913978496,0.0,-41.872037914691944,-80.76690821256041,9300.0,850320.0
9400.0,20.529497561,4.510637720705206E-6,9400.0,35.648936170212764,0.0,-41.56330446992746,-80.56716417910447,9400.0,850320.0
9500.0,20.739755137,4.5568898442056125E-6,9500.0,35.73684210526316,0.0,-41.221374045801525,-79.87625220978197,9500.0,850320.0
9600.0,20.956848032,4.604645590189295E-6,9600.0,35.67708333333333,0.0,-41.30434782608696,-80.3446261682243,9600.0,850320.0
9700.0,21.171139593,4.651785103223855E-6,9700.0,35.649484536082475,0.0,-41.60617059891106,-80.56118021405842,9700.0,850320.0
9800.0,21.388929765,4.6996942350808625E-6,9800.0,35.775510204081634,0.0,-41.18438761776581,-79.57203994293864,9800.0,850320.0
9900.0,21.603349518,4.746861947585465E-6,9900.0,35.75757575757576,0.0,-41.364747721715936,-79.71178298954504,9900.0,850320.0
10000.0,21.82131353,4.79480932048616E-6,10000.0,35.88,0.0,-40.95405583644758,-78.75662113186506,10000.0,850320.0
