learning evaluation instances,evaluation time (cpu seconds),model cost (RAM-Hours),classified instances,classifications correct (percent),Kappa Statistic (percent),Kappa Temporal Statistic (percent),Kappa M Statistic (percent),model training instances,model serialized size (bytes)
1000.0,9.687842507,9.92756407069659E-6,1000.0,59.199999999999996,-0.17530678687706025,10.917030567685575,-16.905444126074514,1000.0,3961120.0
2000.0,18.79759429,1.9262732807030693E-5,2000.0,60.35,-0.9021389217594943,11.198208286674143,-8.779149519890236,2000.0,3961120.0
3000.0,27.729368705,2.8415520200699775E-5,3000.0,61.7,-0.4211453662356427,13.93258426966291,-5.996309963099647,3000.0,3961120.0
4000.0,36.742177575,3.7651347212670374E-5,4000.0,62.425,-0.2683830372313991,16.6851441241685,-4.520166898470094,4000.0,3961120.0
5000.0,45.71308382,4.684423473691526E-5,5000.0,62.660000000000004,-0.23696081964305216,16.465324384787476,-3.6071032186459204,5000.0,3961120.0
6000.0,54.669017007,5.602177870117538E-5,6000.0,63.16666666666667,-0.14296427705616024,18.69021339220015,-3.0303030303030067,6000.0,3961120.0
7000.0,63.636732488,6.521139650731518E-5,7000.0,63.28571428571429,-0.12895986659862105,19.10607491344036,-2.5948103792415016,7000.0,3961120.0
8000.0,72.566942715,7.436258100781403E-5,8000.0,63.5625,-0.0897030357395976,19.85152598295297,-2.280701754385979,8000.0,3961120.0
9000.0,81.489828156,8.35062594735826E-5,9000.0,63.34444444444445,-0.11989704150105096,19.51695535496463,-2.0098948670377297,9000.0,3961120.0
10000.0,90.414609592,9.265188084994521E-5,10000.0,63.17,-0.13652063464855732,19.637791839406518,-1.7965726920950664,10000.0,3961120.0
11000.0,99.376600368,1.0183563229568203E-4,11000.0,63.28181818181818,-0.11879318241249234,20.256663376110566,-1.635631605435317,11000.0,3961120.0
12000.0,108.291246554,1.1097086762957184E-4,12000.0,63.349999999999994,-0.10721274592287917,20.412595005428873,-1.5001153934918263,12000.0,3961120.0
13000.0,117.254285866,1.2015569355688832E-4,13000.0,63.338461538461544,-0.10378104961330878,20.817411530154516,-1.382684535205277,13000.0,3961120.0
14000.0,126.218767025,1.2934199700909873E-4,14000.0,63.385714285714286,-0.09550665685885575,21.089901477832516,-1.2843311598498088,14000.0,3961120.0
15000.0,135.127371282,1.384710409090119E-4,15000.0,63.27333333333334,-0.10017406661356901,21.243745532523246,-1.1939750183688373,15000.0,3961120.0
16000.0,144.045001271,1.4760933387884443E-4,16000.0,63.1625,-0.10379994678481085,21.1505016722408,-1.1151140847486618,16000.0,3961120.0
17000.0,153.026841136,1.5681342557088997E-4,17000.0,63.21764705882353,-0.09566155020372694,21.167423096318714,-1.0504201680672172,17000.0,3961120.0
18000.0,161.959935091,1.6596756515601803E-4,18000.0,63.33333333333333,-0.08440620081866422,21.269235357270666,-0.9946442234123973,18000.0,3961120.0
19000.0,170.894742245,1.7512346033253046E-4,19000.0,63.39473684210526,-0.07744462134003077,21.136183240730233,-0.9433962264151065,19000.0,3961120.0
20000.0,179.804985142,1.842541834198971E-4,20000.0,63.480000000000004,-0.06968571227251544,21.17418519317938,-0.8979140765299006,20000.0,3961120.0
21000.0,188.727107994,1.9339708042672354E-4,21000.0,62.49047619047619,1.4694411894844988,19.293032786885224,-2.7524132533263854,21000.0,3961120.0
22000.0,197.685217784,2.0257685485310393E-4,22000.0,61.695454545454545,3.107383029893201,17.664875427454803,-3.8319369147363163,22000.0,3961120.0
23000.0,206.621951183,2.1173472393873385E-4,23000.0,60.86956521739131,3.9507060546477777,15.879988783998506,-5.349408872761311,23000.0,3961120.0
24000.0,215.715600875,2.210533921446393E-4,24000.0,60.13333333333334,4.682543915777022,14.563800339316014,-6.60724233983287,24000.0,3961120.0
25000.0,224.68775715,2.302475606303476E-4,25000.0,59.46399999999999,5.281396428053974,13.087478559176668,-7.705388457859502,25000.0,3961120.0
26000.0,233.674174396,2.394563429687492E-4,26000.0,58.753846153846155,5.434200869106999,11.97570384962654,-9.216824523882272,26000.0,3961120.0
27000.0,242.610878441,2.486141819740268E-4,27000.0,58.18888888888889,5.840943861848219,10.906795043800813,-10.093622001170274,27000.0,3961120.0
28000.0,251.527956074,2.5775190892004385E-4,28000.0,57.61428571428572,6.007486217025063,9.927140255009107,-11.175644028103042,28000.0,3961120.0
29000.0,260.467253405,2.6691240538108624E-4,29000.0,57.14137931034483,6.311681632444199,9.045005488474203,-11.831923699838025,29000.0,3961120.0
30000.0,269.434376935,2.76101416588649E-4,30000.0,56.75,6.692600682243581,8.264988687782813,-12.162863070539402,30000.0,3961120.0
31000.0,278.375851383,2.8526414403853037E-4,31000.0,56.31935483870968,6.8285604227631636,7.614109299310916,-12.822862856190639,31000.0,3961120.0
32000.0,287.289069511,2.943979159777292E-4,32000.0,55.896875,6.881259956661319,6.851032935119796,-13.539823008849556,32000.0,3961120.0
33000.0,296.238348017,3.0356864059372373E-4,33000.0,55.515151515151516,6.949309604943727,6.275936921407142,-14.125787141413348,33000.0,3961120.0
34000.0,305.199860977,3.127519024001058E-4,34000.0,55.12058823529412,6.910028168828898,5.604701515620179,-14.867509786208979,34000.0,3961120.0
35000.0,314.170883488,3.219449090673037E-4,35000.0,54.848571428571425,7.092992036172616,5.274830665947369,-15.014556040756924,35000.0,3961120.0
36000.0,323.147626499,3.311437777858536E-4,36000.0,54.586111111111116,7.229160467248386,4.914505059904619,-15.182471466816974,36000.0,3961120.0
37000.0,332.117810229,3.4033592491677055E-4,37000.0,54.24864864864865,7.144976816413305,4.312927477248318,-15.826205952788236,37000.0,3961120.0
38000.0,341.064450925,3.4950394645127275E-4,38000.0,53.892105263157895,6.981631032737851,3.550589012440833,-16.635601118359745,38000.0,3961120.0
39000.0,350.057454805,3.5871947840714573E-4,39000.0,53.60769230769231,6.934867583117402,2.9709872901807257,-17.10679611650483,39000.0,3961120.0
40000.0,359.015456038,3.6789914159032907E-4,40000.0,53.325,6.858534194937296,2.425002613149379,-17.621117621117627,40000.0,3961120.0
41000.0,367.991812914,3.7709761461913175E-4,41000.0,53.0609756097561,6.7901860714754045,2.0361415118350745,-18.081973248251305,41000.0,3961120.0
42000.0,376.989089783,3.863175252973095E-4,42000.0,52.79761904761905,6.697768770005362,1.6275492482508833,-18.584758942457213,42000.0,3961120.0
43000.0,385.903911028,3.954529400219602E-4,43000.0,52.61162790697674,6.724835233225157,1.360247845870853,-18.705580799254346,43000.0,3961120.0
44000.0,394.865378095,4.046361547997394E-4,44000.0,52.361363636363635,6.6126075478824555,0.9825688506778705,-19.218518939824822,44000.0,3961120.0
45000.0,403.8146361,4.1380685840744535E-4,45000.0,52.14666666666666,6.545841065991574,0.5312023650053074,-19.573546560053316,45000.0,3961120.0
46000.0,412.754037061,4.2296746106276826E-4,46000.0,51.891304347826086,6.393741819440786,-0.013558096443266906,-20.186824526150023,46000.0,3961120.0
47000.0,421.714019104,4.3214915407025693E-4,47000.0,51.719148936170214,6.368112618156198,-0.3094332950225437,-20.375576892472566,47000.0,3961120.0
48000.0,430.66389546,4.413204913297967E-4,48000.0,51.49791666666667,6.247883633358489,-0.7181483884923225,-20.86491537742705,48000.0,3961120.0
49000.0,439.587863443,4.50465279124609E-4,49000.0,51.28979591836734,6.138513692868495,-1.1999152003391969,-21.311308767471427,49000.0,3961120.0
50000.0,448.535329794,4.5963414674459477E-4,50000.0,51.168,6.153299529220891,-1.3742993564459123,-21.309683509713313,50000.0,3961120.0
51000.0,457.491661525,4.6881209911465755E-4,51000.0,50.89019607843137,5.846642475007251,-2.2243990041222914,-22.660267398011662,51000.0,3961120.0
52000.0,466.388826434,4.779294206047447E-4,52000.0,51.20769230769231,6.095149531878479,-1.8424115923413336,-22.321859029987458,52000.0,3961120.0
53000.0,475.282004576,4.8704265667696934E-4,53000.0,51.58490566037736,6.475672878231207,-1.3948709843126406,-22.016167379933425,53000.0,3961120.0
54000.0,484.210016326,4.961915883000851E-4,54000.0,51.93888888888889,6.808233897915317,-0.8431768728629188,-21.713642545608042,54000.0,3961120.0
55000.0,493.1530352,5.053558983921343E-4,55000.0,52.25636363636363,7.065324585739501,-0.42834742035414675,-21.406445050626495,55000.0,3961120.0
56000.0,502.04400412,5.144668705760954E-4,56000.0,52.57678571428571,7.334262642586273,0.12410680707033188,-21.115519678934664,56000.0,3961120.0
57000.0,510.951697226,5.235949807789625E-4,57000.0,52.871929824561406,7.554153171830215,0.5331950975673028,-20.824899923537103,57000.0,3961120.0
58000.0,519.9182662,5.327834237082717E-4,58000.0,53.17758620689656,7.8014048397041025,0.9735997666277822,-20.55311404092867,58000.0,3961120.0
59000.0,529.141369965,5.422347492734387E-4,59000.0,53.41016949152543,7.901434436385293,1.36003157856964,-20.25549041910926,59000.0,3961120.0
60000.0,538.778006253,5.521098400489127E-4,60000.0,53.66333333333333,8.050763228274535,1.815228139567724,-19.981011565682735,60000.0,3961120.0
61000.0,548.934196144,5.625173405614583E-4,61000.0,53.932786885245896,8.238597263221937,2.2539914431806314,-19.72647096416855,61000.0,3961120.0
62000.0,558.727459679,5.725529342588868E-4,62000.0,54.19677419354839,8.4197374832714,2.589784927794744,-19.479973073039357,62000.0,3961120.0
63000.0,568.729921473,5.828029027377178E-4,63000.0,54.44761904761904,8.578884272892177,3.021086780210869,-19.237161376101046,63000.0,3961120.0
64000.0,578.655044528,5.92973618763176E-4,64000.0,54.709375,8.763564764527114,3.4829515183803927,-19.009689604204283,64000.0,3961120.0
65000.0,587.812521053,6.023576931700575E-4,65000.0,54.907692307692315,8.828545656734814,3.8385826771653577,-18.760129659643432,65000.0,3961120.0
66000.0,596.788882017,6.11556170388016E-4,66000.0,55.13181818181818,8.94850207242135,4.155743276046228,-18.532602169475254,66000.0,3961120.0
67000.0,605.983072821,6.209778675531967E-4,67000.0,55.36716417910448,9.093811918579258,4.493628437290413,-18.319221334177406,67000.0,3961120.0
68000.0,616.252549249,6.315014578301664E-4,68000.0,55.580882352941174,9.20167952623288,4.779168374263101,-18.10361681329424,68000.0,3961120.0
69000.0,626.042515779,6.415336729396012E-4,69000.0,55.81884057971015,9.35848864789581,5.06368534147177,-17.907561400116034,69000.0,3961120.0
70000.0,635.727180116,6.514579801978259E-4,70000.0,56.02285714285714,9.45518256251763,5.399342368089489,-17.70283704213505,70000.0,3961120.0
71000.0,645.882007575,6.618640845655682E-4,71000.0,56.22676056338028,9.555155013052369,5.7212194752009715,-17.50538772732428,71000.0,3961120.0
72000.0,655.914895497,6.721452320540627E-4,72000.0,56.4388888888889,9.673277554543876,6.05924461616797,-17.31877010548364,72000.0,3961120.0
73000.0,666.474648826,6.82966282011125E-4,73000.0,56.62191780821918,9.74174288471228,6.355167824929777,-17.12531439562064,73000.0,3961120.0
74000.0,676.379364443,6.931160856251648E-4,74000.0,56.78648648648649,9.780648051870006,6.718007059303978,-16.929940032177846,74000.0,3961120.0
75000.0,686.031432888,7.03006990419834E-4,75000.0,56.986666666666665,9.886258468959813,6.972720456773733,-16.757148027506357,75000.0,3961120.0
76000.0,695.745072302,7.12960989731079E-4,76000.0,57.184210526315795,9.989669033908587,7.2220796624183885,-16.589036187746306,76000.0,3961120.0
77000.0,705.471695821,7.229282944335085E-4,77000.0,57.36233766233766,10.061582218642776,7.455744728830759,-16.41785752278288,77000.0,3961120.0
78000.0,715.168546069,7.328650891379447E-4,78000.0,57.54871794871795,10.150433609278407,7.778860882885395,-16.255880907239646,78000.0,3961120.0
79000.0,724.897373849,7.428346526448799E-4,79000.0,57.7126582278481,10.203079434043458,8.017841900933389,-16.08923793307155,79000.0,3961120.0
80000.0,734.690790839,7.528704035944875E-4,80000.0,57.8125,10.150774248648311,8.255633783673582,-15.903705484391628,80000.0,3961120.0
81000.0,744.57495835,7.629991506483386E-4,81000.0,57.62469135802469,10.174562000736561,7.931654193825278,-16.175325774242662,81000.0,3961120.0
82000.0,754.339465366,7.73005276258872E-4,82000.0,57.47073170731707,10.26585005092894,7.6307773804794,-16.26604434072345,82000.0,3961120.0
83000.0,764.239982873,7.831507778824562E-4,83000.0,57.29397590361446,10.283905563509013,7.260406582768625,-16.51053479275548,83000.0,3961120.0
84000.0,773.764427995,7.92910901368998E-4,84000.0,57.12619047619047,10.308919646801124,6.98863636363637,-16.720142602495546,84000.0,3961120.0
85000.0,783.796657025,8.031913736614887E-4,85000.0,56.96470588235294,10.334768034528025,6.640804451023426,-16.91009619994248,85000.0,3961120.0
86000.0,793.374843104,8.130065679022724E-4,86000.0,56.78023255813953,10.293544240373578,6.38474712875277,-17.252365930599368,86000.0,3961120.0
87000.0,802.880099302,8.227470276430091E-4,87000.0,56.62643678160919,10.311998471277773,6.115492747493341,-17.43013630422605,87000.0,3961120.0
88000.0,812.529351443,8.326350464454274E-4,88000.0,56.461363636363636,10.292874144201528,5.8577817091748905,-17.69006297035784,88000.0,3961120.0
89000.0,822.26293875,8.426094872518444E-4,89000.0,56.3191011235955,10.314382894113924,5.606410100764838,-17.831055072288045,89000.0,3961120.0
90000.0,832.166029108,8.527576253905379E-4,90000.0,56.19888888888889,10.373576375017858,5.388086209379348,-17.857569959339877,90000.0,3961120.0
91000.0,841.831783508,8.626625547933727E-4,91000.0,56.058241758241756,10.376761850570396,5.196898930747521,-18.018416858508942,91000.0,3961120.0
92000.0,851.512269495,8.725825803100947E-4,92000.0,55.91413043478261,10.362944522074272,4.9539521477280735,-18.21334887787819,92000.0,3961120.0
93000.0,861.168641472,8.824778951258423E-4,93000.0,55.77956989247311,10.360715554019386,4.767969618377159,-18.365760994704132,93000.0,3961120.0
94000.0,870.850875009,8.923997114349495E-4,94000.0,55.63297872340426,10.32468228086652,4.534633521036487,-18.60141053350015,94000.0,3961120.0
95000.0,880.381844118,9.021665203417891E-4,95000.0,55.527368421052635,10.36615344414632,4.422676680843382,-18.610331274564853,95000.0,3961120.0
96000.0,889.769996401,9.117869784806983E-4,96000.0,55.42083333333333,10.396840140952397,4.291624734429163,-18.63720788401297,96000.0,3961120.0
97000.0,898.978810195,9.212236604755793E-4,97000.0,55.284536082474226,10.359082623524278,4.067414239267464,-18.849157418824493,97000.0,3961120.0
98000.0,908.988577231,9.314811149615327E-4,98000.0,55.13469387755102,10.287922733584631,3.762558276971564,-19.15124251375302,98000.0,3961120.0
99000.0,918.165461502,9.40885077350877E-4,99000.0,55.01111111111111,10.263350030120272,3.5305074833763017,-19.311545673720858,99000.0,3961120.0
100000.0,927.505175997,9.504558991292173E-4,100000.0,54.884,10.225816984235683,3.298681813310474,-19.50308584748231,100000.0,3961120.0
