learning evaluation instances,evaluation time (cpu seconds),model cost (RAM-Hours),classified instances,classifications correct (percent),Kappa Statistic (percent),Kappa Temporal Statistic (percent),Kappa M Statistic (percent),model training instances,model serialized size (bytes)
100.0,0.503554955,1.0357196657568632E-7,100.0,33.0,0.0,-42.55319148936171,-179.16666666666669,100.0,795056.0
200.0,1.260572575,2.604202398642277E-7,200.0,42.0,-11.27098321342925,-16.000000000000004,-56.756756756756765,200.0,800896.0
300.0,1.620596856,3.3501452317403835E-7,300.0,45.33333333333333,-8.6764446015197,-12.32876712328767,-53.271028037383175,300.0,800896.0
400.0,1.910914181,3.9516605720570105E-7,400.0,49.75,-4.643898375676811,-6.914893617021284,-40.559440559440546,400.0,800896.0
500.0,2.195963424,4.542260848530837E-7,500.0,53.2,-0.3792103502119099,3.703703703703707,-31.46067415730337,500.0,800896.0
600.0,2.487748599,5.146817462020822E-7,600.0,55.166666666666664,0.8477699963140239,6.5972222222222126,-28.708133971291854,600.0,800896.0
700.0,2.735152507,5.659419477475061E-7,700.0,56.00000000000001,0.5011860480141948,8.059701492537318,-27.27272727272724,700.0,800896.0
800.0,2.981439617,6.169707572707575E-7,800.0,55.50000000000001,-1.4497916147187564,6.315789473684216,-24.47552447552445,800.0,800896.0
900.0,3.232079445,6.689014167435674E-7,900.0,56.666666666666664,-1.0973818370344912,7.363420427553432,-22.64150943396225,900.0,800896.0
1000.0,3.503819796,7.252039435423124E-7,1000.0,56.39999999999999,-1.4798367012536218,8.016877637130786,-19.7802197802198,1000.0,800896.0
1100.0,3.772838312,7.809425269021632E-7,1100.0,56.81818181818182,-1.4326758813480402,9.177820267686437,-18.453865336658353,1100.0,800896.0
1200.0,4.072470916,8.430241156482076E-7,1200.0,57.58333333333333,-1.1211400795989723,10.544815465729336,-17.551963048498852,1200.0,800896.0
1300.0,4.402367446,9.113761588864897E-7,1300.0,57.46153846153847,-1.4134973479291189,10.66235864297254,-15.93291404612159,1300.0,800896.0
1400.0,4.620576704,9.565874517661375E-7,1400.0,57.99999999999999,-1.259594567998457,11.57894736842104,-15.068493150684944,1400.0,800896.0
1500.0,4.887991846,1.0119938282701746E-6,1500.0,58.266666666666666,-1.2121747790901505,12.44755244755245,-14.23357664233578,1500.0,800896.0
1600.0,5.155406408,1.0674000846026383E-6,1600.0,57.99999999999999,-1.6026610220744129,12.271540469973884,-13.32209106239462,1600.0,800896.0
1700.0,5.413367123,1.1208475759886745E-6,1700.0,58.76470588235294,-0.6809502889391871,13.135068153655519,-12.159999999999991,1700.0,800896.0
1800.0,5.678385351,1.175757330205213E-6,1800.0,58.88888888888889,-0.5058492593352756,14.549653579676686,-11.278195488721794,1800.0,800896.0
1900.0,5.948591437,1.2317419690055028E-6,1900.0,59.0,-0.3408647171120896,15.326086956521722,-10.496453900709216,1900.0,800896.0
2000.0,6.213714598,1.2866734645387904E-6,2000.0,59.099999999999994,-0.5531653349723628,14.880332986472425,-10.391363022941963,2000.0,800896.0
2100.0,6.477548612,1.3413378586524768E-6,2100.0,57.952380952380956,-0.9621981152416241,12.400793650793654,-13.350449293966626,2100.0,800896.0
2200.0,6.751969977,1.3981958710904627E-6,2200.0,57.77272727272727,1.9216409673660844,12.93345829428304,-11.390887290167843,2200.0,800896.0
2300.0,7.018179129,1.4533523756706424E-6,2300.0,56.78260869565217,1.3047697658114286,10.611510791366904,-14.384349827387807,2300.0,800896.0
2400.0,7.268087771,1.5051315389846803E-6,2400.0,56.25,2.0208586705319047,9.24805531547104,-15.005476451259597,2400.0,800896.0
2500.0,7.468053451,1.5465629017381246E-6,2500.0,55.879999999999995,2.9647907347298403,9.143327841845137,-14.895833333333341,2500.0,800896.0
2600.0,7.708383014,1.5963573529911083E-6,2600.0,55.269230769230774,2.951820608183146,7.108626198083077,-16.300000000000008,2600.0,800896.0
2700.0,7.945721718,1.645532121085595E-6,2700.0,54.74074074074075,3.0329747839887227,6.360153256704979,-17.387127761767523,2700.0,800896.0
2800.0,8.140832137,1.6859575108153E-6,2800.0,54.57142857142857,3.937857374042513,5.8475203552923825,-16.590284142988075,2800.0,800896.0
2900.0,8.365135545,1.732431465064258E-6,2900.0,54.068965517241374,3.8271936900600303,4.85714285714284,-17.771883289124677,2900.0,800896.0
3000.0,8.627245258,1.7867385971706483E-6,3000.0,53.96666666666666,4.605726695752361,5.085910652920952,-16.835871404399327,3000.0,800896.0
3100.0,8.893766218,1.8419597059887025E-6,3100.0,53.677419354838705,4.8170492857643845,4.3941411451398045,-17.033414832925857,3100.0,800896.0
3200.0,9.169470453,1.8990835192997959E-6,3200.0,53.25,4.641401312455576,3.4838709677419297,-18.07419100236779,3200.0,800896.0
3300.0,9.437675763,1.954653612582853E-6,3300.0,53.121212121212125,5.063785472533198,3.372891942535914,-17.553191489361687,3300.0,800896.0
3400.0,9.712669096,2.0116301324251665E-6,3400.0,52.764705882352935,4.936134296948007,2.843315184513001,-18.34929992630803,3400.0,800896.0
3500.0,9.976507833,2.066295505108407E-6,3500.0,52.6,5.158254147458212,2.9256875365711066,-18.16239316239316,3500.0,800896.0
3600.0,10.239450323,2.1207751822534243E-6,3600.0,52.55555555555556,5.561617174368194,2.844141069397032,-17.388316151202748,3600.0,800896.0
3700.0,10.503308417,2.1754445655593316E-6,3700.0,52.2972972972973,5.503746569165954,2.161862527716187,-17.823765020026713,3700.0,800896.0
3800.0,10.769574816,2.230612931281001E-6,3800.0,52.078947368421055,5.491847207039481,2.3592493297587294,-18.093385214007785,3800.0,800896.0
3900.0,11.030244066,2.284621610447437E-6,3900.0,52.02564102564102,5.746822964351473,2.50130276185512,-17.525125628140707,3900.0,800896.0
4000.0,11.291596174,2.3387717725798856E-6,4000.0,51.725,5.535631558632715,1.4293006636038807,-18.32107843137254,4000.0,800896.0
4100.0,11.572051029,2.3968798780981406E-6,4100.0,51.463414634146346,5.3793777838804395,0.945744151319065,-18.947997609085462,4100.0,800896.0
4200.0,11.829824465,2.450288566704694E-6,4200.0,51.23809523809524,5.270725552939851,0.3891050583657484,-19.416909620991255,4200.0,800896.0
4300.0,12.090582537,2.5043156491116387E-6,4300.0,51.13953488372093,5.352111141469703,0.19002375296911606,-19.2395005675369,4300.0,800896.0
4400.0,12.348683852,2.5577922717446126E-6,4400.0,51.06818181818183,5.455689365471683,0.046425255338907505,-18.950276243093906,4400.0,800896.0
4500.0,12.616086643,2.613196089215713E-6,4500.0,50.82222222222222,5.2732688079908145,-0.636653024101855,-19.62162162162162,4500.0,800896.0
4600.0,12.893843156,2.6707451188653747E-6,4600.0,50.63043478260869,5.1663315694279195,-1.2032085561497416,-20.031712473572956,4600.0,800896.0
4700.0,13.171816535,2.7283390814951102E-6,4700.0,50.53191489361703,5.18747501166124,-1.2630662020905863,-19.96904024767802,4700.0,800896.0
4800.0,13.446284274,2.7852067022719687E-6,4800.0,50.24999999999999,4.935296553041954,-1.9206145966709391,-20.911392405063292,4800.0,800896.0
4900.0,13.722682765,2.8424743601276848E-6,4900.0,50.28571428571429,5.125770906762492,-1.4577259475218607,-20.177602368031575,4900.0,800896.0
5000.0,13.995991511,2.899101846400404E-6,5000.0,50.2,5.133142776677476,-1.4256619144602865,-20.115774240231556,5000.0,800896.0
5100.0,14.23174953,2.947949108626714E-6,5100.0,49.96078431372549,4.888140964789944,-2.1617293835068114,-21.292775665399223,5100.0,800896.0
5200.0,14.417098063,2.9863519100801523E-6,5200.0,50.11538461538462,4.830940301748754,-1.9253438113948802,-20.98880597014926,5200.0,800896.0
5300.0,14.597641903,3.023759215813515E-6,5300.0,50.50943396226415,5.315991591574555,-1.2350443844075736,-20.70869765301426,5300.0,800896.0
5400.0,14.77986771,3.061515012272468E-6,5400.0,50.90740740740741,5.809698138880594,-0.9135896459839952,-20.44525215810993,5400.0,800896.0
5500.0,14.948227523,3.0963978806001983E-6,5500.0,51.236363636363635,6.142974453913207,-0.2616822429906628,-20.161290322580637,5500.0,800896.0
5600.0,15.154812833,3.139200780168478E-6,5600.0,51.57142857142857,6.493111169095927,0.22075055187636522,-19.893899204244043,5600.0,800896.0
5700.0,15.400386799,3.1900818316976604E-6,5700.0,51.96491228070176,6.976139814386211,0.7611453425154157,-19.667832167832145,5700.0,800896.0
5800.0,15.675312182,3.2470442728185698E-6,5800.0,52.224137931034484,7.160277598383494,1.1416339636104333,-19.38819474364498,5800.0,800896.0
5900.0,15.949100915,3.3037712087344176E-6,5900.0,52.50847457627119,7.404679492083986,1.3380281690140865,-19.132653061224463,5900.0,800896.0
6000.0,16.201444729,3.356054921101568E-6,6000.0,52.68333333333334,7.416486235526273,1.7986855759252944,-18.836333193804926,6000.0,800896.0
6100.0,16.464525761,3.41056330309163E-6,6100.0,52.885245901639344,7.494578074409364,2.145045965270694,-18.564356435643557,6100.0,800896.0
6200.0,16.70653565,3.460705905067528E-6,6200.0,53.2258064516129,7.871135596369393,2.5864964729593383,-18.367346938775523,6200.0,800896.0
6300.0,16.973068933,3.5159295671171327E-6,6300.0,53.44444444444445,7.99322976283258,2.977174991730082,-18.12323801852597,6300.0,800896.0
6400.0,17.231488418,3.569472112145826E-6,6400.0,53.640625,8.073879384146094,3.1341821743388856,-17.878426698450536,6400.0,800896.0
6500.0,17.484084332,3.621808057708944E-6,6500.0,53.84615384615385,8.17887057373891,3.567984570877536,-17.647058823529406,6500.0,800896.0
6600.0,17.737940195,3.6744050550889026E-6,6600.0,54.04545454545454,8.27577257516256,3.5612082670906196,-17.421602787456457,6600.0,800896.0
6700.0,17.998662976,3.728424825469989E-6,6700.0,54.328358208955216,8.543529613080507,3.8944723618090342,-17.24137931034485,6700.0,800896.0
6800.0,18.24636548,3.7797468938277216E-6,6800.0,54.60294117647059,8.795414379629296,4.397646330133167,-17.06484641638225,6800.0,800896.0
6900.0,18.498294872,3.83194474111935E-6,6900.0,54.85507246376812,9.004165567330354,4.827375496486397,-16.885553470919312,6900.0,800896.0
7000.0,18.720034788,3.877887559390537E-6,7000.0,55.08571428571428,9.172751462261736,5.101116812556593,-16.703786191536746,7000.0,800896.0
7100.0,18.889428666,3.9129846780942605E-6,7100.0,55.33802816901409,9.384830619532293,5.3715308863025895,-16.53803748621831,7100.0,800896.0
7200.0,19.13260428,3.963368809393319E-6,7200.0,55.52777777777778,9.479187288450433,5.740359140418018,-16.35174418604651,7200.0,800896.0
7300.0,19.384457564,4.015550887688205E-6,7300.0,55.73972602739726,9.618291008080835,5.884066414214979,-16.18122977346279,7300.0,800896.0
7400.0,19.644991276,4.0695314844154705E-6,7400.0,55.9054054054054,9.673172668179852,6.0736902705814595,-15.997156061144699,7400.0,800896.0
7500.0,19.910370951,4.124516127691838E-6,7500.0,56.13333333333333,9.846422147023821,6.160867084997157,-15.845070422535196,7500.0,800896.0
7600.0,20.174018229,4.179141831531497E-6,7600.0,56.368421052631575,10.033967160912956,6.5125458133634035,-15.701325889741804,7600.0,800896.0
7700.0,20.432614842,4.232721076129946E-6,7700.0,56.42857142857143,9.904402095989068,6.6499721758486245,-15.490533562822709,7700.0,800896.0
7800.0,20.687101308,4.285448729638729E-6,7800.0,56.64102564102564,10.05520948145667,6.7548938516680455,-15.347885402455669,7800.0,800896.0
7900.0,20.945981557,4.339086741451661E-6,7900.0,56.734177215189874,9.993944752651185,6.993197278911572,-15.161725067385436,7900.0,800896.0
8000.0,21.197461922,4.3911915537758734E-6,8000.0,56.862500000000004,10.022715939941289,7.2311827956989285,-14.995001666111271,8000.0,800896.0
8100.0,21.435551136,4.440521821814451E-6,8100.0,56.64197530864198,9.902428503153086,6.695005313496277,-15.526315789473669,8100.0,800896.0
8200.0,21.696410368,4.49456986380134E-6,8200.0,56.59756097560975,10.182301877431733,6.929916317991615,-15.066278693824778,8200.0,800896.0
8300.0,21.904247044,4.537632036854367E-6,8300.0,56.325301204819276,9.919228947521278,6.306539157405028,-15.925807483210727,8300.0,800896.0
8400.0,22.112591774,4.580799474818713E-6,8400.0,56.19047619047619,9.962417348312803,5.978538579458366,-16.015132408575028,8400.0,800896.0
8500.0,22.316419471,4.623031018019557E-6,8500.0,56.07058823529412,10.026417461661508,5.968269957189625,-16.034804226227468,8500.0,800896.0
8600.0,22.53483982,4.668286047343354E-6,8600.0,55.906976744186046,9.981872821571077,5.4128211524070755,-16.319018404907975,8600.0,800896.0
8700.0,22.795113712,4.722212811349571E-6,8700.0,55.72413793103448,9.886668618847908,5.169867060561287,-16.727272727272744,8700.0,800896.0
8800.0,23.063878047,4.7778987303461365E-6,8800.0,55.64772727272727,10.011962982351077,4.9671292914536185,-16.54225141833381,8800.0,800896.0
8900.0,23.31429906,4.8297840530209475E-6,8900.0,55.48314606741573,9.938607623872164,4.736715556624195,-16.87315634218288,8900.0,800896.0
9000.0,23.584786035,4.885826889878286E-6,9000.0,55.42222222222222,10.074347803672783,4.725718356684867,-16.627906976744196,9000.0,800896.0
9100.0,23.857030995,4.942233967810644E-6,9100.0,55.318681318681314,10.110574347674511,4.531580183141572,-16.63798049340218,9100.0,800896.0
9200.0,24.129684009,4.998725591417525E-6,9200.0,55.15217391304348,10.009945106332031,4.246925040612663,-17.01644923425977,9200.0,800896.0
9300.0,24.401302392,5.0550028473775325E-6,9300.0,55.08602150537635,10.105565405981809,4.175269557237915,-16.839160839160833,9300.0,800896.0
9400.0,24.675108797,5.111733444796907E-6,9400.0,54.9468085106383,10.046688319875772,3.9682539682539826,-17.085982858722684,9400.0,800896.0
9500.0,24.934387323,5.1654539765645795E-6,9500.0,54.863157894736844,10.091111763925618,4.028648164726964,-17.03056768558952,9500.0,800896.0
9600.0,25.107479471,5.201317348587023E-6,9600.0,54.80208333333333,10.17155958910579,3.8981173864894747,-16.85968219768384,9600.0,800896.0
9700.0,25.294316315,5.240028516720838E-6,9700.0,54.70103092783505,10.167220598026654,3.6614777461083063,-16.92389568919638,9700.0,800896.0
9800.0,25.479658744,5.278430053472062E-6,9800.0,54.58163265306123,10.122124852933007,3.7205277958036116,-17.100762957116523,9800.0,800896.0
9900.0,25.668515691,5.317559771530006E-6,9900.0,54.52525252525252,10.190185276645494,3.7005347593582774,-16.93506493506496,9900.0,800896.0
10000.0,25.861479332,5.357540365242369E-6,10000.0,54.39000000000001,10.105051540296044,3.2866836301950952,-17.219223849910033,10000.0,800896.0
