learning evaluation instances,evaluation time (cpu seconds),model cost (RAM-Hours),classified instances,classifications correct (percent),Kappa Statistic (percent),Kappa Temporal Statistic (percent),Kappa M Statistic (percent),model training instances,model serialized size (bytes)
1000.0,9.608683248,9.833321166682244E-6,1000.0,61.1,-1.1345791865556096,15.065502183406105,-11.461318051575942,1000.0,3955840.0
2000.0,18.704674041,1.914196382751415E-5,2000.0,61.550000000000004,-1.0541697657487799,13.885778275475936,-5.486968449931386,2000.0,3955840.0
3000.0,27.711801544,2.8359665695737464E-5,3000.0,62.53333333333333,-0.6514284622659017,15.805243445692865,-3.690036900369028,3000.0,3955840.0
4000.0,36.706488706,3.7564636384743115E-5,4000.0,63.05,-0.4650758110277915,18.070953436807077,-2.7816411682892928,4000.0,3955840.0
5000.0,45.657564107,4.6724975729214976E-5,5000.0,63.160000000000004,-0.3844473645430938,17.583892617449667,-2.2197558268590165,5000.0,3955840.0
6000.0,54.601924048,5.5878442615384525E-5,6000.0,63.583333333333336,-0.2923855817646455,19.610007358351726,-1.8648018648018456,6000.0,3955840.0
7000.0,63.555147276,6.504098000012437E-5,7000.0,63.642857142857146,-0.25425130924229644,19.892980799496385,-1.596806387225537,7000.0,3955840.0
8000.0,72.495565908,7.41904134348611E-5,8000.0,63.87500000000001,-0.21065041566615128,20.538905691503988,-1.403508771929826,8000.0,3955840.0
9000.0,81.437284113,8.334117682484338E-5,9000.0,63.62222222222223,-0.20821107428263905,20.126860209807273,-1.2368583797155308,9000.0,3955840.0
10000.0,90.400458506,9.251389801925851E-5,10000.0,63.42,-0.20228919224353903,20.1832860571678,-1.105583195135435,10000.0,3955840.0
11000.0,99.34053917,1.0166298558476402E-4,11000.0,63.5090909090909,-0.18120377901451906,20.750246791707784,-1.0065425264217478,11000.0,3955840.0
12000.0,108.279567772,1.1081099649249382E-4,12000.0,63.55833333333333,-0.16527767099200522,20.86500180962721,-0.9231479344565181,12000.0,3955840.0
13000.0,117.202331186,1.1994236195429597E-4,13000.0,63.53076923076924,-0.15508576192586349,21.232762917428147,-0.8508827908955574,13000.0,3955840.0
14000.0,126.153909077,1.291032155362992E-4,14000.0,63.56428571428572,-0.14358953418013418,21.474753694581285,-0.7903576368306445,14000.0,3955840.0
15000.0,135.083836829,1.3824191282855953E-4,15000.0,63.44,-0.13973303083163452,21.601143674052896,-0.7347538574577624,15000.0,3955840.0
16000.0,144.020503019,1.473875060943165E-4,16000.0,63.31875,-0.13611533380546761,21.484949832775918,-0.6862240521530133,16000.0,3955840.0
17000.0,152.947111141,1.5652280614815176E-4,17000.0,63.36470588235294,-0.1270719937441698,21.482602118003033,-0.6464124111182851,17000.0,3955840.0
18000.0,161.876757621,1.6566121559265608E-4,18000.0,63.47222222222222,-0.11695961839323785,21.567457950614337,-0.6120887528691699,18000.0,3955840.0
19000.0,170.812853538,1.7480622525320753E-4,19000.0,63.526315789473685,-0.10951450192801149,21.41966209320785,-0.580551523947746,19000.0,3955840.0
20000.0,179.74422825,1.839464033334206E-4,20000.0,63.605000000000004,-0.1020438502235953,21.443988776170954,-0.5525625086337898,20000.0,3955840.0
21000.0,188.68813561,1.930994070578632E-4,21000.0,62.62857142857143,1.4696004470576136,19.59016393442623,-2.3741194886511687,21000.0,3955840.0
22000.0,197.793148727,2.0241728297233373E-4,22000.0,61.836363636363636,3.0576089469316554,17.967757694186606,-3.4499753573188676,22000.0,3955840.0
23000.0,206.734028763,2.1156718859806714E-4,23000.0,60.991304347826095,3.7476806710784474,16.141695485559403,-5.021655156268272,23000.0,3955840.0
24000.0,215.707059456,2.2074999651934313E-4,24000.0,60.27916666666666,4.3901419780816475,14.876328243593159,-6.217270194986101,24000.0,3955840.0
25000.0,224.656408263,2.2990856890440044E-4,25000.0,59.675999999999995,4.944118796357691,13.542024013722125,-7.142097991284943,25000.0,3955840.0
26000.0,233.592462235,2.3905353563933495E-4,26000.0,59.13846153846154,5.215702390921428,12.79651974062219,-8.198390874834512,26000.0,3955840.0
27000.0,242.537081362,2.4820726777091993E-4,27000.0,58.62962962962963,5.455036548357415,11.845947439034024,-8.933099278330404,27000.0,3955840.0
28000.0,251.490093458,2.573695890876814E-4,28000.0,58.15714285714285,5.476013509765716,11.080752884031552,-9.751756440281051,28000.0,3955840.0
29000.0,260.461418872,2.6655065186285845E-4,29000.0,57.7551724137931,5.704810275304175,10.34760336626416,-10.230340111570996,29000.0,3955840.0
30000.0,269.407716308,2.757061015400205E-4,30000.0,57.41333333333334,5.96846475530842,9.671945701357483,-10.442600276625145,30000.0,3955840.0
31000.0,278.331169038,2.848381724330913E-4,31000.0,56.99677419354838,5.87053996651215,9.04687180186941,-11.073154474254308,31000.0,3955840.0
32000.0,287.266221281,2.9398211401996706E-4,32000.0,56.73125,5.981243950780703,8.613292851956965,-11.391794046661307,32000.0,3955840.0
33000.0,296.209025396,3.0313398870704514E-4,33000.0,56.45454545454546,5.979614438975956,8.255123539551814,-11.71577392521184,33000.0,3955840.0
34000.0,305.148724382,3.122826856714392E-4,34000.0,56.25588235294118,6.081185740770391,7.9925765542839535,-11.961758506473966,34000.0,3955840.0
35000.0,314.127309137,3.2147117750111514E-4,35000.0,55.97714285714286,6.004055448822628,7.64251033986694,-12.139737991266372,35000.0,3955840.0
36000.0,323.121226772,3.306753606726283E-4,36000.0,55.794444444444444,6.1189377739230055,7.444457368849601,-12.117796251937447,36000.0,3955840.0
37000.0,332.042713884,3.3980541999422916E-4,37000.0,55.586486486486486,6.06998366384794,7.110960375332096,-12.439274717755726,37000.0,3955840.0
38000.0,340.991459163,3.489633747416244E-4,38000.0,55.318421052631585,5.851018845538275,6.534184740724445,-13.027559579283714,38000.0,3955840.0
39000.0,349.933453314,3.5811442052884805E-4,39000.0,55.05897435897435,5.6427343567852635,6.0063280956722105,-13.443365695792881,39000.0,3955840.0
40000.0,358.923775599,3.6731492429597834E-4,40000.0,54.8825,5.598271490593779,5.680986725201224,-13.6962136962137,40000.0,3955840.0
41000.0,367.878181762,3.7647867227112627E-4,41000.0,54.75853658536586,5.608798568799597,5.579027742428104,-13.811510614799346,41000.0,3955840.0
42000.0,376.790831524,3.8559968763752855E-4,42000.0,54.595238095238095,5.519097429295615,5.373889743462515,-14.068668501016852,42000.0,3955840.0
43000.0,385.740251355,3.9475833270703016E-4,43000.0,54.46046511627907,5.486213562737893,5.2086358795623955,-14.074332983805208,43000.0,3955840.0
44000.0,394.705435525,4.0393311066429244E-4,44000.0,54.336363636363636,5.460777502590905,5.08762813548113,-14.275964054146275,44000.0,3955840.0
45000.0,403.640760428,4.1307733128558737E-4,45000.0,54.20444444444444,5.403809233634805,4.808536191048087,-14.43167305236271,45000.0,3955840.0
46000.0,412.58163375,4.222272300403566E-4,46000.0,54.05652173913044,5.287077169883125,4.487729922718852,-14.77760278064412,46000.0,3955840.0
47000.0,421.547971109,4.31403188146606E-4,47000.0,53.96595744680851,5.256026848132039,4.358588984174698,-14.773752055593883,47000.0,3955840.0
48000.0,430.514020258,4.405788513048984E-4,48000.0,53.89583333333333,5.284520969117534,4.261302184728528,-14.889419582597851,48000.0,3955840.0
49000.0,439.437654019,4.497111074612272E-4,49000.0,53.74285714285715,5.1347511236502825,3.8965444138223657,-15.202033036848785,49000.0,3955840.0
50000.0,448.401971832,4.5888499880724357E-4,50000.0,53.598,5.018784345896984,3.670334232925063,-15.273016346201615,50000.0,3955840.0
51000.0,457.346358891,4.68038493445395E-4,51000.0,53.87254901960784,5.265262397713672,3.9835108771070438,-15.211322787599793,51000.0,3955840.0
52000.0,466.268379354,4.7716909858701534E-4,52000.0,54.138461538461534,5.4469353039448025,4.274876570465222,-14.974447979944081,52000.0,3955840.0
53000.0,475.186528169,4.862957415667821E-4,53000.0,54.45660377358491,5.723211270608173,4.619275299324313,-14.778887303851619,53000.0,3955840.0
54000.0,484.134498865,4.954529036224825E-4,54000.0,54.75185185185185,5.959981294971332,5.059061237177489,-14.589879472869688,54000.0,3955840.0
55000.0,493.065099394,5.045922894203522E-4,55000.0,55.01636363636364,6.143254337450014,5.377289937660171,-14.388090064265569,55000.0,3955840.0
56000.0,501.98570946,5.137214511918128E-4,56000.0,55.28214285714286,6.330526468179487,5.8217374952989935,-14.206229762393408,56000.0,3955840.0
57000.0,510.893050557,5.228370337838626E-4,57000.0,55.52982456140351,6.488984371991996,6.14285185322324,-14.01070480816806,57000.0,3955840.0
58000.0,519.843588629,5.319968232373148E-4,58000.0,55.78965517241379,6.670932841395116,6.497957992998828,-13.827851023216608,58000.0,3955840.0
59000.0,528.82436314,5.411875560165016E-4,59000.0,55.97796610169492,6.736182065059255,6.796569419026096,-13.627613964476309,59000.0,3955840.0
60000.0,537.774060058,5.503464846509196E-4,60000.0,56.18833333333333,6.84053899986678,7.165560107359783,-13.442948385983097,60000.0,3955840.0
61000.0,546.828932048,5.596130472071781E-4,61000.0,56.41639344262295,6.975556206466628,7.5237399561723874,-13.271696987772147,61000.0,3955840.0
62000.0,555.737106393,5.687294825274305E-4,62000.0,56.64032258064516,7.105711854670776,7.786505676945771,-13.105856613934682,62000.0,3955840.0
63000.0,564.648317932,5.778490260471391E-4,63000.0,56.852380952380955,7.218937270189143,8.140713706407148,-12.942496260594968,63000.0,3955840.0
64000.0,573.568522043,5.869777723729252E-4,64000.0,57.07656250000001,7.352641310777177,8.527570591369207,-12.789456396781059,64000.0,3955840.0
65000.0,582.512419211,5.961307656670927E-4,65000.0,57.238461538461536,7.392356361645225,8.809055118110228,-12.621555915721242,65000.0,3955840.0
66000.0,591.431879386,6.05258750664669E-4,66000.0,57.42727272727273,7.475697402776496,9.059131954558703,-12.4684785654245,66000.0,3955840.0
67000.0,600.350678945,6.143860596019436E-4,67000.0,57.62835820895522,7.579335930097591,9.332183577656412,-12.324918888976812,67000.0,3955840.0
68000.0,609.272828938,6.235167973017988E-4,68000.0,57.80882352941177,7.65373863028785,9.555184262791217,-12.179863147605076,68000.0,3955840.0
69000.0,618.310960758,6.327662283256979E-4,69000.0,58.014492753623195,7.767053388176894,9.781694746348602,-12.047959775672021,69000.0,3955840.0
70000.0,627.300467232,6.419658972092789E-4,70000.0,58.18714285714286,7.833189822786111,10.055007528963472,-11.910224057505541,70000.0,3955840.0
71000.0,636.211003178,6.51084749341544E-4,71000.0,58.3605633802817,7.902171748245254,10.317002881844383,-11.77738288782184,71000.0,3955840.0
72000.0,645.13642239,6.602188326902839E-4,72000.0,58.543055555555554,7.985746838360636,10.596938928325388,-11.651829131443103,72000.0,3955840.0
73000.0,654.047288728,6.693380229386637E-4,73000.0,58.69726027397261,8.030318252188046,10.835428064468447,-11.521674803965066,73000.0,3955840.0
74000.0,662.968863965,6.784681724455069E-4,74000.0,58.83378378378379,8.051747167640173,11.13736472098247,-11.3902296328799,74000.0,3955840.0
75000.0,671.893061509,6.876010055653139E-4,75000.0,59.00666666666666,8.12612240324588,11.34148451467788,-11.273977560622537,75000.0,3955840.0
76000.0,680.836151039,6.967531723400057E-4,76000.0,59.17763157894736,8.198982868557403,11.541641718700985,-11.160874238624146,76000.0,3955840.0
77000.0,689.747394327,7.058727483509628E-4,77000.0,59.32987012987013,8.247140663564851,11.726237456308503,-11.045707599021299,77000.0,3955840.0
78000.0,698.632640497,7.149657194667324E-4,78000.0,59.491025641025644,8.308900179096343,11.998328923548247,-10.936731971069445,78000.0,3955840.0
79000.0,707.537797829,7.240790672403327E-4,79000.0,59.63037974683544,8.34220183058156,12.189212258046734,-10.824616881537354,79000.0,3955840.0
80000.0,716.479206878,7.332295142466691E-4,80000.0,59.706250000000004,8.292493063455138,12.373936444939803,-10.700916927092257,80000.0,3955840.0
81000.0,725.410371038,7.423694768524633E-4,81000.0,59.51851851851851,8.362558375055587,12.046350688018018,-10.983245896090708,81000.0,3955840.0
82000.0,734.382664159,7.515515299583112E-4,82000.0,59.34878048780487,8.420824568725394,11.709707323533305,-11.131855309218196,82000.0,3955840.0
83000.0,743.302477539,7.60679876418339E-4,83000.0,59.21084337349397,8.467815245155238,11.423039690222632,-11.280938763435572,83000.0,3955840.0
84000.0,752.235874225,7.698221237435485E-4,84000.0,59.046428571428564,8.439113247942851,11.15444214876033,-11.492464754496853,84000.0,3955840.0
85000.0,761.20044737,7.78996276390879E-4,85000.0,58.89882352941177,8.397721010466935,10.836608646827637,-11.655853494838428,85000.0,3955840.0
86000.0,770.142401029,7.881472807394549E-4,86000.0,58.787209302325586,8.382321266057916,10.73191617973001,-11.807570977917967,86000.0,3955840.0
87000.0,779.109962628,7.97324491706767E-4,87000.0,58.64597701149425,8.286007439615931,10.486900704102714,-11.962407418933195,87000.0,3955840.0
88000.0,788.071445557,8.06495481893059E-4,88000.0,58.54204545454545,8.260297658030183,10.356774288662827,-12.065734910152035,88000.0,3955840.0
89000.0,797.0238874,8.156572196250826E-4,89000.0,58.428089887640446,8.175917393556594,10.163894621828321,-12.14196950868366,89000.0,3955840.0
90000.0,806.052301571,8.248967058145922E-4,90000.0,58.33111111111111,8.132351828864678,9.993759900158405,-12.12030614685482,90000.0,3955840.0
91000.0,815.153347798,8.34210522098581E-4,91000.0,58.24175824175825,8.07818422853142,9.907774010763658,-12.153946048049095,91000.0,3955840.0
92000.0,824.107052474,8.433735521869189E-4,92000.0,58.13369565217391,7.962591000003679,9.73917934056664,-12.261731273681159,92000.0,3955840.0
93000.0,833.053809373,8.525294720686998E-4,93000.0,58.047311827956996,7.900543462757792,9.651722860318639,-12.295648169468095,93000.0,3955840.0
94000.0,841.986003291,8.616704885068326E-4,94000.0,57.98085106382979,7.866704448408626,9.586595247905498,-12.325105221248997,94000.0,3955840.0
95000.0,850.908102539,8.708011742753389E-4,95000.0,57.909473684210525,7.832949505945562,9.542122884806803,-12.257158899494693,95000.0,3955840.0
96000.0,859.821276154,8.799227257417103E-4,96000.0,57.84583333333333,7.816399205003571,9.497931342949792,-12.183627643944222,96000.0,3955840.0
97000.0,868.752930129,8.890631896137117E-4,97000.0,57.758762886597935,7.726983758189995,9.375622055603479,-12.272914097821612,97000.0,3955840.0
98000.0,877.713914174,8.982336692527758E-4,98000.0,57.69795918367346,7.6702151608963405,9.260840063913129,-12.343838920354486,98000.0,3955840.0
99000.0,886.690435038,9.074200489404931E-4,99000.0,57.63838383838383,7.623676251340288,9.164157768199441,-12.343959282078758,99000.0,3955840.0
100000.0,895.660794714,9.166001234000319E-4,100000.0,57.582,7.585954647156047,9.081556103311545,-12.356633909887947,100000.0,3955840.0
