learning evaluation instances,evaluation time (cpu seconds),model cost (RAM-Hours),classified instances,classifications correct (percent),Kappa Statistic (percent),Kappa Temporal Statistic (percent),Kappa M Statistic (percent),model training instances,model serialized size (bytes)
1000.0,10.564844009,1.0963535460549845E-5,1000.0,28.9,0.0,-75.55555555555556,-146.02076124567472,1000.0,4011344.0
2000.0,20.574404798,2.135083266638129E-5,2000.0,30.25,0.0,-67.66826923076921,-130.57851239669424,2000.0,4011344.0
3000.0,30.347175196,3.149240358924685E-5,3000.0,30.333333333333336,0.0,-68.14159292035397,-129.67032967032966,3000.0,4011344.0
4000.0,40.049149091,4.156050632171961E-5,4000.0,30.25,0.0,-64.89361702127658,-130.57851239669424,4000.0,4011344.0
5000.0,49.759669041,5.1637477616469344E-5,5000.0,30.48,0.0,-64.50544249881686,-128.08398950131237,5000.0,4011344.0
6000.0,59.437966105,6.168101001207383E-5,6000.0,30.216666666666665,0.0,-66.08488694962317,-130.9431880860452,6000.0,4011344.0
7000.0,69.095106544,7.17025873832392E-5,7000.0,29.97142857142857,0.0,-67.1326287078077,-133.6510962821735,7000.0,4011344.0
8000.0,78.847529023,8.182304250625814E-5,8000.0,30.337500000000002,0.0,-64.34680035387791,-129.62505150391434,8000.0,4011344.0
9000.0,88.504208933,9.1844141969182E-5,9000.0,30.444444444444446,0.0,-63.40381101540069,-128.46715328467155,9000.0,4011344.0
10000.0,98.181199003,1.0188631804801991E-4,10000.0,30.459999999999997,0.0,-63.893471600282815,-128.29940906106373,10000.0,4011344.0
11000.0,107.929902559,1.1200291390495306E-4,11000.0,30.44545454545455,0.0,-64.07891915076131,-128.4562555986862,11000.0,4011344.0
12000.0,117.600039138,1.220379778587522E-4,12000.0,30.275000000000002,0.0,-65.35573122529645,-130.30553261767136,12000.0,4011344.0
13000.0,127.251322362,1.3205347697790572E-4,13000.0,30.138461538461534,0.0,-65.72992700729928,-131.80193976518635,13000.0,4011344.0
14000.0,136.936787033,1.4210444746852086E-4,14000.0,30.114285714285714,0.0,-65.69009314140557,-132.06831119544592,14000.0,4011344.0
15000.0,146.594098187,1.5212620199705405E-4,15000.0,29.96666666666667,0.0,-66.56096400824481,-133.70411568409347,15000.0,4011344.0
16000.0,156.261364935,1.6215828781942904E-4,16000.0,30.043750000000003,0.0,-66.38917793964619,-132.84793010193465,16000.0,4011344.0
17000.0,165.933381534,1.7219530274059874E-4,17000.0,30.023529411764706,0.0,-66.98483997754069,-133.07210031347964,17000.0,4011344.0
18000.0,175.577470068,1.8220333565969522E-4,18000.0,29.977777777777774,0.0,-67.36157216837073,-133.5804299481097,18000.0,4011344.0
19000.0,185.264020916,1.922554333169818E-4,19000.0,30.05263157894737,0.0,-66.85499058380414,-132.74956217162875,19000.0,4011344.0
20000.0,194.991742297,2.0235025518279345E-4,20000.0,30.075000000000003,0.0,-66.46827758600165,-132.50207813798838,20000.0,4011344.0
21000.0,204.665586449,2.1238916662435706E-4,21000.0,30.157142857142855,0.0,-66.08538104404937,-131.59639981051632,21000.0,4011344.0
22000.0,214.335981575,2.2242449888208954E-4,22000.0,30.13636363636364,0.0,-66.82948008249211,-131.82503770739063,22000.0,4011344.0
23000.0,224.000841816,2.324540873817584E-4,23000.0,30.017391304347825,0.0,-67.6492032079992,-133.14020857473926,23000.0,4011344.0
24000.0,233.678524263,2.42496981966216E-4,24000.0,29.983333333333334,0.0,-67.888899990009,-133.51862145636468,24000.0,4011344.0
25000.0,243.361584293,2.5254545707054327E-4,25000.0,29.864,0.0,-68.3210137275607,-134.851326011251,25000.0,4011344.0
26000.0,252.983409114,2.6253038609839904E-4,26000.0,29.788461538461537,0.0,-68.4040590405904,-135.70045190445447,26000.0,4011344.0
27000.0,262.595713136,2.725054350355161E-4,27000.0,29.81111111111111,0.0,-68.51324915525521,-135.44539694371974,27000.0,4011344.0
28000.0,272.286252178,2.8256167139151944E-4,28000.0,29.725,0.0,-69.03187011425138,-136.41715727502103,28000.0,4011344.0
29000.0,281.974240407,2.9261526067306004E-4,29000.0,29.76896551724138,0.0,-68.51729273539632,-135.9203058033129,29000.0,4011344.0
30000.0,291.679919703,3.026872086393313E-4,30000.0,29.80333333333333,0.0,-68.55290539458942,-135.53293815009505,30000.0,4011344.0
31000.0,301.334810964,3.1270645195400335E-4,31000.0,29.738709677419354,0.0,-69.18595619077212,-136.2620674693568,31000.0,4011344.0
32000.0,311.38402536,3.231348991972715E-4,32000.0,29.721874999999997,0.0,-69.10294007068202,-136.45252865103566,32000.0,4011344.0
33000.0,321.150592134,3.332700323864942E-4,33000.0,29.784848484848485,0.0,-68.73725604427614,-135.74117407671181,33000.0,4011344.0
34000.0,330.785059104,3.4326808064722656E-4,34000.0,29.75588235294118,0.0,-68.84411452810181,-136.06800434911534,34000.0,4011344.0
35000.0,340.429025502,3.532759868212082E-4,35000.0,29.751428571428573,0.0,-69.04090752836025,-136.11831364640352,35000.0,4011344.0
36000.0,350.098442174,3.633103037004726E-4,36000.0,29.78611111111111,0.0,-68.79465776293824,-135.7269420871025,36000.0,4011344.0
37000.0,359.803229977,3.733813265309718E-4,37000.0,29.783783783783786,0.0,-68.79994802157104,-135.7531760435572,37000.0,4011344.0
38000.0,369.653116073,3.836029233102407E-4,38000.0,29.789473684210527,0.0,-68.74327999494021,-135.6890459363958,38000.0,4011344.0
39000.0,379.597604725,3.9392269271529387E-4,39000.0,29.838461538461537,0.0,-68.44988918985474,-135.13792214488274,39000.0,4011344.0
40000.0,389.411824188,4.04107276889803E-4,40000.0,29.8375,0.0,-68.366428699982,-135.1487222454965,40000.0,4011344.0
41000.0,399.162827233,4.142262590128439E-4,41000.0,29.787804878048778,0.0,-68.47310821092057,-135.70785228854496,41000.0,4011344.0
42000.0,408.866384427,4.242960047941602E-4,42000.0,29.752380952380953,0.0,-68.89346842978992,-136.10755441741358,42000.0,4011344.0
43000.0,418.55292131,4.3434808795944174E-4,43000.0,29.737209302325578,0.0,-68.8914975683381,-136.27903339329004,43000.0,4011344.0
44000.0,428.309584965,4.444729443101012E-4,44000.0,29.795454545454547,0.0,-68.58593025159635,-135.6216628527841,44000.0,4011344.0
45000.0,438.018035947,4.545477685590436E-4,45000.0,29.81111111111111,0.0,-68.47130360571795,-135.44539694371974,45000.0,4011344.0
46000.0,447.679661511,4.645740003128899E-4,46000.0,29.789130434782606,0.0,-68.485575669049,-135.69291396044665,46000.0,4011344.0
47000.0,457.282701204,4.7453943530782066E-4,47000.0,29.76595744680851,0.0,-68.64207622356186,-135.9542530378842,47000.0,4011344.0
48000.0,466.972921793,4.8459534119318427E-4,48000.0,29.735416666666666,0.0,-68.66873374674937,-136.29930638268058,48000.0,4011344.0
49000.0,476.654999401,4.946427968013008E-4,49000.0,29.76326530612245,0.0,-68.48289029226025,-135.98464070213936,49000.0,4011344.0
50000.0,486.403376477,5.047590538576749E-4,50000.0,29.772,0.0,-68.33980535979674,-135.88606744592235,50000.0,4011344.0
51000.0,496.328993885,5.150592398639952E-4,51000.0,30.01960784313725,0.0,-67.16627634660423,-133.115610711953,51000.0,4011344.0
52000.0,506.193658459,5.252961728249879E-4,52000.0,30.265384615384615,0.0,-66.06521340904926,-130.41047147032657,52000.0,4011344.0
53000.0,516.07643339,5.355518995836934E-4,53000.0,30.47924528301887,0.0,-65.22129052508855,-128.09211340844377,53000.0,4011344.0
54000.0,526.243748019,5.46102903874779E-4,54000.0,30.703703703703706,0.0,-63.92149991238829,-125.69360675512668,54000.0,4011344.0
55000.0,536.209663672,5.564449088836022E-4,55000.0,30.94181818181818,0.0,-62.949933502080754,-123.18721353860617,55000.0,4011344.0
56000.0,546.13234972,5.66742052907544E-4,56000.0,31.157142857142855,0.0,-61.97638754674175,-120.95369096744611,56000.0,4011344.0
57000.0,556.078775567,5.770638326126128E-4,57000.0,31.34736842105263,0.0,-61.182964000329534,-119.00604432505035,57000.0,4011344.0
58000.0,566.106844819,5.874703367457068E-4,58000.0,31.575862068965517,0.0,-60.19860331812863,-116.69760838702629,58000.0,4011344.0
59000.0,576.014790455,5.977521840904428E-4,59000.0,31.796610169491522,0.0,-59.278024065864486,-114.49893390191899,59000.0,4011344.0
60000.0,585.945697302,6.080578591462931E-4,60000.0,32.02333333333333,0.0,-58.33689196009162,-112.27230144686165,60000.0,4011344.0
61000.0,595.858118073,6.183443505067118E-4,61000.0,32.19344262295082,0.0,-57.54551687361924,-110.62226295956819,61000.0,4011344.0
62000.0,605.685178421,6.285422601499096E-4,62000.0,32.36129032258064,0.0,-56.793539220818076,-109.01116427432216,62000.0,4011344.0
63000.0,615.525145407,6.387535634961539E-4,63000.0,32.53015873015873,0.0,-56.0769626202541,-107.40704596467256,63000.0,4011344.0
64000.0,625.458054,6.490613158390172E-4,64000.0,32.6859375,0.0,-55.19651284268164,-105.9419666332043,64000.0,4011344.0
65000.0,635.184085208,6.591543837488211E-4,65000.0,32.80307692307692,0.0,-54.60691656932497,-104.8494512709877,65000.0,4011344.0
66000.0,645.007763001,6.693487831876412E-4,66000.0,32.96515151515151,0.0,-54.011905176314976,-103.35064576917775,66000.0,4011344.0
67000.0,654.895451112,6.796096085377797E-4,67000.0,33.0955223880597,0.0,-53.52421398725941,-102.15567782087128,67000.0,4011344.0
68000.0,664.835903954,6.899251898312044E-4,68000.0,33.233823529411765,0.0,-52.92195762740409,-100.89826983494845,68000.0,4011344.0
69000.0,674.669452624,7.001298326498533E-4,69000.0,33.381159420289855,0.0,-52.380163097527,-99.57018191290757,69000.0,4011344.0
70000.0,684.534536034,7.103672002526954E-4,70000.0,33.50714285714286,0.0,-51.83493720437122,-98.4438286079727,70000.0,4011344.0
71000.0,694.375210792,7.205792380805292E-4,71000.0,33.67464788732394,0.0,-51.16525423728814,-96.95930402777199,71000.0,4011344.0
72000.0,704.183798087,7.307579775427515E-4,72000.0,33.78611111111111,0.0,-50.75736014925846,-95.97961029351313,72000.0,4011344.0
73000.0,714.042005406,7.409882095676858E-4,73000.0,33.88904109589041,0.0,-50.313015853240714,-95.08064190145113,73000.0,4011344.0
74000.0,723.893267005,7.51211233758084E-4,74000.0,34.01081081081081,0.0,-49.72252031273955,-94.0241576605213,74000.0,4011344.0
75000.0,733.698463107,7.613864540519515E-4,75000.0,34.08266666666667,0.0,-49.291861694096326,-93.40427196619979,75000.0,4011344.0
76000.0,743.561259675,7.716214485129528E-4,76000.0,34.17236842105263,0.0,-48.886971013630145,-92.63409187170303,76000.0,4011344.0
77000.0,753.45002264,7.818833892794603E-4,77000.0,34.3012987012987,0.0,-48.351906158357785,-91.53415114341968,77000.0,4011344.0
78000.0,763.248334211,7.920514652369152E-4,78000.0,34.37692307692308,0.0,-47.91504117902036,-90.8928171850526,78000.0,4011344.0
79000.0,773.185303706,8.023634317303179E-4,79000.0,34.50126582278481,0.0,-47.35163458252647,-89.84443792192545,79000.0,4011344.0
80000.0,783.063768696,8.126146859013595E-4,80000.0,34.6075,0.0,-46.932928884395025,-88.95470634977966,80000.0,4011344.0
81000.0,792.888097203,8.228097606105393E-4,81000.0,34.68271604938272,0.0,-46.66241614459168,-88.32805325169973,81000.0,4011344.0
82000.0,802.747349929,8.330410774935848E-4,82000.0,34.765853658536585,0.0,-46.33292299275065,-87.63855759786729,82000.0,4011344.0
83000.0,812.648719869,8.433161009915879E-4,83000.0,34.89277108433735,0.0,-45.79915821282107,-86.59231380131902,83000.0,4011344.0
84000.0,822.55421684,8.535954072646776E-4,84000.0,34.96666666666667,0.0,-45.47681819392292,-85.9866539561487,84000.0,4011344.0
85000.0,832.410182162,8.638233126851121E-4,85000.0,35.050588235294114,0.0,-45.23189435193225,-85.30191655758061,85000.0,4011344.0
86000.0,842.276810713,8.740622837388078E-4,86000.0,35.13488372093023,0.0,-44.912326276139765,-84.61742123378343,86000.0,4011344.0
87000.0,852.155113075,8.843133691446653E-4,87000.0,35.22758620689655,0.0,-44.551610917299406,-83.86844166014095,87000.0,4011344.0
88000.0,861.998820995,8.945285545986369E-4,88000.0,35.32159090909091,0.0,-44.19953890197866,-83.11295563491299,88000.0,4011344.0
89000.0,871.874891654,9.047773240824649E-4,89000.0,35.42022471910112,0.0,-43.913065251139265,-82.32457809922599,89000.0,4011344.0
90000.0,881.709407657,9.149829707389025E-4,90000.0,35.467777777777776,0.0,-43.72788240243511,-81.94605432160648,90000.0,4011344.0
91000.0,891.524859029,9.251688333116534E-4,91000.0,35.510989010989015,0.0,-43.515688048714885,-81.60297075661455,91000.0,4011344.0
92000.0,901.478695064,9.354983028471483E-4,92000.0,35.582608695652176,0.0,-43.30552532946441,-81.03616813294234,92000.0,4011344.0
93000.0,911.299969549,9.456902082829847E-4,93000.0,35.6494623655914,0.0,-43.05930724547604,-80.50913916872774,93000.0,4011344.0
94000.0,921.182679511,9.559458676209186E-4,94000.0,35.748936170212765,0.0,-42.6856926856927,-79.72860373765029,94000.0,4011344.0
95000.0,931.037835794,9.661729334711941E-4,95000.0,35.811578947368425,0.0,-42.46764169898604,-79.23929337761973,95000.0,4011344.0
96000.0,940.882621793,9.763892376882383E-4,96000.0,35.88645833333333,0.0,-42.211182994454724,-78.65664276798931,96000.0,4011344.0
97000.0,950.766641734,9.866462564405854E-4,97000.0,35.94639175257732,0.0,-41.94462213287034,-78.1920385453711,97000.0,4011344.0
98000.0,960.588622751,9.968388950712167E-4,98000.0,35.99387755102041,0.0,-41.70243527763972,-77.82502693201793,98000.0,4011344.0
99000.0,970.446387929,0.001007068668269828,99000.0,36.06363636363636,0.0,-41.41736857391809,-77.28762288883286,99000.0,4011344.0
99500.0,975.404417777,0.0010122138020746156,99500.0,36.10150753768844,0.0,-41.25527660519883,-76.9967428523705,99500.0,4011344.0
