learning evaluation instances,evaluation time (cpu seconds),model cost (RAM-Hours),classified instances,classifications correct (percent),Kappa Statistic (percent),Kappa Temporal Statistic (percent),Kappa M Statistic (percent),model training instances,model serialized size (bytes)
100.0,0.532936009,1.0961510747347855E-7,100.0,33.0,0.0,-42.55319148936171,-179.16666666666669,100.0,795056.0
200.0,1.489664669,3.2009454031048136E-7,200.0,45.5,-3.376327769347493,-8.999999999999996,-47.2972972972973,200.0,850400.0
300.0,1.936482786,4.183941186334069E-7,300.0,48.0,-2.1477213200628635,-6.849315068493149,-45.79439252336448,300.0,850400.0
400.0,2.335821517,5.062482753289202E-7,400.0,49.25,-2.608168216740794,-7.978723404255327,-41.95804195804194,400.0,850400.0
500.0,2.691975682,5.846018668809244E-7,500.0,50.2,-2.7058241214321113,-2.469135802469138,-39.88764044943821,500.0,850400.0
600.0,3.036652146,6.604303746785099E-7,600.0,50.83333333333333,-2.732570287651213,-2.4305555555555656,-41.148325358851665,600.0,850400.0
700.0,3.371742584,7.341499654968124E-7,700.0,51.42857142857142,-2.7039623016044407,-1.492537313432854,-40.49586776859504,700.0,850400.0
800.0,3.705288949,8.075298616630294E-7,800.0,51.125,-4.176380470259126,-2.8947368421052717,-36.7132867132867,800.0,850400.0
900.0,4.037427641,8.806000710527889E-7,900.0,52.0,-3.615344025328202,-2.612826603325421,-35.84905660377356,900.0,850400.0
1000.0,4.383660133,9.567709035915592E-7,1000.0,52.6,-2.338234341602437,0.0,-30.21978021978022,1000.0,850400.0
1100.0,4.667859745,1.019294559093064E-6,1100.0,53.27272727272727,-1.537245887508085,1.720841300191204,-28.17955112219453,1100.0,850400.0
1200.0,4.922412865,1.0752960133867918E-6,1200.0,54.0,-0.5623231354069199,2.9876977152899813,-27.482678983833708,1200.0,850400.0
1300.0,5.169377263,1.1296279557600577E-6,1300.0,53.38461538461539,-1.5907895144068533,2.1001615508885316,-27.044025157232703,1300.0,850400.0
1400.0,5.403368179,1.1811057439227858E-6,1400.0,53.42857142857142,-2.0663744520976883,1.9548872180451013,-27.592954990215272,1400.0,850400.0
1500.0,5.747356829,1.256782933267533E-6,1500.0,53.53333333333333,-2.035836976889446,2.5174825174825197,-27.18978102189783,1500.0,850400.0
1600.0,6.085441504,1.3311612534956346E-6,1600.0,53.31249999999999,-2.613061530061048,2.480417754569184,-25.969645868465445,1600.0,850400.0
1700.0,6.413979215,1.4034392503488355E-6,1700.0,53.64705882352941,-2.310150364455085,2.354399008674112,-26.079999999999988,1700.0,850400.0
1800.0,6.757557035,1.479026057468185E-6,1800.0,53.5,-2.462751328220838,3.348729792147821,-25.864661654135325,1800.0,850400.0
1900.0,7.128246061,1.5605773051870326E-6,1900.0,53.63157894736842,-2.462929953772631,4.239130434782594,-24.964539007092192,1900.0,850400.0
2000.0,7.483302753,1.6386894536797332E-6,2000.0,53.7,-2.4903154399557237,3.642039542143615,-24.966261808367047,2000.0,850400.0
2100.0,7.82662759,1.7142206047697575E-6,2100.0,52.95238095238095,-2.2604951560818005,1.984126984126977,-26.82926829268294,2100.0,850400.0
2200.0,8.176191552,1.7911243576708315E-6,2200.0,53.04545454545454,0.017421940029787465,3.186504217432039,-23.86091127098321,2200.0,850400.0
2300.0,8.51828199,1.8663839421064037E-6,2300.0,52.26086956521739,-0.3490401396160604,1.2589928057554067,-26.35212888377444,2300.0,850400.0
2400.0,8.776023642,1.9230868705327688E-6,2400.0,51.916666666666664,0.2515320984346129,0.25929127052722006,-26.396495071193883,2400.0,850400.0
2500.0,9.031418843,1.9792735818786714E-6,2500.0,51.72,1.0191014272930787,0.5766062602965454,-25.729166666666664,2500.0,850400.0
2600.0,9.270048283,2.031771841091907E-6,2600.0,51.26923076923077,1.0735302773496616,-1.1980830670926474,-26.700000000000017,2600.0,850400.0
2700.0,9.500007406,2.082362638470899E-6,2700.0,50.888888888888886,1.192250372578234,-1.6091954022988728,-27.377521613832872,2700.0,850400.0
2800.0,9.753068411,2.138035828825165E-6,2800.0,50.857142857142854,1.9244476122594505,-1.8504811250925173,-26.12282309807515,2800.0,850400.0
2900.0,10.099636186,2.2142804233182184E-6,2900.0,50.48275862068966,1.891308649886458,-2.5714285714285676,-26.967285587975226,2900.0,850400.0
3000.0,10.452602438,2.291932676917021E-6,3000.0,50.5,2.52605212788581,-2.061855670103095,-25.634517766497456,3000.0,850400.0
3100.0,10.806745736,2.369843879562571E-6,3100.0,50.32258064516129,2.7300777996378125,-2.5299600532623305,-25.509372453137765,3100.0,850400.0
3200.0,11.170592582,2.449889853920246E-6,3200.0,50.0,2.637015581120105,-3.225806451612903,-26.282557221783726,3200.0,850400.0
3300.0,11.510631505,2.5246981069264277E-6,3300.0,49.96969696969697,2.996474735605178,-3.123048094940671,-25.45592705167173,3300.0,850400.0
3400.0,11.841435568,2.5974746991531265E-6,3400.0,49.705882352941174,2.9342116334699617,-3.4482758620689578,-26.01326455416358,3400.0,850400.0
3500.0,12.172681376,2.6703484748770344E-6,3500.0,49.628571428571426,3.1369773902035942,-3.1597425394967766,-25.569800569800577,3500.0,850400.0
3600.0,12.500143057,2.7423897461113794E-6,3600.0,49.666666666666664,3.477371516236247,-3.07167235494882,-24.536082474226806,3600.0,850400.0
3700.0,12.829225977,2.8147876884474485E-6,3700.0,49.486486486486484,3.462145401060738,-3.6031042128603077,-24.766355140186924,3700.0,850400.0
3800.0,13.177327945,2.891369804001596E-6,3800.0,49.34210526315789,3.4804055327168992,-3.2171581769436983,-24.83787289234762,3800.0,850400.0
3900.0,13.51855694,2.9664398717626477E-6,3900.0,49.358974358974365,3.7027646589333947,-2.9181865554976585,-24.057788944723608,3900.0,850400.0
4000.0,13.847080063,3.0387146592691504E-6,4000.0,49.125,3.564237354238657,-3.8795303726390937,-24.69362745098038,4000.0,850400.0
4100.0,14.173136038,3.1104466764652445E-6,4100.0,48.92682926829268,3.4665421741042812,-4.230960676953712,-25.164375373580388,4100.0,850400.0
4200.0,14.501465579,3.182678876108259E-6,4200.0,48.76190476190476,3.4041941970697915,-4.669260700389116,-25.481049562682216,4200.0,850400.0
4300.0,14.828751301,3.2546814365230466E-6,4300.0,48.72093023255814,3.48746024068129,-4.750593824228026,-25.141884222474463,4300.0,850400.0
4400.0,15.109763524,3.316503869350872E-6,4400.0,48.70454545454545,3.586974630174672,-4.781801299907156,-24.696132596685075,4400.0,850400.0
4500.0,15.420775061,3.3849261239047646E-6,4500.0,48.51111111111111,3.4641254858041886,-5.366075488858567,-25.243243243243253,4500.0,850400.0
4600.0,15.690728213,3.4443155711964566E-6,4600.0,48.369565217391305,3.3987033055416234,-5.837789661319076,-25.528541226215655,4600.0,850400.0
4700.0,16.040644946,3.5212969333958675E-6,4700.0,48.319148936170215,3.4316067421509016,-5.792682926829267,-25.335397316821474,4700.0,850400.0
4800.0,16.421519683,3.605089028247194E-6,4800.0,48.083333333333336,3.2518557629592757,-6.35936833119931,-26.177215189873404,4800.0,850400.0
4900.0,16.761026636,3.6797802483384357E-6,4900.0,48.16326530612245,3.4144984724497793,-5.789254477301126,-25.30833744449927,4900.0,850400.0
5000.0,17.092561155,3.752717540219091E-6,5000.0,48.120000000000005,3.434543660094358,-5.66191446028513,-25.132657983598655,5000.0,850400.0
5100.0,17.438273474,3.828773935172165E-6,5100.0,47.78431372549019,3.145239138471651,-6.605284227381916,-26.56844106463877,5100.0,850400.0
5200.0,17.782824448,3.904574835284175E-6,5200.0,47.63461538461539,3.051738147945588,-6.994106090373268,-27.00559701492538,5200.0,850400.0
5300.0,18.078589028,3.969642773200527E-6,5300.0,47.283018867924525,2.7574279765885277,-7.834812813585501,-28.57800276115968,5300.0,850400.0
5400.0,18.421099711,4.044994811152912E-6,5400.0,46.925925925925924,2.4661388025500908,-9.09783022459078,-30.213539300318025,5400.0,850400.0
5500.0,18.763804751,4.1203896074680785E-6,5500.0,46.63636363636364,2.2469545013695362,-9.719626168224305,-31.496415770609303,5500.0,850400.0
5600.0,19.097408847,4.193782204401655E-6,5600.0,46.339285714285715,2.026151355739625,-10.559234731420167,-32.847038019451816,5600.0,850400.0
5700.0,19.437228824,4.268542289487476E-6,5700.0,45.98245614035088,1.7570575851659258,-11.59840521928235,-34.57167832167831,5700.0,850400.0
5800.0,19.748025529,4.3369172811972564E-6,5800.0,45.758620689655174,1.6130736828937218,-12.236889047449154,-35.54502369668248,5800.0,850400.0
5900.0,20.084815144,4.4110106894062174E-6,5900.0,45.50847457627118,1.4489859197547341,-13.204225352112688,-36.69217687074829,5900.0,850400.0
6000.0,20.426289432,4.486134721403606E-6,6000.0,45.36666666666667,1.3801958917841577,-13.386371497751643,-37.21222268731687,6000.0,850400.0
6100.0,20.766168334,4.560907769935698E-6,6100.0,45.19672131147541,1.2879812043308676,-13.823629553966626,-37.91254125412541,6100.0,850400.0
6200.0,21.050980113,4.6235661016190174E-6,6200.0,44.887096774193544,1.082991227485307,-14.779979845482044,-39.469387755102055,6200.0,850400.0
6300.0,21.345683153,4.688400501703301E-6,6300.0,44.698412698412696,0.9799686228144031,-15.249751902084022,-40.31413612565446,6300.0,850400.0
6400.0,21.662072278,4.758005820713809E-6,6400.0,44.53125,0.8953961375027424,-15.899444988573286,-41.04092173222089,6400.0,850400.0
6500.0,22.037957302,4.840700183254848E-6,6500.0,44.353846153846156,0.8039644491669755,-16.264866602378643,-41.84313725490194,6500.0,850400.0
6600.0,22.386477217,4.917374246767904E-6,6600.0,44.18181818181818,0.7179354504883316,-17.138314785373595,-42.62485481997677,6600.0,850400.0
6700.0,22.655351034,4.976526241343753E-6,6700.0,43.92537313432836,0.5706505767336091,-17.99623115577889,-43.946360153256705,6700.0,850400.0
6800.0,22.907926678,5.032092652720581E-6,6800.0,43.6764705882353,0.4324330606528841,-18.61257355218334,-45.240803943875605,6800.0,850400.0
6900.0,23.152949855,5.085997528243888E-6,6900.0,43.44927536231884,0.31297013276794083,-19.21784295753133,-46.416510318949335,6900.0,850400.0
7000.0,23.425565439,5.145972708147925E-6,7000.0,43.24285714285715,0.21068029541456276,-19.921521279806814,-47.475872308834425,7000.0,850400.0
7100.0,23.718445143,5.210405975974761E-6,7100.0,43.014084507042256,0.09515211122224253,-20.740077588779478,-48.69533259830946,7100.0,850400.0
7200.0,23.988897915,5.26990533921089E-6,7200.0,42.84722222222222,0.023931088184239203,-21.136296732410948,-49.52761627906976,7200.0,850400.0
7300.0,24.277933292,5.333492858603054E-6,7300.0,42.65753424657534,-0.06129850670026797,-21.934168365860764,-50.52139518158938,7300.0,850400.0
7400.0,24.6150426,5.407656598980514E-6,7400.0,42.513513513513516,-0.11517844262564836,-22.452504317789302,-51.22644863135445,7400.0,850400.0
7500.0,24.938061928,5.478720556605479E-6,7500.0,42.306666666666665,-0.20865261766214674,-23.41699942954934,-52.35915492957746,7500.0,850400.0
7600.0,25.261426556,5.549860479915593E-6,7600.0,42.0921052631579,-0.30498502064720484,-24.076684522131377,-53.55896720167481,7600.0,850400.0
7700.0,25.587828504,5.6216686108562226E-6,7700.0,42.05194805194805,-0.29129879704385914,-24.15136338341682,-53.597246127366596,7700.0,850400.0
7800.0,25.84623089,5.678516900160118E-6,7800.0,41.85897435897436,-0.3721370829206153,-25.034463744141167,-54.672578444747636,7800.0,850400.0
7900.0,26.158799643,5.747281740814112E-6,7900.0,41.78481012658228,-0.3800462301721447,-25.14285714285713,-54.952830188679236,7900.0,850400.0
8000.0,26.475599643,5.816977451949976E-6,8000.0,41.675000000000004,-0.4096221942708777,-25.430107526881727,-55.48150616461177,8000.0,850400.0
8100.0,26.755952132,5.878654743899359E-6,8100.0,41.641975308641975,-0.39428052535496394,-25.5844845908608,-55.49342105263156,8100.0,850400.0
8200.0,27.097827004,5.953866904011488E-6,8200.0,41.78048780487805,-0.28090169711186125,-24.843096234309638,-54.348528936307794,8200.0,850400.0
8300.0,27.431924229,6.027367988875421E-6,8300.0,41.68674698795181,-0.30363747750584585,-25.096924269837157,-54.780940198273086,8300.0,850400.0
8400.0,27.769046698,6.10153462466088E-6,8400.0,41.726190476190474,-0.25129384586081516,-25.063873275421543,-54.31904161412358,8400.0,850400.0
8500.0,28.111765735,6.176932500303284E-6,8500.0,41.77647058823529,-0.19472787543969375,-24.62855703852934,-53.79117464263518,8500.0,850400.0
8600.0,28.453947894,6.252212263275223E-6,8600.0,41.77906976744186,-0.1663973398757008,-24.89398852581691,-53.588957055214706,8600.0,850400.0
8700.0,28.785776105,6.325214167128085E-6,8700.0,41.758620689655174,-0.15188096850493654,-24.74150664697194,-53.545454545454554,8700.0,850400.0
8800.0,29.119852929,6.39871076379062E-6,8800.0,41.840909090909086,-0.08271783830716238,-24.616508400292194,-52.821737832188695,8800.0,850400.0
8900.0,29.423457064,6.46550339665872E-6,8900.0,41.831460674157306,-0.06465774483029177,-24.477037749459,-52.71386430678465,8900.0,850400.0
9000.0,29.735005775,6.534043829002807E-6,9000.0,41.922222222222224,0.005586066360938216,-24.127285680360956,-51.94767441860465,9000.0,850400.0
9100.0,30.044378091,6.602105456431372E-6,9100.0,41.96703296703297,0.04979093630252837,-23.996243249589114,-51.491681009753286,9100.0,850400.0
9200.0,30.356800598,6.670838123098716E-6,9200.0,41.94565217391305,0.05821117190764923,-23.949872360176382,-51.474758933635826,9200.0,850400.0
9300.0,30.706430783,6.7477564449994065E-6,9300.0,42.02150537634409,0.11602297895571677,-23.698095893553557,-50.82517482517483,9300.0,850400.0
9400.0,31.056379101,6.824744755870018E-6,9400.0,42.02127659574468,0.1334776599193783,-23.582766439909282,-50.677356925628956,9400.0,850400.0
9500.0,31.408513684,6.902214043047152E-6,9500.0,42.07368421052632,0.17673120816963608,-23.164726947179943,-50.191048034934525,9500.0,850400.0
9600.0,31.721792271,6.9711350465339055E-6,9600.0,42.145833333333336,0.22863522599228925,-23.012181616832773,-49.58254780500945,9600.0,850400.0
9700.0,32.033829762,7.039783010032314E-6,9700.0,42.175257731958766,0.25798184733511836,-22.977417233062916,-49.25492283129322,9700.0,850400.0
9800.0,32.292726441,7.096740043345505E-6,9800.0,42.183673469387756,0.27607500792018763,-22.561107505948506,-49.06603525388054,9800.0,850400.0
9900.0,32.618756545,7.168466368945188E-6,9900.0,42.25252525252525,0.3229001032164394,-22.28877005347594,-48.49350649350651,9900.0,850400.0
10000.0,32.909314058,7.23238875686944E-6,10000.0,42.24,0.32924480766442665,-22.476675148430868,-48.445129786687225,10000.0,850400.0
