learning evaluation instances,evaluation time (cpu seconds),model cost (RAM-Hours),classified instances,classifications correct (percent),Kappa Statistic (percent),Kappa Temporal Statistic (percent),Kappa M Statistic (percent),model training instances,model serialized size (bytes)
10000.0,0.039875411,5.0423617414716215E-11,10000.0,87.96000000000001,69.21677714281273,71.61046922895545,60.01328462304885,10000.0,4888.0
20000.0,0.075072122,9.493088254912032E-11,20000.0,88.11,69.381472131352,71.68710560781045,60.09397549924485,20000.0,4888.0
30000.0,0.111016215,1.403832339681685E-10,30000.0,88.22333333333333,69.63847110443537,71.88221249502585,60.352373470990905,30000.0,4888.0
40000.0,0.146547317,1.8531334625143143E-10,40000.0,88.3325,69.86096093434199,72.06058429118775,60.56944913822239,40000.0,4888.0
50000.0,0.18147659,2.294824282535248E-10,50000.0,88.302,69.71460736034891,71.85680604340087,60.36188669015995,50000.0,4888.0
60000.0,0.222472824,2.813233589629332E-10,60000.0,81.90333333333332,58.95545992650653,57.76247714630255,43.07135741624283,60000.0,4888.0
70000.0,0.263145965,3.327557291732066E-10,70000.0,78.63142857142857,54.312211978511414,51.25940890872952,35.893369905284366,70000.0,4888.0
80000.0,0.303898005,3.8428786946460605E-10,80000.0,76.67125,51.75264426848346,47.65083728366666,32.48073513982852,80000.0,4888.0
90000.0,0.345113124,4.364055866251389E-10,90000.0,75.43222222222222,50.183832046097606,45.398197308309676,30.606032074820323,90000.0,4888.0
100000.0,0.385773035,4.878212271154755E-10,100000.0,74.385,48.765708000890655,43.48219407793125,28.922248737443816,100000.0,4888.0