learning evaluation instances,evaluation time (cpu seconds),model cost (RAM-Hours),classified instances,classifications correct (percent),Kappa Statistic (percent),Kappa Temporal Statistic (percent),Kappa M Statistic (percent),model training instances,model serialized size (bytes)
1000.0,26.708938271,1.972754406933392E-4,1000.0,94.69999999999999,85.74103568507596,17.187499999999854,79.37743190661477,1000.0,2.8550832E7
2000.0,54.275267995,4.0133118955497685E-4,2000.0,74.85000000000001,43.60379592422504,-50.59880239520952,37.747524752475265,2000.0,2.8613584E7
3000.0,81.885769962,6.060034598600834E-4,3000.0,68.36666666666666,38.81582510309114,-106.75381263616556,31.331403762662802,3000.0,2.865412E7
4000.0,109.236619944,8.088709748059399E-4,4000.0,68.15,39.884265414271255,-138.13084112149528,22.174709835064142,4000.0,2.867108E7
5000.0,136.890142582,0.0010142481223765374,5000.0,68.89999999999999,41.14857989063247,-163.113367174281,15.443175638934193,5000.0,2.8708072E7
6000.0,164.337254604,0.0012182227234320488,6000.0,71.05,43.63528710092843,-164.3835616438355,12.581781580271786,6000.0,2.872644E7
7000.0,191.735836397,0.0014219507586108726,7000.0,72.31428571428572,44.44584132936198,-158.74499332443258,14.962702939885943,7000.0,2.8742536E7
8000.0,219.324009887,0.0016271525488780678,8000.0,74.52499999999999,46.76768790820064,-168.51119894598148,12.868747327917918,8000.0,2.8751504E7
9000.0,246.934367635,0.001832640945780573,9000.0,76.2,48.00198756589907,-180.0000000000001,8.889834113143355,9000.0,2.8768528E7
9324.0,256.606046677,0.0019046338948216165,9324.0,76.43715143715144,47.98506385613865,-180.94629156010225,7.959782153330544,9324.0,2.8773352E7