learning evaluation instances,evaluation time (cpu seconds),model cost (RAM-Hours),classified instances,classifications correct (percent),Kappa Statistic (percent),Kappa Temporal Statistic (percent),Kappa M Statistic (percent),model training instances,model serialized size (bytes)
1000.0,13.701278232,1.4021595443618298E-5,1000.0,50.8,0.8144504475445615,3.9062500000000036,-4.016913319238904,1000.0,3955840.0
2000.0,26.275873812,2.6890167930386463E-5,2000.0,49.5,-0.9278365968332629,0.5905511811023627,-4.663212435233153,2000.0,3955840.0
3000.0,38.737857458,3.96434957696163E-5,3000.0,50.33333333333333,0.7000314560974004,0.0,-2.2649279341111894,3000.0,3955840.0
4000.0,51.282060357,5.2480965035924814E-5,4000.0,49.425000000000004,-1.090104113312858,-1.3019529293940924,-4.655975168132441,4000.0,3955840.0
5000.0,63.432922252,6.491589752164351E-5,5000.0,49.62,-0.8080975595075972,-0.9214743589743687,-4.047914085088819,5000.0,3955840.0
6000.0,75.869131831,7.764284873131431E-5,6000.0,49.68333333333334,-0.7082154864483815,-0.5662891405729445,-2.8620102214650793,6000.0,3955840.0
7000.0,88.296920392,9.036118205106126E-5,7000.0,49.871428571428574,-0.3658001013015015,-0.02850627137969723,-2.452554744525538,7000.0,3955840.0
8000.0,100.550800596,1.0290154127344091E-4,8000.0,49.775000000000006,-0.55555819721752,-0.3998000999500253,-2.265207431916506,8000.0,3955840.0
9000.0,112.502526021,1.1513268174989372E-4,9000.0,50.16666666666667,0.2934211591069522,0.8620689655172459,-0.8091706001348625,9000.0,3955840.0
10000.0,124.976238861,1.2789801299569357E-4,10000.0,50.129999999999995,0.2217490097003468,1.2279659338482833,-0.8085708510208213,10000.0,3955840.0
11000.0,137.39456584,1.4060666353454853E-4,11000.0,49.92727272727272,-0.16719993394929294,1.1840688912809485,-1.1384502387073019,11000.0,3955840.0
12000.0,149.304210713,1.5279473967304708E-4,12000.0,49.96666666666666,-0.05997376619919191,1.1524530786960754,-0.8736559139784991,12000.0,3955840.0
13000.0,162.50969691,1.663089521396011E-4,13000.0,50.03846153846154,0.11767033926704482,1.51630022744504,-1.0894941634241115,13000.0,3955840.0
14000.0,174.874073512,1.7896239101517067E-4,14000.0,50.192857142857136,0.3969836555635298,1.4277636415040913,-0.40316774658027393,14000.0,3955840.0
15000.0,187.472277604,1.918551239487734E-4,15000.0,50.14666666666666,0.2996007219883668,1.2153236459709253,-0.402792696025779,15000.0,3955840.0
16000.0,199.743354855,2.0441308226167409E-4,16000.0,50.18125,0.3689168644481908,1.3490099009900989,-0.4157218442932662,16000.0,3955840.0
17000.0,211.955067567,2.169102881735608E-4,17000.0,50.10588235294118,0.23055726430713325,1.4064861094966936,-0.784220532319387,17000.0,3955840.0
18000.0,225.002803558,2.3026306244929598E-4,18000.0,50.12222222222222,0.244935830501272,1.4056665934548676,-0.36892118501956805,18000.0,3955840.0
19000.0,237.662847628,2.4321908109530276E-4,19000.0,50.15263157894737,0.3065025607105512,1.548856548856555,-0.541401273885339,19000.0,3955840.0
20000.0,250.186886864,2.5603591529965134E-4,20000.0,50.029999999999994,0.05431808798329553,1.1767032532383974,-1.0005053057099564,20000.0,3955840.0
21000.0,262.058701049,2.681852763202238E-4,21000.0,50.14761904761905,0.29065282185766084,1.5701391500564192,-0.6925074540732717,21000.0,3955840.0
22000.0,273.618691262,2.800155233493152E-4,22000.0,50.1,0.19155010115070392,1.2325686009896577,-0.9100101112234474,22000.0,3955840.0
23000.0,285.428117999,2.921010383883812E-4,23000.0,50.23043478260869,0.4551655897530397,1.4294325325066657,-0.5269166593483812,23000.0,3955840.0
24000.0,298.021518248,3.0498885517168175E-4,24000.0,50.43333333333333,0.8700866486772966,1.9695096827358796,-0.05046257359127001,24000.0,3955840.0
25000.0,310.296712502,3.1755102673750155E-4,25000.0,50.36000000000001,0.7216322952104783,1.9049877480041177,-0.12101653892697337,25000.0,3955840.0
26000.0,322.314983058,3.298502680794229E-4,26000.0,50.31153846153846,0.6281983928520668,1.8387660512119222,-0.3885305773564366,26000.0,3955840.0
27000.0,334.297430066,3.4211284836761584E-4,27000.0,50.285185185185185,0.5718706576444064,1.699011351153435,-0.28389988793425586,27000.0,3955840.0
28000.0,346.138490812,3.542307369756983E-4,28000.0,50.26428571428572,0.5336579140139203,1.5760831154145256,-0.5051963048498738,28000.0,3955840.0
29000.0,358.611973553,3.6699583274309714E-4,29000.0,50.3,0.6036033262090252,1.62446249402771,-0.38306170775874265,29000.0,3955840.0
30000.0,371.266537944,3.7994624360267713E-4,30000.0,50.27333333333333,0.5486888433268543,1.5053479466525916,-0.3227975790181442,30000.0,3955840.0
31000.0,383.942293561,3.929183411102395E-4,31000.0,50.251612903225805,0.5044466717636308,1.607758070690311,-0.3187406491901352,31000.0,3955840.0
32000.0,396.278215477,4.0554266006803127E-4,32000.0,50.196875,0.3935126564168714,1.4774975272007849,-0.5045090496310894,32000.0,3955840.0
33000.0,407.961187179,4.1749876372572424E-4,33000.0,50.20606060606061,0.41194562987659933,1.4631806188534535,-0.4523780413253281,33000.0,3955840.0
34000.0,419.880564512,4.2969679985587324E-4,34000.0,50.19705882352942,0.39354068784469476,1.4319809069212526,-0.5283780574685293,34000.0,3955840.0
35000.0,432.169581664,4.4227311748020907E-4,35000.0,50.245714285714286,0.49081380773785754,1.5768948171593182,-0.44993077988002655,35000.0,3955840.0
36000.0,444.414252167,4.5480405169133123E-4,36000.0,50.24444444444445,0.4879260174323139,1.652665678361618,-0.4880785413744651,36000.0,3955840.0
37000.0,456.998722436,4.6768272972387E-4,37000.0,50.33513513513513,0.669974239221974,1.811381244990646,-0.152605188576419,37000.0,3955840.0
38000.0,469.632112326,4.806114710514753E-4,38000.0,50.28157894736842,0.5631066613236646,1.6194542803582594,-0.27599384321426584,38000.0,3955840.0
39000.0,481.032300917,4.922781805144377E-4,39000.0,50.169230769230765,0.3387642570079781,1.4353096312826419,-0.6786509868932301,39000.0,3955840.0
40000.0,492.71713575,5.042361908605942E-4,40000.0,50.15500000000001,0.3101953920170276,1.3507495918064474,-0.7173166296221342,40000.0,3955840.0
41000.0,505.417953267,5.172339361812218E-4,41000.0,50.2,0.3996577682470302,1.3670837157625249,-0.6506950606329495,41000.0,3955840.0
42000.0,517.116836568,5.292063234294135E-4,42000.0,50.202380952380956,0.40373567930822274,1.3815541305167849,-0.746628131021183,42000.0,3955840.0
43000.0,528.607111452,5.409652252801278E-4,43000.0,50.2,0.397826528666738,1.336159233321044,-0.7859933167035417,43000.0,3955840.0
44000.0,541.058680386,5.537078949255853E-4,44000.0,50.24545454545455,0.48795827102707584,1.3207121929231542,-0.6713878414420957,44000.0,3955840.0
45000.0,553.403516385,5.663413363654886E-4,45000.0,50.21555555555556,0.4274999484425783,1.1952015524389248,-0.6785906884774403,45000.0,3955840.0
46000.0,566.002854606,5.792352299424816E-4,46000.0,50.219565217391306,0.43383667691942124,1.1098635342891687,-0.6903526514818419,46000.0,3955840.0
47000.0,578.101505855,5.916167311684547E-4,47000.0,50.221276595744676,0.43604840674787504,1.0698126770687995,-0.6885866758478143,47000.0,3955840.0
48000.0,590.420935976,6.042241727755559E-4,48000.0,50.25208333333333,0.49761540202517845,0.9581086686022391,-0.551625400033688,48000.0,3955840.0
49000.0,602.486922163,6.165722452748985E-4,49000.0,50.22448979591837,0.44251353834285306,0.8214053350683183,-0.5565862708719806,49000.0,3955840.0
50000.0,614.86670228,6.292414477786553E-4,50000.0,50.254,0.4990535116978166,0.8095390014356373,-0.5375909458367009,50000.0,3955840.0
51000.0,627.875525601,6.425543996591999E-4,51000.0,50.258823529411764,0.5061498386851602,0.8132624335314399,-0.5668979187314089,51000.0,3955840.0
52000.0,639.727704534,6.546836663823414E-4,52000.0,50.301923076923075,0.5918877696944089,0.9201395544990912,-0.4430797932294345,52000.0,3955840.0
53000.0,652.08108217,6.673258491510764E-4,53000.0,50.29811320754717,0.5835709054056155,0.9438574060843005,-0.4308208471539183,53000.0,3955840.0
54000.0,663.950750334,6.794730139796026E-4,54000.0,50.32592592592593,0.6387578392686888,0.919735529863704,-0.34791066551942595,54000.0,3955840.0
55000.0,675.307670727,6.910954436930659E-4,55000.0,50.36181818181819,0.7078824957420128,0.9613291736196794,-0.3123162845385009,55000.0,3955840.0
56000.0,686.948915614,7.030088450196935E-4,56000.0,50.387499999999996,0.7591629852033038,1.1316323262517227,-0.2272727272727359,56000.0,3955840.0
57000.0,699.258184902,7.156058882473674E-4,57000.0,50.3719298245614,0.7331059494720976,1.0943673298136423,-0.11325028312571893,57000.0,3955840.0
58000.0,710.760423321,7.273770333242249E-4,58000.0,50.37241379310344,0.7321924822166944,1.143661778342543,-0.13567576969907938,58000.0,3955840.0
59000.0,722.302704941,7.39189157757547E-4,59000.0,50.3593220338983,0.7043459500140099,1.0005408328826368,-0.1778629087426477,59000.0,3955840.0
60000.0,734.428910915,7.515988579004362E-4,60000.0,50.35666666666667,0.6983507004870256,1.0004320803004736,-0.1816224942822348,60000.0,3955840.0
61000.0,746.534162573,7.639871138439758E-4,61000.0,50.37049180327868,0.7264804416785438,0.9001931323447464,-0.12898958161073418,61000.0,3955840.0
62000.0,758.907890209,7.766501223679758E-4,62000.0,50.349999999999994,0.6828618511766642,0.8694812095449567,-0.20181634712411722,62000.0,3955840.0
63000.0,771.509459831,7.895462995130831E-4,63000.0,50.392063492063485,0.7647567847050316,0.9884365594804329,-0.13456794079011364,63000.0,3955840.0
64000.0,783.360271919,8.016741674362514E-4,64000.0,50.38125,0.7438824990227991,0.9296811630373689,-0.11980578851124503,64000.0,3955840.0
65000.0,794.593317995,8.131698268200113E-4,65000.0,50.378461538461536,0.7351567989879946,0.9671773772605826,-0.16459116176517205,65000.0,3955840.0
66000.0,806.762657052,8.256236684385951E-4,66000.0,50.378787878787875,0.735309110477042,1.0065592600429174,-0.1529051987767538,66000.0,3955840.0
67000.0,818.802467885,8.379449536398355E-4,67000.0,50.40895522388059,0.7948957475586261,1.0158786903804224,-0.0903723340161553,67000.0,3955840.0
68000.0,830.539083456,8.499559552870746E-4,68000.0,50.411764705882355,0.8047125977607572,1.0708522810620515,0.0029655111058453495,68000.0,3955840.0
69000.0,843.246360249,8.629603108927718E-4,69000.0,50.415942028985505,0.8175199516523526,1.0384125882216835,0.09344429843773534,69000.0,3955840.0
70000.0,855.417675771,8.754161751834135E-4,70000.0,50.39142857142858,0.7631367934007378,0.9752480894262656,-0.028805161885003427,70000.0,3955840.0
71000.0,868.232434522,8.885305255288017E-4,71000.0,50.42676056338028,0.8367337555828451,1.1347995842813385,0.09934150772024748,71000.0,3955840.0
72000.0,880.23529124,9.008139926781981E-4,72000.0,50.418055555555554,0.8199963502403176,1.1600863835206798,0.10074156988945301,72000.0,3955840.0
73000.0,892.495952437,9.133612914239523E-4,73000.0,50.40410958904109,0.7954851085820267,1.1575527587430667,0.13515749986206319,73000.0,3955840.0
74000.0,904.898932881,9.260542366467347E-4,74000.0,50.43648648648649,0.8661239735118182,1.1774532521420489,0.29630837818735867,74000.0,3955840.0
75000.0,917.573333019,9.390249469860455E-4,75000.0,50.42,0.834721762790361,1.0668866067152663,0.2922722153697592,75000.0,3955840.0
76000.0,929.977129799,9.51718727629651E-4,76000.0,50.42763157894738,0.853192610025187,1.094718051034353,0.3623188405797254,76000.0,3955840.0
77000.0,942.396571847,9.644285193062995E-4,77000.0,50.420779220779224,0.8398699263396524,1.0881956679448717,0.3601816568356209,77000.0,3955840.0
78000.0,954.484342416,9.767988854768033E-4,78000.0,50.4423076923077,0.884285259558933,1.110286781447476,0.43016846118181506,78000.0,3955840.0
79000.0,966.789033964,9.89391243943155E-4,79000.0,50.44177215189873,0.8819211876855233,1.1463199091023804,0.37913486005088726,79000.0,3955840.0
80000.0,979.083526418,0.0010019731648745892,80000.0,50.426249999999996,0.8556936859671374,1.1046830582015805,0.3066790678967343,80000.0,3955840.0
81000.0,991.470716508,0.0010146499505864159,81000.0,50.41851851851852,0.8409483863065953,1.0837171498238969,0.28552984407587145,81000.0,3955840.0
82000.0,1003.745390646,0.0010272115898766324,82000.0,50.413414634146335,0.8312397708817535,1.0536818026962471,0.27224565878543006,82000.0,3955840.0
83000.0,1015.366544948,0.0010391044309277643,83000.0,50.385542168674704,0.7778899169225765,1.0880791679677277,0.18179614592171767,83000.0,3955840.0
84000.0,1026.728290429,0.001050731798533209,84000.0,50.3797619047619,0.7708308720916798,1.0798367191949794,0.10066390240393878,84000.0,3955840.0
85000.0,1039.17745744,0.0010634720101019802,85000.0,50.38941176470588,0.7886548587774862,1.0558671015274905,0.14681158390755306,85000.0,3955840.0
86000.0,1051.409221177,0.001075989735804504,86000.0,50.40348837209302,0.8156659141008962,1.0600788680120532,0.19655099796427683,86000.0,3955840.0
87000.0,1063.643450451,0.0010885099846849225,87000.0,50.389655172413796,0.7864298131015418,1.0998831374166538,0.20116537180910118,87000.0,3955840.0
88000.0,1076.292185809,0.0011014544302366553,88000.0,50.37045454545455,0.744609840435579,1.0131230026518026,0.22616681516003873,88000.0,3955840.0
89000.0,1088.621559578,0.0011140720479606947,89000.0,50.349438202247185,0.7031092274902949,1.0147394829980723,0.1784584801662437,89000.0,3955840.0
90000.0,1101.327631474,0.001127075170500542,90000.0,50.367777777777775,0.7408923133869029,0.9710244529673925,0.19884713347335342,90000.0,3955840.0
91000.0,1113.261253885,0.0011392877847392002,91000.0,50.37142857142857,0.7467263065813917,1.0256410256410202,0.23636484128211452,91000.0,3955840.0
92000.0,1125.679091277,0.0011519959342451782,92000.0,50.377173913043485,0.7568515112252544,1.016868305797679,0.27741371778069945,92000.0,3955840.0
93000.0,1138.19486403,0.0011648043087074207,93000.0,50.37204301075269,0.7457299081607118,1.0462673127224325,0.2873376974096284,93000.0,3955840.0
94000.0,1150.4537457,0.001177349786323259,94000.0,50.359574468085114,0.7222468604806156,1.0286974781004135,0.23944926668663805,94000.0,3955840.0
95000.0,1162.811202715,0.0011899961438413152,95000.0,50.33578947368421,0.6713559229203845,0.9759476136506782,0.24736775339338846,95000.0,3955840.0
96000.0,1175.04172315,0.0012025125971751327,96000.0,50.315625,0.6300345293546429,0.9181744531460907,0.16953409519023907,96000.0,3955840.0
97000.0,1187.472567864,0.0012152340580965715,97000.0,50.31340206185567,0.6283288435988434,0.8924532181780847,0.1533043298114917,97000.0,3955840.0
98000.0,1199.397680423,0.001227437963534488,98000.0,50.32448979591837,0.65110311761266,0.8452654948367564,0.16815683701091394,98000.0,3955840.0
99000.0,1211.567629083,0.001239892429007759,99000.0,50.291919191919185,0.5851960486357813,0.7902747817672281,0.1217754865945493,99000.0,3955840.0
100000.0,1223.568346027,0.0012521737063581556,100000.0,50.304,0.6095522800124933,0.8143062430145355,0.14667765074645028,100000.0,3955840.0
