learning evaluation instances,evaluation time (cpu seconds),model cost (RAM-Hours),classified instances,classifications correct (percent),Kappa Statistic (percent),Kappa Temporal Statistic (percent),Kappa M Statistic (percent),model training instances,model serialized size (bytes)
1000.0,11.513384069,1.1947585171504596E-5,1000.0,55.1,9.954355481754229,12.30468750000001,5.073995771670195,1000.0,4011248.0
2000.0,22.188397245,2.302518219796003E-5,2000.0,53.300000000000004,6.608872157145093,8.07086614173229,3.2124352331606354,2000.0,4011248.0
3000.0,32.661997055,3.3893770011264686E-5,3000.0,53.13333333333333,6.276663822525598,5.637583892617455,3.5003431708991104,3000.0,4011248.0
4000.0,43.172954246,4.4801124054255326E-5,4000.0,53.175,6.371768563808899,6.209313970956418,3.1039834454216044,4000.0,4011248.0
5000.0,53.777950319,5.5806063441867036E-5,5000.0,53.86,7.745417982437471,7.572115384615374,4.708798017348189,5000.0,4011248.0
6000.0,64.315036135,6.674053149154163E-5,6000.0,53.88333333333334,7.776134983475043,7.828114590273167,5.724020442930159,6000.0,4011248.0
7000.0,74.829692492,7.765172420616726E-5,7000.0,53.91428571428571,7.836004736924078,8.038768529076403,5.810218978102197,7000.0,4011248.0
8000.0,85.429624966,8.865140903265565E-5,8000.0,54.012499999999996,8.024804552709671,8.070964517741118,6.362942224484601,8000.0,4011248.0
9000.0,95.966912443,9.958608634851635E-5,9000.0,53.82222222222223,7.644444444444454,8.1343943412909,6.585749606653183,9000.0,4011248.0
10000.0,106.479833051,1.1049547785431499E-4,10000.0,53.879999999999995,7.759645797039831,8.65517924341453,6.771780877299367,10000.0,4011248.0
11000.0,117.035995366,1.2144974182977568E-4,11000.0,53.85454545454545,7.708386136766868,8.934337997847152,6.793977230995235,11000.0,4011248.0
12000.0,127.574522037,1.3238570507302056E-4,12000.0,53.69166666666667,7.38375525178165,8.511689166941066,6.636424731182804,12000.0,4011248.0
13000.0,138.057301312,1.432638185339766E-4,13000.0,53.81538461538462,7.6332767960121855,8.96133434420016,6.552529182879392,13000.0,4011248.0
14000.0,148.574200372,1.541773385300467E-4,14000.0,53.91428571428571,7.828840417873879,8.79276222787673,7.098632109431254,14000.0,4011248.0
15000.0,159.025607529,1.6502289674490229E-4,15000.0,54.07333333333333,8.146601348694285,8.996036988110953,7.505370569280344,15000.0,4011248.0
16000.0,169.526114958,1.7591940693687842E-4,16000.0,54.15624999999999,8.31249999999999,9.22029702970296,7.5963718820861645,16000.0,4011248.0
17000.0,180.012773651,1.868015461192638E-4,17000.0,54.300000000000004,8.599058791691927,9.694292688597011,7.687737642585561,17000.0,4011248.0
18000.0,190.482461662,1.976660746089633E-4,18000.0,54.25555555555556,8.511082873791013,9.576103667911271,7.948574622694239,18000.0,4011248.0
19000.0,200.961768348,2.0854058452012073E-4,19000.0,54.252631578947366,8.505174957897168,9.646569646569638,7.728237791932055,19000.0,4011248.0
20000.0,211.378737253,2.193504057226034E-4,20000.0,54.295,8.59030165200455,9.611391278552366,7.620010106114212,20000.0,4011248.0
21000.0,221.887736984,2.3025572848444078E-4,21000.0,54.27142857142857,8.543115959617415,9.712297856336964,7.636818312974904,21000.0,4011248.0
22000.0,232.308396063,2.410693790274456E-4,22000.0,54.41818181818182,8.836755412290803,9.77957714799821,7.822410147991558,22000.0,4011248.0
23000.0,242.79752477,2.51954081374793E-4,23000.0,54.52173913043479,9.043725854508084,9.928528373374677,8.140862386932485,23000.0,4011248.0
24000.0,253.327901421,2.6288158723856406E-4,24000.0,54.574999999999996,9.149545747728748,10.160692212608149,8.309503784693002,24000.0,4011248.0
25000.0,263.829975713,2.7377972338421574E-4,25000.0,54.623999999999995,9.247784517939554,10.331199114694476,8.47922549415086,25000.0,4011248.0
26000.0,274.264960636,2.8460824003785477E-4,26000.0,54.62692307692307,9.253301673656193,10.363954106830784,8.33009557852202,26000.0,4011248.0
27000.0,284.785065314,2.955250865445192E-4,27000.0,54.64444444444444,9.288659932968832,10.318564628341262,8.509525588345145,27000.0,4011248.0
28000.0,295.218813077,3.0635231938148173E-4,28000.0,54.60357142857143,9.206817669316342,10.163262421372538,8.263568129330261,28000.0,4011248.0
29000.0,305.653402644,3.1718042576916815E-4,29000.0,54.65517241379311,9.310105432145134,10.245034468636959,8.41342805404653,29000.0,4011248.0
30000.0,316.101248275,3.2802228814316837E-4,30000.0,54.64,9.279647198627991,10.154496236630136,8.486886348352392,30000.0,4011248.0
31000.0,326.595609675,3.389124205226348E-4,31000.0,54.5483870967742,9.096341337001002,10.105907872910558,8.345801079815272,31000.0,4011248.0
32000.0,337.111322746,3.498247098028263E-4,32000.0,54.48125,8.962612018661,9.953016815034625,8.141514788421519,32000.0,4011248.0
33000.0,347.599620498,3.607085498575952E-4,33000.0,54.54848484848485,9.097045825063562,10.05636843367714,8.307861596772225,33000.0,4011248.0
34000.0,358.095564992,3.7160032503385246E-4,34000.0,54.523529411764706,9.04746669371336,9.994761045462482,8.204701971028252,34000.0,4011248.0
35000.0,368.710836685,3.826159275631091E-4,35000.0,54.682857142857145,9.366267706381683,10.354377437404622,8.508306414397786,35000.0,4011248.0
36000.0,379.23375756,3.9353569647324033E-4,36000.0,54.69722222222222,9.395274987757047,10.454071267775761,8.504908835904626,36000.0,4011248.0
37000.0,389.740575153,4.044387548027045E-4,37000.0,54.76486486486486,9.529922697316083,10.569062249532449,8.780248528449953,37000.0,4011248.0
38000.0,400.216988148,4.1531026189388517E-4,38000.0,54.797368421052624,9.594781919499312,10.555092689023112,8.83180298285653,38000.0,4011248.0
39000.0,410.715871654,4.2620508692029765E-4,39000.0,54.87692307692308,9.753582000622675,10.747071055434398,8.832823913381347,39000.0,4011248.0
40000.0,421.211281512,4.3709630729797373E-4,40000.0,54.92,9.839621326409574,10.781257730938599,8.910891089108915,40000.0,4011248.0
41000.0,431.693080466,4.479734034673522E-4,41000.0,54.98048780487805,9.960601097277154,10.835225351432308,9.01114068815933,41000.0,4011248.0
42000.0,442.308024425,4.589886659028662E-4,42000.0,55.0404761904762,10.080678341114977,10.962844209732182,9.041425818882484,42000.0,4011248.0
43000.0,453.247319768,4.703405118973591E-4,43000.0,55.06511627906977,10.129978064123934,10.974935495761153,9.060102602720383,43000.0,4011248.0
44000.0,463.955873487,4.814529143721336E-4,44000.0,55.07954545454545,10.158815816869923,10.908271354518819,9.109721328060331,44000.0,4011248.0
45000.0,474.308556779,4.921960255758864E-4,45000.0,55.14444444444444,10.288238179576481,10.977330863544141,9.289052669422961,45000.0,4011248.0
46000.0,484.643212217,5.029204290461151E-4,46000.0,55.108695652173914,10.216556267404219,10.822249093107613,9.19883915222935,46000.0,4011248.0
47000.0,495.040734241,5.137100699726966E-4,47000.0,55.18723404255319,10.373554049536263,10.939151761173838,9.356171458082294,47000.0,4011248.0
48000.0,505.439208235,5.245006987706622E-4,48000.0,55.206250000000004,10.411424314948892,10.82123600165907,9.46184941889844,48000.0,4011248.0
49000.0,515.805583975,5.352580188019592E-4,49000.0,55.224489795918366,10.44812517519846,10.783994795055293,9.544423830138108,49000.0,4011248.0
50000.0,526.174529014,5.460180050275261E-4,50000.0,55.242000000000004,10.482881107627554,10.755303876216312,9.543249797898149,50000.0,4011248.0
51000.0,536.59381176,5.568302273322612E-4,51000.0,55.266666666666666,10.531739621899328,10.799186737566464,9.557978196233893,51000.0,4011248.0
52000.0,546.965116398,5.675926621437396E-4,52000.0,55.26538461538462,10.529323273456754,10.815473680174831,9.588402192078984,52000.0,4011248.0
53000.0,557.303026303,5.783204428157915E-4,53000.0,55.300000000000004,10.59825843243199,10.912646185086308,9.67631247855428,53000.0,4011248.0
54000.0,567.668374358,5.890766964052853E-4,54000.0,55.355555555555554,10.709573331540724,10.95187086765412,9.81257715760728,54000.0,4011248.0
55000.0,578.024380587,5.998232558630518E-4,55000.0,55.341818181818184,10.681876102719249,10.897482405862288,9.751616696061136,55000.0,4011248.0
56000.0,588.330475191,6.10518021392364E-4,56000.0,55.36071428571429,10.71953363908132,11.042311661506703,9.819624819624819,56000.0,4011248.0
57000.0,598.68840611,6.212665781254377E-4,57000.0,55.37894736842105,10.756863702565694,11.073039404216633,9.987259343148347,57000.0,4011248.0
58000.0,609.075175146,6.320450605395257E-4,58000.0,55.446551724137926,10.89183114043797,11.251159116667234,10.102626543746739,58000.0,4011248.0
59000.0,619.492739922,6.428555000849283E-4,59000.0,55.48983050847458,10.978229712599997,11.232422931314236,10.175810644411012,59000.0,4011248.0
60000.0,630.336767538,6.54108485546705E-4,60000.0,55.525000000000006,11.048426940847998,11.307209093628485,10.248217408852428,60000.0,4011248.0
61000.0,640.766236291,6.649312780005344E-4,61000.0,55.56065573770492,11.119670306451894,11.263871157812048,10.342318505043826,61000.0,4011248.0
62000.0,651.153990444,6.757107826830701E-4,62000.0,55.56290322580645,11.12367267989184,11.27749331787588,10.31867452231373,62000.0,4011248.0
63000.0,661.565582934,6.865150247112853E-4,63000.0,55.63809523809524,11.273694693970878,11.458894345002388,10.454647399955153,63000.0,4011248.0
64000.0,671.97159975,6.973134807916328E-4,64000.0,55.69531250000001,11.388249270503398,11.539901416359898,10.602812283246125,64000.0,4011248.0
65000.0,682.365149639,7.080989997831742E-4,65000.0,55.74923076923077,11.495678836917568,11.68595904080568,10.676687059408092,65000.0,4011248.0
66000.0,692.798167705,7.189254754042735E-4,66000.0,55.79545454545455,11.588160773570726,11.812713478221445,10.779816513761478,66000.0,4011248.0
67000.0,703.291668572,7.298147147976944E-4,67000.0,55.840298507462684,11.67782674047784,11.856883248428508,10.87179178214242,67000.0,4011248.0
68000.0,713.707016982,7.406228543918927E-4,68000.0,55.8485294117647,11.694887251085438,11.917265659380947,10.966460069392953,68000.0,4011248.0
69000.0,724.115886886,7.514242711579671E-4,69000.0,55.84492753623188,11.688225580180791,11.873770681476337,11.032267484304281,69000.0,4011248.0
70000.0,734.518922015,7.622196331037687E-4,70000.0,55.84714285714286,11.692144699344958,11.865518421352808,10.971886162000237,70000.0,4011248.0
71000.0,744.913957836,7.73006694065857E-4,71000.0,55.90704225352112,11.812256163958772,12.064267857644442,11.143278837420514,71000.0,4011248.0
72000.0,755.295383479,7.83779631573027E-4,72000.0,55.94166666666667,11.88154818676516,12.171216567916279,11.229886665733872,72000.0,4011248.0
73000.0,766.169380489,7.950637166563578E-4,73000.0,55.99863013698631,11.995794473018854,12.307188293428716,11.40012136591824,73000.0,4011248.0
74000.0,776.649309516,8.059388723786911E-4,74000.0,56.02027027027027,12.039747034971425,12.310718327315831,11.528842494427224,74000.0,4011248.0
75000.0,787.103934893,8.167877701813968E-4,75000.0,56.04,12.079321017903123,12.281168520193695,11.594358341824423,75000.0,4011248.0
76000.0,797.623322861,8.277038729489731E-4,76000.0,56.05526315789474,12.1102750631686,12.322797437782222,11.673542790648485,76000.0,4011248.0
77000.0,808.148021655,8.386254868282771E-4,77000.0,56.12077922077921,12.241358916093471,12.459840397968696,11.815524351412005,77000.0,4011248.0
78000.0,818.65733593,8.495311359964262E-4,78000.0,56.16282051282051,12.325601482815642,12.525262861674635,11.923651537787848,78000.0,4011248.0
79000.0,829.141598973,8.604107891823187E-4,79000.0,56.18481012658228,12.369428170770279,12.601944198964766,11.923664122137394,79000.0,4011248.0
80000.0,839.607925059,8.712718289596607E-4,80000.0,56.17375,12.347886764949655,12.570445364320987,11.864960659611382,80000.0,4011248.0
81000.0,850.07517543,8.8213382787931E-4,81000.0,56.18888888888889,12.378247871616347,12.595748873180465,11.890455854603232,81000.0,4011248.0
82000.0,860.560464995,8.930145463001459E-4,82000.0,56.21463414634147,12.429813665842222,12.629580960724205,11.939566369076827,82000.0,4011248.0
83000.0,870.984039621,9.038312223433768E-4,83000.0,56.2433734939759,12.48752300220566,12.766315182667592,11.967034298872864,83000.0,4011248.0
84000.0,881.433809325,9.146750813524155E-4,84000.0,56.24761904761905,12.496545884957092,12.777672299221567,11.914291877381778,84000.0,4011248.0
85000.0,891.867513781,9.25502269249153E-4,85000.0,56.256470588235295,12.514066808629693,12.757220957788787,11.95567237337501,85000.0,4011248.0
86000.0,902.310653603,9.363392483452662E-4,86000.0,56.27325581395349,12.547495409462133,12.769659011830212,12.008330018485156,86000.0,4011248.0
87000.0,912.775106835,9.471983446381779E-4,87000.0,56.301149425287356,12.603123792102497,12.884672670195457,12.093044765075838,87000.0,4011248.0
88000.0,923.353292157,9.581754621682745E-4,88000.0,56.33295454545455,12.666392854133809,12.905419188141712,12.213008018641643,88000.0,4011248.0
89000.0,933.865747083,9.690843704299353E-4,89000.0,56.35842696629213,12.717389198346446,12.994489494198286,12.259419896991036,89000.0,4011248.0
90000.0,944.279677395,9.798910384457918E-4,90000.0,56.36888888888889,12.738472638088261,12.944775755425994,12.265963626614248,90000.0,4011248.0
91000.0,954.791915582,9.90799721794634E-4,91000.0,56.39120879120879,12.782924475716797,13.030900723208418,12.33736110804304,91000.0,4011248.0
92000.0,965.312392769,0.0010017169548586283,92000.0,56.43369565217391,12.867744115864094,13.09787086422965,12.448667540410653,92000.0,4011248.0
93000.0,975.788031649,0.001012587658640822,93000.0,56.40752688172043,12.815277869203648,13.080485399425399,12.41385270162247,93000.0,4011248.0
94000.0,986.248218871,0.001023442328040866,94000.0,56.42446808510638,12.84934095326475,13.120665153668309,12.427844529011852,94000.0,4011248.0
95000.0,996.769246759,0.0010343601325742966,95000.0,56.44736842105264,12.894707115312798,13.161650505813718,12.52272823375197,95000.0,4011248.0
96000.0,1007.344364597,0.0010453340669372086,96000.0,56.45625,12.912338260371275,13.163962691372891,12.507848800703236,96000.0,4011248.0
97000.0,1017.943667151,0.0010563330980876964,97000.0,56.48350515463918,12.967211810209154,13.199670984988702,12.552309923347854,97000.0,4011248.0
98000.0,1028.552510943,0.0010673420303022817,98000.0,56.478571428571435,12.957439403642528,13.129111758355915,12.535887129849899,98000.0,4011248.0
99000.0,1039.140771585,0.001078329603120164,99000.0,56.48989898989899,12.979990043552228,13.160494324940029,12.575348582330385,99000.0,4011248.0
100000.0,1049.628866452,0.0010892132326385865,100000.0,56.48800000000001,12.97621355637194,13.156634200862216,12.572083023568892,100000.0,4011248.0
