learning evaluation instances,evaluation time (cpu seconds),model cost (RAM-Hours),classified instances,classifications correct (percent),Kappa Statistic (percent),Kappa Temporal Statistic (percent),Kappa M Statistic (percent),model training instances,model serialized size (bytes)
1000.0,10.88264276,1.1151929150410824E-5,1000.0,61.199999999999996,-0.3232062055591686,15.283842794759817,-11.174785100286543,1000.0,3961120.0
2000.0,21.259058444,2.1785104850021832E-5,2000.0,61.35,-0.7189745166661483,13.43784994400897,-6.035665294924528,2000.0,3961120.0
3000.0,31.408682452,3.2185877009570764E-5,3000.0,62.36666666666667,-0.32678034862889493,15.430711610486892,-4.151291512915133,3000.0,3961120.0
4000.0,41.217486771,4.223739604112369E-5,4000.0,62.925,-0.21157278110425803,17.793791574279368,-3.1293463143254465,4000.0,3961120.0
5000.0,51.120041509,5.238498530612691E-5,5000.0,63.06,-0.18437831009833472,17.36017897091723,-2.4972253052163973,5000.0,3961120.0
6000.0,60.747707115,6.225088342387043E-5,6000.0,63.5,-0.11588756848680798,19.426048565121405,-2.097902097902084,6000.0,3961120.0
7000.0,69.94243481,7.16731307651918E-5,7000.0,63.57142857142857,-0.10369284485723497,19.735599622285164,-1.7964071856287482,7000.0,3961120.0
8000.0,79.098359666,8.105561510768044E-5,8000.0,63.81250000000001,-0.07475359400587987,20.401429749793788,-1.5789473684210502,8000.0,3961120.0
9000.0,88.288688302,9.047335453714819E-5,9000.0,63.56666666666667,-0.09406012929097761,20.00487923883875,-1.3914656771799643,9000.0,3961120.0
10000.0,97.618719346,1.0003425325159074E-4,10000.0,63.370000000000005,-0.10429648842981284,20.074187213615552,-1.2437810945273489,10000.0,3961120.0
11000.0,106.898672312,1.0954383472718232E-4,11000.0,63.46363636363637,-0.09113230920650064,20.651530108588357,-1.1323603422244433,11000.0,3961120.0
12000.0,116.122579974,1.1899598408144041E-4,12000.0,63.516666666666666,-0.08236182486553416,20.774520448787552,-1.0385414262635675,12000.0,3961120.0
13000.0,125.273134933,1.283729656510999E-4,13000.0,63.49230769230769,-0.07931664600730726,21.14969263997341,-0.9572431397575135,13000.0,3961120.0
14000.0,134.463950794,1.3779120436174412E-4,14000.0,63.528571428571425,-0.07304587582827914,21.39778325123151,-0.8891523414345021,14000.0,3961120.0
15000.0,143.66754247,1.472225350195248E-4,15000.0,63.406666666666666,-0.07573837869502592,21.52966404574697,-0.8265980896399714,15000.0,3961120.0
16000.0,152.882470818,1.566654828704573E-4,16000.0,63.287499999999994,-0.07777793087787126,21.418060200668883,-0.7720020586721552,16000.0,3961120.0
17000.0,162.020678113,1.660298112383957E-4,17000.0,63.33529411764706,-0.07179866575216003,21.419566313666156,-0.7272139625080898,17000.0,3961120.0
18000.0,171.212641491,1.7544922586086256E-4,18000.0,63.44444444444445,-0.06372683988118621,21.507813431945618,-0.6885998469777971,18000.0,3961120.0
19000.0,180.398345239,1.8486222596143364E-4,19000.0,63.5,-0.05863869829078889,21.362966322712325,-0.6531204644412181,19000.0,3961120.0
20000.0,189.525969774,1.9421570970345364E-4,20000.0,63.580000000000005,-0.05303607600124155,21.390028059572646,-0.6216328222130058,20000.0,3961120.0
21000.0,198.739776955,2.0365750864458312E-4,21000.0,62.58571428571429,1.493465029293511,19.49795081967213,-2.4915210018262317,21000.0,3961120.0
22000.0,207.964524144,2.131105182995816E-4,22000.0,61.78636363636364,3.1387863859829603,17.860283341475334,-3.585510103499237,22000.0,3961120.0
23000.0,217.19691852,2.2257136436798673E-4,23000.0,60.95652173913043,3.984983909744639,16.06692214225627,-5.115299075266305,23000.0,3961120.0
24000.0,226.385150929,2.3198695570020433E-4,24000.0,60.21666666666666,4.719077577286921,14.742387713188663,-6.384401114206153,24000.0,3961120.0
25000.0,235.637560507,2.4146831223831406E-4,25000.0,59.544,5.31952538904201,13.259005145797598,-7.492826017642683,25000.0,3961120.0
26000.0,244.822943333,2.5088098347580604E-4,26000.0,58.83076923076923,5.471866620662491,12.139867027825666,-9.013137794072726,26000.0,3961120.0
27000.0,254.355480134,2.606493988665209E-4,27000.0,58.26296296296296,5.879403806562418,11.064635782495461,-9.898576165398877,27000.0,3961120.0
28000.0,263.59587934,2.701184478410574E-4,28000.0,57.68571428571428,6.0457103320575865,10.07893139040679,-10.988290398126473,28000.0,3961120.0
29000.0,272.819306323,2.79570104622117E-4,29000.0,57.2103448275862,6.350345003787347,9.191364800585418,-11.651970487673212,29000.0,3961120.0
30000.0,282.056367452,2.890357329203505E-4,30000.0,56.81666666666667,6.732073868600677,8.406391402714949,-11.989972337482685,30000.0,3961120.0
31000.0,291.248218933,2.9845503287697343E-4,31000.0,56.383870967741935,6.867834567379541,7.750562870983148,-12.6562239626729,31000.0,3961120.0
32000.0,300.465809118,3.079007084309362E-4,32000.0,55.959375,6.920039811447536,6.98303742327239,-13.378921962992763,32000.0,3961120.0
33000.0,309.74456858,3.174090668697763E-4,33000.0,55.57575757575758,6.987712215067397,6.403626380642283,-13.970302417787444,33000.0,3961120.0
34000.0,318.936030746,3.268279678779643E-4,34000.0,55.179411764705875,6.9476613128343825,5.7284256108877125,-14.716952725082836,34000.0,3961120.0
35000.0,328.161042164,3.362812483001976E-4,35000.0,54.90571428571429,7.130803566144871,5.394713181082557,-14.86899563318776,35000.0,3961120.0
36000.0,337.441052346,3.457908884075749E-4,36000.0,54.641666666666666,7.266989689081939,5.030824706292889,-15.041566859236314,36000.0,3961120.0
37000.0,346.679651127,3.552580924063565E-4,37000.0,54.302702702702696,7.181978328188657,4.425979311514328,-15.689360246322275,37000.0,3961120.0
38000.0,356.02862039,3.6483839795801504E-4,38000.0,53.944736842105264,7.017530447194506,3.6606847957723363,-16.502463054187192,38000.0,3961120.0
39000.0,365.240455616,3.7427817614895244E-4,39000.0,53.658974358974355,6.970160240077003,3.0782431490319966,-16.977346278317153,39000.0,3961120.0
40000.0,374.47411345,3.8374031693909116E-4,40000.0,53.37499999999999,6.893133883582257,2.5295285878540814,-17.495117495117512,40000.0,3961120.0
41000.0,383.67431685,3.931681754794159E-4,41000.0,53.109756097560975,6.8241515052429635,2.1379485874268283,-17.95925880476131,41000.0,3961120.0
42000.0,392.888761204,4.0261062736012167E-4,42000.0,52.8452380952381,6.731031751976661,1.7267900560710678,-18.46512740758461,42000.0,3961120.0
43000.0,402.116828168,4.1206703893654784E-4,43000.0,52.658139534883716,6.75787911159148,1.4570626391712667,-18.58907142024934,43000.0,3961120.0
44000.0,411.33245257,4.2151070006504206E-4,44000.0,52.40681818181818,6.6449163032045035,1.077046624781519,-19.104766238198152,44000.0,3961120.0
45000.0,420.517350766,4.3092287468056976E-4,45000.0,52.19111111111111,6.577608560822551,0.6235853850062364,-19.462490976733857,45000.0,3961120.0
46000.0,429.85937978,4.404960682497034E-4,46000.0,51.93478260869565,6.424660729315401,0.0768292131784663,-20.078205615597692,46000.0,3961120.0
47000.0,439.119532589,4.499853596217879E-4,47000.0,51.76170212765957,6.3986810125279945,-0.22102378215896637,-20.269481725107447,47000.0,3961120.0
48000.0,448.336308648,4.5943020090454727E-4,48000.0,51.53958333333334,6.277757435566709,-0.6316244862643186,-20.76108399958465,48000.0,3961120.0
49000.0,457.556870075,4.6887892122263614E-4,49000.0,51.33061224489796,6.167748620412109,-1.115115539537839,-21.20965692503178,49000.0,3961120.0
50000.0,466.750567961,4.7830011327276955E-4,50000.0,51.208,6.182376350321752,-1.291260120406893,-21.210314502906545,50000.0,3961120.0
51000.0,475.919992164,4.8769643099788785E-4,51000.0,50.929411764705875,5.873883789180024,-2.1427696828701026,-22.562319408394156,51000.0,3961120.0
52000.0,485.125942119,4.971301782892845E-4,52000.0,51.24615384615384,6.12139086160204,-1.7621322201260385,-22.225436312795306,52000.0,3961120.0
53000.0,494.264990862,5.064953689264977E-4,53000.0,51.62264150943396,6.500735034179833,-1.315841466787836,-21.921065145030894,53000.0,3961120.0
54000.0,503.429213582,5.1588635646012E-4,54000.0,51.97592592592593,6.832217556514031,-0.7654647186820082,-21.61984711344559,54000.0,3961120.0
55000.0,512.58681597,5.252705598444282E-4,55000.0,52.29272727272727,7.088370374909489,-0.3518568095766239,-21.313976605483404,55000.0,3961120.0
56000.0,521.801032568,5.347127783334082E-4,56000.0,52.6125,7.35637183535253,0.19932305377961612,-21.024307930861518,56000.0,3961120.0
57000.0,530.970372239,5.441090094348179E-4,57000.0,52.907017543859645,7.5754205640299155,0.6072499722294229,-20.734943552377118,57000.0,3961120.0
58000.0,541.047912196,5.544359138540252E-4,58000.0,53.21206896551725,7.82180596489746,1.0465285880980297,-20.464331690859858,58000.0,3961120.0
59000.0,550.421416478,5.640413615333476E-4,59000.0,53.44406779661017,7.921210412010164,1.4318010550113083,-20.167993700236224,59000.0,3961120.0
60000.0,559.659983414,5.735085328991381E-4,60000.0,53.69666666666667,8.069853410760004,1.885859584687107,-19.89470050060417,60000.0,3961120.0
61000.0,568.912883618,5.829903922035806E-4,61000.0,53.9655737704918,8.256957878252804,2.3235590803158446,-19.641259426526343,61000.0,3961120.0
62000.0,578.074911312,5.923791303962133E-4,62000.0,54.229032258064514,8.437392899858022,2.658388502040947,-19.395826321104,62000.0,3961120.0
63000.0,587.219929171,6.017504378526762E-4,63000.0,54.47936507936508,8.59588090809954,3.0886726142200747,-19.154063486787418,63000.0,3961120.0
64000.0,596.415492686,6.111735416960098E-4,64000.0,54.740625,8.77987772154551,3.549547149706964,-18.927574314337324,64000.0,3961120.0
65000.0,605.594689656,6.205798740111124E-4,65000.0,54.93846153846154,8.84436381088925,3.904199475065604,-18.679092382495963,65000.0,3961120.0
66000.0,614.746433094,6.299580734681819E-4,66000.0,55.16212121212121,8.963755489766518,4.220474479722949,-18.452547732458097,66000.0,3961120.0
67000.0,623.864195465,6.393014510111266E-4,67000.0,55.397014925373135,9.108474554296835,4.557503752674781,-18.240088628630208,67000.0,3961120.0
68000.0,632.996557813,6.486597898013246E-4,68000.0,55.610294117647065,9.215816664230376,4.842218088963156,-18.025415444770275,68000.0,3961120.0
69000.0,642.114356848,6.580032049155045E-4,69000.0,55.84782608695652,9.372039593763436,5.1259692940113855,-17.830206923225703,69000.0,3961120.0
70000.0,651.301333301,6.674175092136222E-4,70000.0,56.05142857142857,9.468244107864503,5.4608032943056575,-17.62636690372409,70000.0,3961120.0
71000.0,660.450290735,6.767928537282016E-4,71000.0,56.254929577464786,9.567731683218064,5.78188988320945,-17.429770501720306,71000.0,3961120.0
72000.0,669.57741117,6.861458208964803E-4,72000.0,56.46666666666667,9.685352400441927,6.11914817144396,-17.243959003516128,72000.0,3961120.0
73000.0,678.744021039,6.955392546480946E-4,73000.0,56.64931506849315,9.753395321660989,6.414313174626664,-17.051338955466765,73000.0,3961120.0
74000.0,687.897448208,7.049191794993752E-4,74000.0,56.81351351351351,9.79192804043923,6.77634841457366,-16.856808541758074,74000.0,3961120.0
75000.0,697.051587995,7.142998346020868E-4,75000.0,57.013333333333335,9.897079212093573,7.030393909683378,-16.684762938834602,75000.0,3961120.0
76000.0,706.182989763,7.236571890431392E-4,76000.0,57.21052631578948,10.000041512895988,7.279103583953475,-16.51737728412753,76000.0,3961120.0
77000.0,715.372834041,7.330744321293731E-4,77000.0,57.38831168831169,10.071558201175018,7.512120870447633,-16.346938051842127,77000.0,3961120.0
78000.0,724.495419817,7.424227524304337E-4,78000.0,57.57435897435897,10.159996468181614,7.834563431276973,-16.185661119303415,78000.0,3961120.0
79000.0,733.662532234,7.518167011653856E-4,79000.0,57.7379746835443,10.212286593958693,8.072909496406828,-16.019737985196517,79000.0,3961120.0
80000.0,742.828434266,7.612094095648728E-4,80000.0,57.8375,10.159776808386024,8.310000815505473,-15.835021807067552,80000.0,3961120.0
81000.0,751.969669376,7.705768406698122E-4,81000.0,57.64938271604938,10.183667963945373,7.985300823475759,-16.107632425114225,81000.0,3961120.0
82000.0,761.201388153,7.80036994421806E-4,82000.0,57.49512195121951,10.275173019746395,7.683750496622959,-16.199366561093512,82000.0,3961120.0
83000.0,770.403262715,7.894665654763273E-4,83000.0,57.31807228915663,10.293316057140455,7.312733837419216,-16.444795056371813,83000.0,3961120.0
84000.0,779.631912806,7.989235746089844E-4,84000.0,57.15,10.31842719212716,7.040289256198359,-16.655323286339325,84000.0,3961120.0
85000.0,788.819223407,8.083382213234531E-4,85000.0,56.98823529411765,10.344371705476988,6.691848297687722,-16.846175972386455,85000.0,3961120.0
86000.0,797.980842796,8.177265411077513E-4,86000.0,56.80348837209303,10.303129061686917,6.435119887165031,-17.18927444794951,86000.0,3961120.0
87000.0,807.219303082,8.271936031845328E-4,87000.0,56.64942528735632,10.321663349810452,6.165252655935126,-17.367896931598903,87000.0,3961120.0
88000.0,816.484760516,8.366883304423184E-4,88000.0,56.48409090909091,10.30255466670055,5.906924173178039,-17.62862847488863,88000.0,3961120.0
89000.0,825.711592065,8.461434760339232E-4,89000.0,56.34157303370787,10.32414514332511,5.654971470195467,-17.770436153123363,89000.0,3961120.0
90000.0,834.935631051,8.555957599617381E-4,90000.0,56.221111111111114,10.383480552336067,5.436086977391639,-17.797775651757956,90000.0,3961120.0
91000.0,844.146201953,8.65034242543513E-4,91000.0,56.08021978021978,10.386713930837214,5.244315891794483,-17.959388465852083,91000.0,3961120.0
92000.0,853.459556619,8.745780522300381E-4,92000.0,55.93586956521739,10.372915476883863,5.000820190752939,-18.155056834742076,92000.0,3961120.0
93000.0,862.636599507,8.839821771612931E-4,93000.0,55.8010752688172,10.370723156690358,4.814283067802878,-18.308197098779647,93000.0,3961120.0
94000.0,871.844090438,8.934175035594889E-4,94000.0,55.65425531914894,10.334670800638218,4.580414778189805,-18.544534182686824,94000.0,3961120.0
95000.0,881.076041268,9.028778951065359E-4,95000.0,55.54842105263158,10.376246871667433,4.46792145507195,-18.554183043234147,95000.0,3961120.0
96000.0,890.274148124,9.123036052247664E-4,96000.0,55.44166666666667,10.4070195242867,4.336352454433643,-18.581764754802748,96000.0,3961120.0
97000.0,899.491947586,9.217494952342E-4,97000.0,55.30515463917526,10.369237487857994,4.111649304403607,-18.79435539114946,97000.0,3961120.0
98000.0,908.677722738,9.311625685056329E-4,98000.0,55.15510204081633,10.297999491206891,3.8063344058484883,-19.097043440557172,98000.0,3961120.0
99000.0,917.892989467,9.4060586311066E-4,99000.0,55.031313131313134,10.273422291271626,3.5738265936017783,-19.257969461559053,99000.0,3961120.0
100000.0,927.084562277,9.50024877500687E-4,100000.0,54.903999999999996,10.23586366420259,3.341549673132567,-19.450109925039065,100000.0,3961120.0
