learning evaluation instances,evaluation time (cpu seconds),model cost (RAM-Hours),classified instances,classifications correct (percent),Kappa Statistic (percent),Kappa Temporal Statistic (percent),Kappa M Statistic (percent),model training instances,model serialized size (bytes)
1000.0,10.080530713,1.0329927454750972E-5,1000.0,66.9,-1.7547311338735807,18.271604938271622,-14.532871972318311,1000.0,3961104.0
2000.0,19.57883285,2.006322174370972E-5,2000.0,67.7,-0.9130601182525917,22.355769230769248,-6.7768595041322195,2000.0,3961104.0
3000.0,28.906105824,2.9621255533322095E-5,3000.0,68.30000000000001,-0.6342106933989844,23.49155269509253,-4.505494505494485,3000.0,3961104.0
4000.0,38.257805574,3.92043204280635E-5,4000.0,68.72500000000001,-0.46941946986518773,26.063829787234056,-3.3884297520661097,4000.0,3961104.0
5000.0,47.547393024,4.872373633731842E-5,5000.0,68.7,-0.40124571963505595,25.93469001419783,-2.6902887139107565,5000.0,3961104.0
6000.0,56.847269855,5.82536961913626E-5,6000.0,69.1,-0.31304089370589594,26.457754859182852,-2.2614451185879836,6000.0,3961104.0
7000.0,66.162806392,6.779970317938696E-5,7000.0,69.44285714285714,-0.2507037568605201,27.07125809751108,-1.9542421353670285,7000.0,3961104.0
8000.0,75.44376093,7.731027259462067E-5,8000.0,69.15,-0.2437348427299525,27.2191094072545,-1.6893283889575763,8000.0,3961104.0
9000.0,84.730056705,8.682631539139543E-5,9000.0,69.1,-0.22311846901970955,27.407987470634282,-1.4963503649635335,9000.0,3961104.0
10000.0,93.999924636,9.632552391211971E-5,10000.0,69.13,-0.2018578924073137,27.24487390996937,-1.3460275771503587,10000.0,3961104.0
11000.0,103.320800155,1.0587700197089544E-4,11000.0,69.18181818181817,-0.1830160208467036,27.30002144542139,-1.2242460435951275,11000.0,3961104.0
12000.0,112.609161213,1.1539516114667553E-4,12000.0,69.38333333333333,-0.16055950331924884,27.391304347826072,-1.1285439031103996,12000.0,3961104.0
13000.0,121.875838588,1.24891100175648E-4,13000.0,69.54615384615384,-0.1428271335595907,27.755474452554747,-1.0464522715671327,13000.0,3961104.0
14000.0,131.159434631,1.344043764478715E-4,14000.0,69.59285714285714,-0.1318020673273576,27.90855207451314,-0.9724857685009364,14000.0,3961104.0
15000.0,140.570915425,1.440487013958056E-4,15000.0,69.76,-0.11787835442348162,28.079911209766923,-0.9121245828698662,15000.0,3961104.0
16000.0,149.9290828,1.5363839392742017E-4,16000.0,69.69999999999999,-0.1131202885314361,27.932213468113567,-0.8529228208862153,16000.0,3961104.0
17000.0,159.200044968,1.6313872375704674E-4,17000.0,69.73529411764706,-0.10588230015838146,27.77933745087031,-0.803291536050151,17000.0,3961104.0
18000.0,168.522308873,1.7269162455109974E-4,18000.0,69.79444444444445,-0.09868925192135869,27.805072367547485,-0.759822090437339,18000.0,3961104.0
19000.0,177.789944268,1.821885453019063E-4,19000.0,69.73157894736842,-0.09561705981299001,27.79661016949153,-0.718038528896683,19000.0,3961104.0
20000.0,187.073245504,1.917015194734756E-4,20000.0,69.72,-0.09145575799818398,27.91334364956554,-0.681629260182875,20000.0,3961104.0
21000.0,196.317546749,2.0117452877719855E-4,21000.0,69.64761904761905,-0.08918700741942388,27.822443664364172,-0.6474024948681427,21000.0,3961104.0
22000.0,205.595912687,2.1068244554933531E-4,22000.0,69.67727272727274,-0.08465753660070519,27.59144686855532,-0.6184012066364761,22000.0,3961104.0
23000.0,214.804269445,2.201186210837182E-4,23000.0,69.80434782608695,-0.07826071745540705,27.663785022393483,-0.5938586326767064,23000.0,3961104.0
24000.0,224.086282017,2.2963027470917612E-4,24000.0,69.84583333333333,-0.07426173049333615,27.695074433010276,-0.5697609783213196,24000.0,3961104.0
25000.0,233.374933118,2.3914873110374697E-4,25000.0,69.972,-0.06875537961206003,27.93510607660556,-0.5491561746584432,25000.0,3961104.0
26000.0,242.724550826,2.4872966244585804E-4,26000.0,70.05384615384615,-0.06456081076238712,28.17343173431735,-0.5293737895416244,26000.0,3961104.0
27000.0,251.968987607,2.5820281063880095E-4,27000.0,70.03703703703704,-0.06263225384336986,28.063311399608757,-0.509380047210819,27000.0,3961104.0
28000.0,261.268012777,2.6773189776137924E-4,28000.0,70.12857142857143,-0.058744436221186205,28.150502534146543,-0.4926108374384174,28000.0,3961104.0
29000.0,270.510565341,2.772031151209689E-4,29000.0,70.08965517241379,-0.05754703139479831,28.231011087208337,-0.474921811652987,29000.0,3961104.0
30000.0,279.841605322,2.8676500911498315E-4,30000.0,70.06,-0.05625444383483581,28.109492556427085,-0.45856168213844994,30000.0,3961104.0
31000.0,289.137598745,2.962909894838138E-4,31000.0,70.12903225806451,-0.05332110767681218,28.072083268603382,-0.4447337021369049,31000.0,3961104.0
32000.0,298.407072765,3.057897943480075E-4,32000.0,70.15,-0.051376229815361,28.175050755695917,-0.43107980233414334,32000.0,3961104.0
33000.0,307.705811851,3.153185883087424E-4,33000.0,70.0909090909091,-0.05085695858212945,28.124089717448296,-0.4171329738528927,33000.0,3961104.0
34000.0,316.96099246,3.2480274613669226E-4,34000.0,70.12352941176471,-0.04890627106458623,28.186638388123015,-0.4052584758327539,34000.0,3961104.0
35000.0,326.23196642,3.3430308805005806E-4,35000.0,70.13142857142857,-0.047444948926908835,28.126503953248534,-0.3937385959857969,35000.0,3961104.0
36000.0,335.688519204,3.4399360008875127E-4,36000.0,70.1,-0.04665198225898647,28.120200333889798,-0.38235568404365206,36000.0,3961104.0
37000.0,344.968205306,3.535028696863232E-4,37000.0,70.1054054054054,-0.045361269904334665,28.13332467026185,-0.37205081669692214,37000.0,3961104.0
38000.0,354.247460852,3.6301169807575123E-4,38000.0,70.10263157894737,-0.04425215161488025,28.144962367971683,-0.36219081272085335,38000.0,3961104.0
39000.0,363.48076296,3.7247343611901087E-4,39000.0,70.05641025641025,-0.04379774517329391,28.108840187146,-0.35232448225490376,39000.0,3961104.0
40000.0,372.727926853,3.819493788938982E-4,40000.0,70.06,-0.04269315247402497,28.154058431819546,-0.3435274403016519,40000.0,3961104.0
41000.0,382.016465204,3.9146771974898475E-4,41000.0,70.11219512195122,-0.04100172931103435,28.28466085328027,-0.3357078522885452,41000.0,3961104.0
42000.0,391.288939524,4.0096959914191364E-4,42000.0,70.15,-0.03957247019430225,28.232869654817105,-0.32810499359794715,42000.0,3961104.0
43000.0,400.549225044,4.104589881785959E-4,43000.0,70.16744186046512,-0.03846374867223173,28.291128626530277,-0.3206381481191655,43000.0,3961104.0
44000.0,409.8302024,4.1996958097635694E-4,44000.0,70.11136363636363,-0.0383076437458945,28.2268187523877,-0.31273836765828233,44000.0,3961104.0
45000.0,419.116354982,4.294854770374742E-4,45000.0,70.09777777777778,-0.037646284943429725,28.227010881160663,-0.30562802832649133,45000.0,3961104.0
46000.0,428.342999771,4.389403930567481E-4,46000.0,70.12173913043478,-0.036572248269651955,28.30090249882622,-0.29920455374737187,46000.0,3961104.0
47000.0,437.612744468,4.484394752946093E-4,47000.0,70.14680851063831,-0.03552971880003318,28.318177173802,-0.29306647605430575,47000.0,3961104.0
48000.0,446.882930215,4.5793900949424055E-4,48000.0,70.17916666666667,-0.03444697200130281,28.41568313662733,-0.287255657535184,48000.0,3961104.0
49000.0,456.149340943,4.6743467527924953E-4,49000.0,70.1530612244898,-0.03405338551058449,28.403583492436486,-0.2811300054854707,49000.0,3961104.0
50000.0,465.421220601,4.7693594529798025E-4,50000.0,70.146,-0.0334684227680157,28.438563689534487,-0.2754265753056707,50000.0,3961104.0
51000.0,474.740584529,4.8648587436833304E-4,51000.0,69.60196078431372,1.5380773655597275,27.386416861826678,-1.2606139777923149,51000.0,3961104.0
52000.0,484.076341537,4.960526020906597E-4,52000.0,69.08653846153847,2.9434678989311087,26.38303718629786,-2.1413140170288485,52000.0,3961104.0
53000.0,493.397948658,5.056048298515891E-4,53000.0,68.56792452830189,4.037975462618344,25.29931393211066,-3.1261607032314287,53000.0,3961104.0
54000.0,502.714718062,5.151521002082827E-4,54000.0,68.08703703703704,5.094440507137141,24.50937445242684,-3.93848009650183,54000.0,3961104.0
55000.0,511.992047954,5.246589553021879E-4,55000.0,67.64545454545454,6.133334661198926,23.656098502724255,-4.56575390762723,55000.0,3961104.0
56000.0,521.468499051,5.343698579468536E-4,56000.0,67.20535714285715,6.97819608858785,22.839376496785853,-5.255616689591903,56000.0,3961104.0
57000.0,530.739951773,5.438706904670009E-4,57000.0,66.76315789473685,7.641997551837488,21.966389323667528,-6.027535258562769,57000.0,3961104.0
58000.0,540.102621793,5.534649970410233E-4,58000.0,66.38103448275862,8.432429935711214,21.28930690671293,-6.470459757562522,58000.0,3961104.0
59000.0,549.392892004,5.629851126030842E-4,59000.0,66.01186440677967,9.135035971751226,20.626187460417984,-6.8923240938166295,59000.0,3961104.0
60000.0,558.67205834,5.724938495754178E-4,60000.0,65.66833333333332,9.816992369945789,20.031833533910472,-7.20828562506506,60000.0,3961104.0
61000.0,567.999734997,5.820522970353243E-4,61000.0,65.28688524590164,10.226498292863738,19.345623524034437,-7.826662592932078,61000.0,3961104.0
62000.0,577.281233498,5.915634238714407E-4,62000.0,64.92096774193548,10.603478937696522,18.683167576460033,-8.398125996810183,62000.0,3961104.0
63000.0,586.571553435,6.010835903897446E-4,63000.0,64.57301587301588,10.963526091701377,18.04729382389659,-8.905045379135359,63000.0,3961104.0
64000.0,595.89029508,6.106328817815436E-4,64000.0,64.228125,11.255849041495335,17.52584747289168,-9.441177876571546,64000.0,3961104.0
65000.0,605.209717208,6.201828704917898E-4,65000.0,63.85999999999999,11.393795480913694,16.848961098722164,-10.172591689334974,65000.0,3961104.0
66000.0,614.482443787,6.296850083847168E-4,66000.0,63.55151515151515,11.683744098742368,16.259964493333783,-10.566714160959705,66000.0,3961104.0
67000.0,623.776720557,6.392092296298009E-4,67000.0,63.22537313432836,11.851238904420798,15.614083156380568,-11.116623072066377,67000.0,3961104.0
68000.0,633.054756908,6.487168086608111E-4,68000.0,62.92058823529412,12.038051181905491,15.072922631277574,-11.571308464976324,68000.0,3961104.0
69000.0,642.317330986,6.582085428754198E-4,69000.0,62.63768115942029,12.246486078852351,14.539547835311284,-11.926366517605189,69000.0,3961104.0
70000.0,651.598925789,6.677197683960898E-4,70000.0,62.34571428571428,12.378040075043554,14.017289186103405,-12.37689192069922,70000.0,3961104.0
71000.0,660.872602078,6.772228794952578E-4,71000.0,62.10704225352113,12.634336843357593,13.636363636363638,-12.526663599481383,71000.0,3961104.0
72000.0,670.153031417,6.867329107178384E-4,72000.0,61.82361111111111,12.709121957094052,13.079088005565561,-12.994327057469397,72000.0,3961104.0
73000.0,679.451892724,6.962618299233744E-4,73000.0,61.54246575342466,12.756003908714527,12.561123742486071,-13.480738914264911,73000.0,3961104.0
74000.0,688.713150199,7.057522149616488E-4,74000.0,61.29054054054054,12.85703706009784,12.172313352751791,-13.815162110616663,74000.0,3961104.0
75000.0,698.067969802,7.153384768959188E-4,75000.0,60.998666666666665,12.811110857233713,11.668428204741057,-14.431578123777461,75000.0,3961104.0
76000.0,707.380246275,7.24881143164533E-4,76000.0,60.73421052631579,12.817996968409684,11.189810130349388,-14.905086442570544,76000.0,3961104.0
77000.0,716.673469428,7.344042847256713E-4,77000.0,60.518181818181816,12.934132481648074,10.847507331378289,-15.102983492351976,77000.0,3961104.0
78000.0,725.954905465,7.439153475524011E-4,78000.0,60.25769230769231,12.901482706221735,10.4204594711747,-15.607518460505712,78000.0,3961104.0
79000.0,735.283654603,7.534748940269569E-4,79000.0,60.05443037974684,13.0010547986496,10.134981205148657,-15.780011740534189,79000.0,3961104.0
80000.0,744.538003402,7.629581994655633E-4,80000.0,59.84125,13.05018234961654,9.765756656555435,-16.04059813624213,80000.0,3961104.0
81000.0,753.785872401,7.724348647910817E-4,81000.0,59.60493827160494,13.018005987567765,9.297555025780326,-16.47029509130391,81000.0,3961104.0
82000.0,763.120321995,7.820002527534139E-4,82000.0,59.38414634146342,13.007638198273849,8.890712624811934,-16.826855619475232,82000.0,3961104.0
83000.0,772.413811719,7.915236674806355E-4,83000.0,59.214457831325305,13.107898721276134,8.66609108568963,-16.888228997617475,83000.0,3961104.0
84000.0,781.716361852,8.010563667753412E-4,84000.0,58.99880952380953,13.074809573991603,8.28206971851616,-17.25793272504425,84000.0,3961104.0
85000.0,791.004910501,8.105747181832047E-4,85000.0,58.8,13.067650406338876,7.873622181885128,-17.544389621723216,85000.0,3961104.0
86000.0,800.273096443,8.20072203101785E-4,86000.0,58.60813953488372,13.062153480772654,7.528250422132735,-17.808445856499873,86000.0,3961104.0
87000.0,809.543596191,8.295720590709383E-4,87000.0,58.431034482758626,13.077192356340571,7.231171762774485,-18.00117462803443,87000.0,3961104.0
88000.0,818.837678877,8.390960814302994E-4,88000.0,58.26136363636364,13.095363406357347,6.944338881710629,-18.167487050799476,88000.0,3961104.0
89000.0,828.14363758,8.486322736245186E-4,89000.0,58.10224719101124,13.124163660120855,6.632780810255899,-18.287653851034133,89000.0,3961104.0
90000.0,837.397951317,8.581155431336758E-4,90000.0,57.89777777777778,13.037182195275099,6.228810413521747,-18.705554337270133,90000.0,3961104.0
91000.0,846.682532479,8.676298288971746E-4,91000.0,57.6945054945055,12.943349457364125,5.852143503460422,-19.133529320748856,91000.0,3961104.0
92000.0,855.961637043,8.771385025692419E-4,92000.0,57.525000000000006,12.915039597495287,5.508402853343006,-19.370112414467243,92000.0,3961104.0
93000.0,865.251584441,8.866582873317679E-4,93000.0,57.35591397849462,12.877585089046686,5.196854158200466,-19.620558605296495,93000.0,3961104.0
94000.0,874.530602065,8.961668719129015E-4,94000.0,57.22446808510638,12.911552812612845,5.006142506142503,-19.6553981668849,94000.0,3961104.0
95000.0,883.824424483,9.056906275651183E-4,95000.0,57.061052631578946,12.867087433495977,4.6960422410167615,-19.902413215366998,95000.0,3961104.0
96000.0,893.117846415,9.152139728231361E-4,96000.0,56.91458333333333,12.849780557427273,4.431608133086875,-20.060375605933046,96000.0,3961104.0
97000.0,902.38443496,9.247098208244154E-4,97000.0,56.75773195876289,12.802434457127907,4.173901124006215,-20.296546977171023,97000.0,3961104.0
98000.0,911.649925193,9.342045433409752E-4,98000.0,56.59285714285714,12.731219275330858,3.901414177924373,-20.595906333276645,98000.0,3961104.0
99000.0,920.957136116,9.437420187356654E-4,99000.0,56.45454545454546,12.707070541732731,3.6841752496704676,-20.746155785228122,99000.0,3961104.0
99500.0,925.652350506,9.485533947846124E-4,99500.0,56.38994974874372,12.701369078360841,3.5947567207287303,-20.798418752261927,99500.0,3961104.0
