learning evaluation instances,evaluation time (cpu seconds),model cost (RAM-Hours),classified instances,classifications correct (percent),Kappa Statistic (percent),Kappa Temporal Statistic (percent),Kappa M Statistic (percent),model training instances,model serialized size (bytes)
100.0,2.712671902,0.0,100.0,100.0,?,?,?,100.0,0.0
200.0,6.241585662,0.0,200.0,94.5,45.27363184079599,-175.0,-83.33333333333334,200.0,0.0
300.0,9.810935416,0.0,300.0,92.0,27.007299270073048,-500.0000000000008,-299.9999999999995,300.0,0.0
400.0,13.294955141,0.0,400.0,93.5,25.925925925925892,-549.999999999999,-333.3333333333326,400.0,0.0
500.0,16.772081985,0.0,500.0,91.2,16.235150776728574,-633.3333333333325,-449.9999999999993,500.0,0.0
600.0,20.254557345,0.0,600.0,88.16666666666667,13.939393939394012,-787.5000000000014,-609.9999999999976,600.0,0.0
700.0,23.816612261,0.0,700.0,87.0,15.175242356450475,-658.333333333334,-313.6363636363631,700.0,0.0
800.0,27.454075882,0.0,800.0,87.125,58.198900184655336,-692.3076923076932,15.573770491803241,800.0,0.0
900.0,31.008170278,0.0,900.0,87.1111111111111,65.87097660004314,-314.28571428571473,42.28855721393034,900.0,0.0
1000.0,34.620719544,0.0,1000.0,86.9,67.86537801108767,-104.68750000000017,49.0272373540856,1000.0,0.0
1100.0,38.256115691,0.0,1100.0,82.36363636363636,57.63771712158808,-102.08333333333334,40.30769230769229,1100.0,0.0
1200.0,41.831046832,0.0,1200.0,80.16666666666666,52.3985719571587,-103.41880341880338,33.70473537604457,1200.0,0.0
1300.0,45.402390266,0.0,1300.0,77.53846153846153,46.92230465702244,-133.60000000000008,30.310262529832922,1300.0,0.0
1400.0,49.018526609,0.0,1400.0,75.57142857142857,43.219551069199085,-135.86206896551735,28.45188284518827,1400.0,0.0
1500.0,52.803042653,0.0,1500.0,73.66666666666667,39.466693910911324,-120.67039106145256,26.168224299065436,1500.0,0.0
1600.0,56.528920866,0.0,1600.0,72.8125,38.520897594895125,-95.06726457399097,26.767676767676768,1600.0,0.0
1700.0,60.210076532,0.0,1700.0,73.76470588235294,42.011206169970954,-85.83333333333326,31.6998468606432,1700.0,0.0
1800.0,63.980430498,0.0,1800.0,74.83333333333333,44.83085250338294,-59.507042253521135,35.28571428571427,1800.0,0.0
1900.0,67.602282463,0.0,1900.0,75.78947368421053,48.03706134718378,-52.317880794701985,40.10416666666667,1900.0,0.0
2000.0,71.235876893,0.0,2000.0,76.25,49.21393868892842,-42.21556886227545,41.212871287128706,2000.0,0.0
2100.0,74.87169826,0.0,2100.0,77.14285714285715,52.03453513470302,-29.380053908355798,45.57823129251702,2100.0,0.0
2200.0,78.452548834,0.0,2200.0,77.72727272727272,53.936545240893054,-23.115577889447263,48.69109947643978,2200.0,0.0
2300.0,82.1198556,0.0,2300.0,78.21739130434783,55.20943466633498,-23.09582309582307,50.64039408866996,2300.0,0.0
2400.0,85.94927998,0.0,2400.0,78.41666666666667,55.829183436796505,-20.18561484918794,51.49812734082396,2400.0,0.0
2500.0,89.993833223,0.0,2500.0,78.88,56.893286063991255,-15.03267973856213,52.77280858676207,2500.0,0.0
2600.0,94.123147933,0.0,2600.0,79.38461538461539,58.37335894972784,-16.775599128540296,55.99343185550083,2600.0,0.0
2700.0,98.256143596,0.0,2700.0,79.92592592592592,59.74441527346509,-18.08278867102396,58.87708649468891,2700.0,0.0
2800.0,102.304709508,0.0,2800.0,80.5,61.03792838400172,-18.954248366013047,60.49204052098409,2800.0,0.0
2900.0,106.02950865,0.0,2900.0,81.13793103448276,62.34527928536975,-19.172113289760375,60.41968162083936,2900.0,0.0
3000.0,109.642202162,0.0,3000.0,81.46666666666667,62.96441030815032,-21.13289760348583,59.7684515195369,3000.0,0.0
3100.0,113.244105919,0.0,3100.0,82.03225806451613,63.98139974200612,-21.350762527233115,59.69609261939218,3100.0,0.0
3200.0,116.811149835,0.0,3200.0,82.4375,64.64074493519566,-21.3822894168467,59.510086455331404,3200.0,0.0
3300.0,120.411446841,0.0,3300.0,82.45454545454545,64.58137922596958,-22.410147991543333,59.254046446164686,3300.0,0.0
3400.0,124.044786369,0.0,3400.0,82.79411764705881,65.06014784001798,-22.64150943396233,59.004905395935516,3400.0,0.0
3500.0,127.600634044,0.0,3500.0,82.62857142857143,64.66698634631402,-25.10288065843617,58.69565217391305,3500.0,0.0
3600.0,131.202828118,0.0,3600.0,82.5,64.34450004480517,-27.789046653144066,58.4158415841584,3600.0,0.0
3700.0,134.790544718,0.0,3700.0,82.37837837837839,64.04324230866114,-31.187122736418534,58.23190262652147,3700.0,0.0
3800.0,138.382937278,0.0,3800.0,82.52631578947368,64.21261947683365,-28.185328185328252,58.10725552050473,3800.0,0.0
3900.0,141.9996145,0.0,3900.0,82.46153846153847,64.07436267547686,-27.85046728971965,58.21624923640807,3900.0,0.0
4000.0,145.650223337,0.0,4000.0,82.89999999999999,64.7210734077612,-27.85046728971962,58.21624923640806,4000.0,0.0
4100.0,149.267740046,0.0,4100.0,83.1219512195122,64.9638166075856,-28.8640595903166,57.98421372191863,4100.0,0.0
4200.0,152.858384183,0.0,4200.0,83.33333333333334,65.24349414955796,-27.970749542961553,58.03357314148682,4200.0,0.0
4300.0,156.467368037,0.0,4300.0,83.72093023255815,65.78627904756277,-27.737226277372212,58.083832335329355,4300.0,0.0
4400.0,160.007573752,0.0,4400.0,83.5909090909091,65.45406460637992,-29.390681003584195,57.72833723653397,4400.0,0.0
4500.0,163.611642965,0.0,4500.0,83.6888888888889,65.58906867955162,-30.83778966131902,57.840321654221704,4500.0,0.0
4600.0,167.396136402,0.0,4600.0,83.95652173913042,65.91406786703071,-31.316725978647746,57.75615340583856,4600.0,0.0
4700.0,171.671390034,0.0,4700.0,84.04255319148936,66.08332552367827,-32.74336283185839,58.07713806595864,4700.0,0.0
4800.0,175.694201701,0.0,4800.0,84.04166666666667,65.99381251647452,-32.7556325823223,57.796143250688715,4800.0,0.0
4900.0,179.535577345,0.0,4900.0,84.12244897959184,65.9897264386385,-33.44768439108065,57.50955761878755,4900.0,0.0
5000.0,183.57971022,0.0,5000.0,84.24000000000001,65.99490199713495,-33.33333333333333,57.15062533985863,5000.0,0.0
5100.0,187.701087202,0.0,5100.0,84.45098039215686,66.24611533624687,-33.726812816188826,57.18142548596112,5100.0,0.0
5200.0,191.873651732,0.0,5200.0,84.67307692307692,66.47155599680539,-33.500837520938106,57.0581896551724,5200.0,0.0
5300.0,195.840278929,0.0,5300.0,84.9245283018868,66.77311530977339,-32.50414593698178,57.0891514500537,5300.0,0.0
5400.0,199.816511398,0.0,5400.0,84.81481481481481,66.37800957816701,-34.646962233169205,56.47558386411888,5400.0,0.0
5500.0,203.701066738,0.0,5500.0,84.89090909090909,66.35102423050195,-35.12195121951216,56.217070600632255,5500.0,0.0
5600.0,207.63031709,0.0,5600.0,85.125,66.58692070768568,-35.008103727714754,56.157894736842096,5600.0,0.0
5700.0,211.605078986,0.0,5700.0,85.17543859649123,66.55701617344775,-34.76874003189796,56.05824232969317,5700.0,0.0
5800.0,215.562950343,0.0,5800.0,85.24137931034483,66.51488384007268,-33.95931142410014,55.8535327488396,5800.0,0.0
5900.0,219.708492445,0.0,5900.0,85.28813559322033,66.52682253058842,-34.157650695517795,55.871886120996436,5900.0,0.0
6000.0,223.810828827,0.0,6000.0,85.36666666666667,66.58488802195097,-33.6377473363774,55.812783090085574,6000.0,0.0
6100.0,227.663048413,0.0,6100.0,85.24590163934425,66.3341824805048,-34.128166915052226,55.599407992106556,6100.0,0.0
6200.0,231.73702611,0.0,6200.0,85.08064516129032,65.92641531629913,-34.2525399129173,55.205811138014525,6200.0,0.0
6300.0,235.758056599,0.0,6300.0,85.06349206349206,65.8340698692493,-34.62088698140205,55.12637100619933,6300.0,0.0
6400.0,239.787618919,0.0,6400.0,85.203125,66.03962954686709,-33.946251768033925,55.30910806984427,6400.0,0.0
6500.0,243.661383285,0.0,6500.0,85.3076923076923,66.28081306289178,-33.75350140056027,55.68445475638051,6500.0,0.0
6600.0,247.615599209,0.0,6600.0,85.24242424242424,66.13565964978822,-34.90304709141277,55.52511415525113,6600.0,0.0
6700.0,251.426319628,0.0,6700.0,85.31343283582089,66.26706102946044,-34.61012311901508,55.73549257759783,6700.0,0.0
6800.0,255.288109421,0.0,6800.0,85.41176470588235,66.36273651824204,-34.23545331529097,55.77351761034329,6800.0,0.0
6900.0,259.205662856,0.0,6900.0,85.6231884057971,66.60432951292614,-33.873144399460216,55.8129175946548,6900.0,0.0
7000.0,263.117806272,0.0,7000.0,85.57142857142857,66.45135108997997,-34.84646194926567,55.682316805616516,7000.0,0.0
7100.0,267.010860698,0.0,7100.0,85.70422535211267,66.58921118734057,-34.97340425531916,55.7155322862129,7100.0,0.0
7200.0,270.920133292,0.0,7200.0,85.77777777777777,66.5758618860647,-35.98937583001327,55.574837310195214,7200.0,0.0
7300.0,274.820923872,0.0,7300.0,85.73972602739725,66.46970806191884,-37.51651254953766,55.45571245186135,7300.0,0.0
7400.0,278.851507224,0.0,7400.0,85.93243243243244,66.66794166816236,-37.51651254953759,55.45571245186138,7400.0,0.0
7500.0,282.781144399,0.0,7500.0,86.09333333333333,66.81998118759739,-37.41765480895922,55.40829414279605,7500.0,0.0
7600.0,286.685241123,0.0,7600.0,86.27631578947368,67.00416206772361,-37.41765480895917,55.40829414279605,7600.0,0.0
7700.0,290.547942742,0.0,7700.0,86.42857142857143,67.12679216484771,-37.68115942028987,55.32278751603251,7700.0,0.0
7800.0,294.395908409,0.0,7800.0,86.6025641025641,67.29826104260414,-37.68115942028981,55.3227875160325,7800.0,0.0
7900.0,298.251587881,0.0,7900.0,86.77215189873418,67.46367621244163,-37.68115942028986,55.32278751603248,7900.0,0.0
8000.0,302.163195333,0.0,8000.0,86.8625,67.46257460814614,-38.47167325428191,55.066267635741774,8000.0,0.0
8100.0,306.145704965,0.0,8100.0,87.02469135802468,67.61788503339278,-38.47167325428196,55.06626763574176,8100.0,0.0
8200.0,310.139465599,0.0,8200.0,87.1829268292683,67.76798514414611,-38.471673254281995,55.066267635741774,8200.0,0.0
8300.0,314.162139442,0.0,8300.0,87.33734939759036,67.9131328064446,-38.47167325428194,55.06626763574176,8300.0,0.0
8400.0,318.014417047,0.0,8400.0,87.46428571428572,68.00139611328314,-38.735177865612705,54.98076100897822,8400.0,0.0
8500.0,322.014010805,0.0,8500.0,87.58823529411764,68.08582572921263,-38.99868247694332,54.89525438221461,8500.0,0.0
8600.0,325.784815309,0.0,8600.0,87.73255813953489,68.21810513631573,-38.99868247694331,54.895254382214645,8600.0,0.0
8700.0,329.57698668,0.0,8700.0,87.8735632183908,68.34628887524744,-38.99868247694337,54.89525438221463,8700.0,0.0
8800.0,333.463917377,0.0,8800.0,88.01136363636364,68.52578349915721,-38.26998689384014,55.01066098081024,8800.0,0.0
8900.0,337.131238036,0.0,8900.0,88.14606741573033,68.70164162797995,-37.90849673202619,55.125478519778795,8900.0,0.0
9000.0,340.809673749,0.0,9000.0,88.25555555555556,68.76874597503233,-38.16993464052295,55.040408336877924,9000.0,0.0
9100.0,344.671623895,0.0,9100.0,88.36263736263736,68.83296365013281,-38.431372549019535,54.95533815397704,9100.0,0.0
9200.0,348.316339636,0.0,9200.0,88.42391304347827,68.7950414499178,-39.215686274509686,54.70012760527436,9200.0,0.0
9300.0,351.977224573,0.0,9300.0,88.33333333333333,68.5920967312996,-39.460154241645334,54.45004198152811,9300.0,0.0
9324.0,353.43665575,0.0,9324.0,88.34191334191334,68.5978783651544,-39.00255754475696,54.46166736489319,9324.0,0.0