learning evaluation instances,evaluation time (cpu seconds),model cost (RAM-Hours),classified instances,classifications correct (percent),Kappa Statistic (percent),Kappa Temporal Statistic (percent),Kappa M Statistic (percent),model training instances,model serialized size (bytes)
1000.0,11.844787448,1.2137832673531076E-5,1000.0,66.9,-1.7547311338735807,18.271604938271622,-14.532871972318311,1000.0,3961104.0
2000.0,22.879657275,2.344571000964474E-5,2000.0,67.7,-0.9130601182525917,22.355769230769248,-6.7768595041322195,2000.0,3961104.0
3000.0,34.120669215,3.496482950485554E-5,3000.0,68.30000000000001,-0.6342106933989844,23.49155269509253,-4.505494505494485,3000.0,3961104.0
4000.0,44.990096363,4.610317103768201E-5,4000.0,68.72500000000001,-0.46941946986518773,26.063829787234056,-3.3884297520661097,4000.0,3961104.0
5000.0,55.701643444,5.707972648155208E-5,5000.0,68.7,-0.40124571963505595,25.93469001419783,-2.6902887139107565,5000.0,3961104.0
6000.0,66.667084016,6.831645685251018E-5,6000.0,69.1,-0.31304089370589594,26.457754859182852,-2.2614451185879836,6000.0,3961104.0
7000.0,77.25615529,7.91675063843115E-5,7000.0,69.44285714285714,-0.2507037568605201,27.07125809751108,-1.9542421353670285,7000.0,3961104.0
8000.0,87.656605131,8.98252679063071E-5,8000.0,69.15,-0.2437348427299525,27.2191094072545,-1.6893283889575763,8000.0,3961104.0
9000.0,97.953491038,1.0037690327724906E-4,9000.0,69.1,-0.22311846901970955,27.407987470634282,-1.4963503649635335,9000.0,3961104.0
10000.0,108.459390684,1.1114272347857222E-4,10000.0,69.13,-0.2018578924073137,27.24487390996937,-1.3460275771503587,10000.0,3961104.0
11000.0,119.327571672,1.2227978802085488E-4,11000.0,69.18181818181817,-0.1830160208467036,27.30002144542139,-1.2242460435951275,11000.0,3961104.0
12000.0,129.783063062,1.329939528438626E-4,12000.0,69.38333333333333,-0.16055950331924884,27.391304347826072,-1.1285439031103996,12000.0,3961104.0
13000.0,140.370509498,1.4384333733846066E-4,13000.0,69.54615384615384,-0.1428271335595907,27.755474452554747,-1.0464522715671327,13000.0,3961104.0
14000.0,150.776112232,1.5450637923828433E-4,14000.0,69.59285714285714,-0.1318020673273576,27.90855207451314,-0.9724857685009364,14000.0,3961104.0
15000.0,161.617217239,1.656156979279468E-4,15000.0,69.76,-0.11787835442348162,28.079911209766923,-0.9121245828698662,15000.0,3961104.0
16000.0,172.856554601,1.7713310141536498E-4,16000.0,69.69999999999999,-0.1131202885314361,27.932213468113567,-0.8529228208862153,16000.0,3961104.0
17000.0,183.478233312,1.8801756510642887E-4,17000.0,69.73529411764706,-0.10588230015838146,27.77933745087031,-0.803291536050151,17000.0,3961104.0
18000.0,194.357562652,1.9916605381581928E-4,18000.0,69.79444444444445,-0.09868925192135869,27.805072367547485,-0.759822090437339,18000.0,3961104.0
19000.0,205.253402148,2.1033146114969508E-4,19000.0,69.73157894736842,-0.09561705981299001,27.79661016949153,-0.718038528896683,19000.0,3961104.0
20000.0,215.661689391,2.2099725397444633E-4,20000.0,69.72,-0.09145575799818398,27.91334364956554,-0.681629260182875,20000.0,3961104.0
21000.0,226.63090608,2.3223785388519169E-4,21000.0,69.64761904761905,-0.08918700741942388,27.822443664364172,-0.6474024948681427,21000.0,3961104.0
22000.0,237.830575539,2.4371460806832832E-4,22000.0,69.67727272727274,-0.08465753660070519,27.59144686855532,-0.6184012066364761,22000.0,3961104.0
23000.0,248.906830218,2.5506489413579323E-4,23000.0,69.80434782608695,-0.07826071745540705,27.663785022393483,-0.5938586326767064,23000.0,3961104.0
24000.0,260.38178922,2.668237486457087E-4,24000.0,69.84583333333333,-0.07426173049333615,27.695074433010276,-0.5697609783213196,24000.0,3961104.0
25000.0,271.096075671,2.778031112327915E-4,25000.0,69.972,-0.06875537961206003,27.93510607660556,-0.5491561746584432,25000.0,3961104.0
26000.0,282.792329926,2.8978873593711975E-4,26000.0,70.05384615384615,-0.06456081076238712,28.17343173431735,-0.5293737895416244,26000.0,3961104.0
27000.0,294.380771174,3.016638802934687E-4,27000.0,70.03703703703704,-0.06263225384336986,28.063311399608757,-0.509380047210819,27000.0,3961104.0
28000.0,305.398826422,3.129545270505387E-4,28000.0,70.12857142857143,-0.058744436221186205,28.150502534146543,-0.4926108374384174,28000.0,3961104.0
29000.0,317.747663747,3.2560888001563254E-4,29000.0,70.08965517241379,-0.05754703139479831,28.231011087208337,-0.474921811652987,29000.0,3961104.0
30000.0,329.385714758,3.375348615022306E-4,30000.0,70.06,-0.05625444383483581,28.109492556427085,-0.45856168213844994,30000.0,3961104.0
31000.0,340.583187011,3.490093641195292E-4,31000.0,70.12903225806451,-0.05332110767681218,28.072083268603382,-0.4447337021369049,31000.0,3961104.0
32000.0,351.779275056,3.60482448282916E-4,32000.0,70.15,-0.051376229815361,28.175050755695917,-0.43107980233414334,32000.0,3961104.0
33000.0,362.817799926,3.717940710893932E-4,33000.0,70.0909090909091,-0.05085695858212945,28.124089717448296,-0.4171329738528927,33000.0,3961104.0
34000.0,374.768263408,3.840401942682563E-4,34000.0,70.12352941176471,-0.04890627106458623,28.186638388123015,-0.4052584758327539,34000.0,3961104.0
35000.0,387.210701226,3.967904634435128E-4,35000.0,70.13142857142857,-0.047444948926908835,28.126503953248534,-0.3937385959857969,35000.0,3961104.0
36000.0,400.12448131,4.1002373609872085E-4,36000.0,70.1,-0.04665198225898647,28.120200333889798,-0.38235568404365206,36000.0,3961104.0
37000.0,412.372023374,4.22574287713724E-4,37000.0,70.1054054054054,-0.045361269904334665,28.13332467026185,-0.37205081669692214,37000.0,3961104.0
38000.0,424.3341406,4.3483235295531413E-4,38000.0,70.10263157894737,-0.04425215161488025,28.144962367971683,-0.36219081272085335,38000.0,3961104.0
39000.0,435.114166652,4.458790815698977E-4,39000.0,70.05641025641025,-0.04379774517329391,28.108840187146,-0.35232448225490376,39000.0,3961104.0
40000.0,446.51500743,4.575619841385123E-4,40000.0,70.06,-0.04269315247402497,28.154058431819546,-0.3435274403016519,40000.0,3961104.0
41000.0,456.82681771,4.681289131179742E-4,41000.0,70.11219512195122,-0.04100172931103435,28.28466085328027,-0.3357078522885452,41000.0,3961104.0
42000.0,468.424167531,4.800131864493181E-4,42000.0,70.15,-0.03957247019430225,28.232869654817105,-0.32810499359794715,42000.0,3961104.0
43000.0,482.226962365,4.941574684685332E-4,43000.0,70.16744186046512,-0.03846374867223173,28.291128626530277,-0.3206381481191655,43000.0,3961104.0
44000.0,494.944549418,5.071896941912873E-4,44000.0,70.11136363636363,-0.0383076437458945,28.2268187523877,-0.31273836765828233,44000.0,3961104.0
45000.0,507.078666839,5.196240149879804E-4,45000.0,70.09777777777778,-0.037646284943429725,28.227010881160663,-0.30562802832649133,45000.0,3961104.0
46000.0,518.76417406,5.315986267719838E-4,46000.0,70.12173913043478,-0.036572248269651955,28.30090249882622,-0.29920455374737187,46000.0,3961104.0
47000.0,530.560140765,5.436864308559659E-4,47000.0,70.14680851063831,-0.03552971880003318,28.318177173802,-0.29306647605430575,47000.0,3961104.0
48000.0,543.039943297,5.564749891646E-4,48000.0,70.17916666666667,-0.03444697200130281,28.41568313662733,-0.287255657535184,48000.0,3961104.0
49000.0,555.753495166,5.695030798711358E-4,49000.0,70.1530612244898,-0.03405338551058449,28.403583492436486,-0.2811300054854707,49000.0,3961104.0
50000.0,568.969210105,5.830457573818033E-4,50000.0,70.146,-0.0334684227680157,28.438563689534487,-0.2754265753056707,50000.0,3961104.0
51000.0,580.832370418,5.952024174730557E-4,51000.0,69.60196078431372,1.5380773655597275,27.386416861826678,-1.2606139777923149,51000.0,3961104.0
52000.0,592.672476475,6.073354529359245E-4,52000.0,69.08653846153847,2.9434678989311087,26.38303718629786,-2.1413140170288485,52000.0,3961104.0
53000.0,604.41277114,6.193662076292712E-4,53000.0,68.56792452830189,4.037975462618344,25.29931393211066,-3.1261607032314287,53000.0,3961104.0
54000.0,616.284358179,6.315315029274129E-4,54000.0,68.08703703703704,5.094440507137141,24.50937445242684,-3.93848009650183,54000.0,3961104.0
55000.0,628.553180249,6.44103861025078E-4,55000.0,67.64545454545454,6.133334661198926,23.656098502724255,-4.56575390762723,55000.0,3961104.0
56000.0,640.58416801,6.564325006888464E-4,56000.0,67.20535714285715,6.97819608858785,22.839376496785853,-5.255616689591903,56000.0,3961104.0
57000.0,652.550476485,6.686948608727711E-4,57000.0,66.76315789473685,7.641997551837488,21.966389323667528,-6.027535258562769,57000.0,3961104.0
58000.0,664.584431242,6.810265409373191E-4,58000.0,66.38103448275862,8.432429935711214,21.28930690671293,-6.470459757562522,58000.0,3961104.0
59000.0,676.537939766,6.932757844938539E-4,59000.0,66.01186440677967,9.135035971751226,20.626187460417984,-6.8923240938166295,59000.0,3961104.0
60000.0,688.799625978,7.05840830189269E-4,60000.0,65.66833333333332,9.816992369945789,20.031833533910472,-7.20828562506506,60000.0,3961104.0
61000.0,700.872024063,7.18211904686577E-4,61000.0,65.28688524590164,10.226498292863738,19.345623524034437,-7.826662592932078,61000.0,3961104.0
62000.0,712.625835996,7.3025651107105E-4,62000.0,64.92096774193548,10.603478937696522,18.683167576460033,-8.398125996810183,62000.0,3961104.0
63000.0,724.914561553,7.428492650766946E-4,63000.0,64.57301587301588,10.963526091701377,18.04729382389659,-8.905045379135359,63000.0,3961104.0
64000.0,735.767405589,7.539706132240723E-4,64000.0,64.228125,11.255849041495335,17.52584747289168,-9.441177876571546,64000.0,3961104.0
65000.0,746.961624886,7.654417824058157E-4,65000.0,63.85999999999999,11.393795480913694,16.848961098722164,-10.172591689334974,65000.0,3961104.0
66000.0,759.261203398,7.780456578733169E-4,66000.0,63.55151515151515,11.683744098742368,16.259964493333783,-10.566714160959705,66000.0,3961104.0
67000.0,771.675345952,7.907669317473581E-4,67000.0,63.22537313432836,11.851238904420798,15.614083156380568,-11.116623072066377,67000.0,3961104.0
68000.0,783.572007026,8.029579214230998E-4,68000.0,62.92058823529412,12.038051181905491,15.072922631277574,-11.571308464976324,68000.0,3961104.0
69000.0,796.207209631,8.159057244705533E-4,69000.0,62.63768115942029,12.246486078852351,14.539547835311284,-11.926366517605189,69000.0,3961104.0
70000.0,808.609578364,8.2861493323411E-4,70000.0,62.34571428571428,12.378040075043554,14.017289186103405,-12.37689192069922,70000.0,3961104.0
71000.0,820.475018487,8.407739295388596E-4,71000.0,62.10704225352113,12.634336843357593,13.636363636363638,-12.526663599481383,71000.0,3961104.0
72000.0,830.591834604,8.511410401143865E-4,72000.0,61.82361111111111,12.709121957094052,13.079088005565561,-12.994327057469397,72000.0,3961104.0
73000.0,840.445348845,8.612383346102626E-4,73000.0,61.54246575342466,12.756003908714527,12.561123742486071,-13.480738914264911,73000.0,3961104.0
74000.0,850.441837443,8.71482140711306E-4,74000.0,61.29054054054054,12.85703706009784,12.172313352751791,-13.815162110616663,74000.0,3961104.0
75000.0,860.717286452,8.820118088260092E-4,75000.0,60.998666666666665,12.811110857233713,11.668428204741057,-14.431578123777461,75000.0,3961104.0
76000.0,870.887650393,8.92433792022138E-4,76000.0,60.73421052631579,12.817996968409684,11.189810130349388,-14.905086442570544,76000.0,3961104.0
77000.0,880.923657726,9.027180945689814E-4,77000.0,60.518181818181816,12.934132481648074,10.847507331378289,-15.102983492351976,77000.0,3961104.0
78000.0,891.136844428,9.131839599799593E-4,78000.0,60.25769230769231,12.901482706221735,10.4204594711747,-15.607518460505712,78000.0,3961104.0
79000.0,901.163822991,9.234590103810813E-4,79000.0,60.05443037974684,13.0010547986496,10.134981205148657,-15.780011740534189,79000.0,3961104.0
80000.0,911.467317856,9.340174182185367E-4,80000.0,59.84125,13.05018234961654,9.765756656555435,-16.04059813624213,80000.0,3961104.0
81000.0,921.59446929,9.443951198113296E-4,81000.0,59.60493827160494,13.018005987567765,9.297555025780326,-16.47029509130391,81000.0,3961104.0
82000.0,931.739866466,9.547915185537651E-4,82000.0,59.38414634146342,13.007638198273849,8.890712624811934,-16.826855619475232,82000.0,3961104.0
83000.0,941.978033195,9.65282982008544E-4,83000.0,59.214457831325305,13.107898721276134,8.66609108568963,-16.888228997617475,83000.0,3961104.0
84000.0,952.026130762,9.75579673907068E-4,84000.0,58.99880952380953,13.074809573991603,8.28206971851616,-17.25793272504425,84000.0,3961104.0
85000.0,961.987981185,9.85787984869502E-4,85000.0,58.8,13.067650406338876,7.873622181885128,-17.544389621723216,85000.0,3961104.0
86000.0,971.904585876,9.959499307007238E-4,86000.0,58.60813953488372,13.062153480772654,7.528250422132735,-17.808445856499873,86000.0,3961104.0
87000.0,982.001416813,0.0010062965616541505,87000.0,58.431034482758626,13.077192356340571,7.231171762774485,-18.00117462803443,87000.0,3961104.0
88000.0,991.877688643,0.0010164171767717389,88000.0,58.26136363636364,13.095363406357347,6.944338881710629,-18.167487050799476,88000.0,3961104.0
89000.0,1001.882650192,0.0010266696654482985,89000.0,58.10224719101124,13.124163660120855,6.632780810255899,-18.287653851034133,89000.0,3961104.0
90000.0,1011.960706139,0.0010369970569102556,90000.0,57.89777777777778,13.037182195275099,6.228810413521747,-18.705554337270133,90000.0,3961104.0
91000.0,1021.781101364,0.0010470604130111809,91000.0,57.6945054945055,12.943349457364125,5.852143503460422,-19.133529320748856,91000.0,3961104.0
92000.0,1031.743890016,0.0010572696854148108,92000.0,57.525000000000006,12.915039597495287,5.508402853343006,-19.370112414467243,92000.0,3961104.0
93000.0,1041.797133832,0.0010675716508827876,93000.0,57.35591397849462,12.877585089046686,5.196854158200466,-19.620558605296495,93000.0,3961104.0
94000.0,1052.204871909,0.0010782368809549316,94000.0,57.22446808510638,12.911552812612845,5.006142506142503,-19.6553981668849,94000.0,3961104.0
95000.0,1062.116295447,0.0010883935174491606,95000.0,57.061052631578946,12.867087433495977,4.6960422410167615,-19.902413215366998,95000.0,3961104.0
96000.0,1072.26090094,0.001098789104922012,96000.0,56.91458333333333,12.849780557427273,4.431608133086875,-20.060375605933046,96000.0,3961104.0
97000.0,1082.617400206,0.0011094018285125464,97000.0,56.75773195876289,12.802434457127907,4.173901124006215,-20.296546977171023,97000.0,3961104.0
98000.0,1092.661141793,0.0011196940566622188,98000.0,56.59285714285714,12.731219275330858,3.901414177924373,-20.595906333276645,98000.0,3961104.0
99000.0,1102.764653664,0.0011300475338388769,99000.0,56.45454545454546,12.707070541732731,3.6841752496704676,-20.746155785228122,99000.0,3961104.0
99500.0,1107.70440555,0.0011351094973485007,99500.0,56.38994974874372,12.701369078360841,3.5947567207287303,-20.798418752261927,99500.0,3961104.0
