learning evaluation instances,evaluation time (cpu seconds),model cost (RAM-Hours),classified instances,classifications correct (percent),Kappa Statistic (percent),Kappa Temporal Statistic (percent),Kappa M Statistic (percent),model training instances,model serialized size (bytes)
1000.0,10.680275663,1.0944510357302291E-5,1000.0,66.9,-1.7547311338735807,18.271604938271622,-14.532871972318311,1000.0,3961104.0
2000.0,20.567565794,2.107641637347964E-5,2000.0,67.7,-0.9130601182525917,22.355769230769248,-6.7768595041322195,2000.0,3961104.0
3000.0,30.166091798,3.09124141117726E-5,3000.0,68.30000000000001,-0.6342106933989844,23.49155269509253,-4.505494505494485,3000.0,3961104.0
4000.0,39.916033449,4.090357358644191E-5,4000.0,66.77499999999999,-1.5779356520210512,21.453900709219855,-9.83471074380167,4000.0,3961104.0
5000.0,49.476950237,5.070103164027074E-5,5000.0,62.480000000000004,-1.9714849461605732,11.216280170373876,-23.016393442622924,5000.0,3961104.0
6000.0,59.709009809,6.118623684431249E-5,6000.0,61.33333333333333,-1.3458613903137877,8.045977011494239,-27.894156560088213,6000.0,3961104.0
7000.0,70.122008566,7.185685774798218E-5,7000.0,62.8,-0.9503108259405981,11.217183770883064,-24.118207816968543,7000.0,3961104.0
8000.0,80.741483701,8.273906334561138E-5,8000.0,63.324999999999996,-1.1589491881425449,13.52785145888593,-20.840197693574968,8000.0,3961104.0
9000.0,91.943781439,9.421851083252079E-5,9000.0,63.922222222222224,-1.1259190890216395,15.288285937907647,-18.460415906603412,9000.0,3961104.0
10000.0,101.49425012,1.0400526228860965E-4,10000.0,64.47,-1.0379294055125006,16.301531213192,-16.606498194945843,10000.0,3961104.0
11000.0,110.972128559,1.137176275883411E-4,11000.0,64.8,-1.1060851895679735,17.034497535890296,-15.547597732020302,11000.0,3961104.0
12000.0,120.555750824,1.2353835286260832E-4,12000.0,65.375,-0.9215722390784707,17.934031206794412,-14.336818932305997,12000.0,3961104.0
13000.0,129.962965289,1.3317830593069575E-4,13000.0,65.84615384615384,-0.7849597829246973,18.992884510125883,-13.294207706047475,13000.0,3961104.0
14000.0,139.403548715,1.428524535224828E-4,14000.0,66.14285714285715,-0.7294383908791016,19.7698036560596,-12.348897843090755,14000.0,3961104.0
15000.0,148.894301627,1.5257801181531102E-4,15000.0,66.4,-0.720691184818538,20.15209125475285,-12.049799911071595,15000.0,3961104.0
16000.0,158.408346638,1.6232743846386266E-4,16000.0,66.54375,-0.7175727234310467,20.496064161592166,-11.265849095822071,16000.0,3961104.0
17000.0,168.087848425,1.7224641536146745E-4,17000.0,66.78235294117647,-0.6621119382733377,20.810545505539203,-10.617042115572968,17000.0,3961104.0
18000.0,177.509762884,1.8190143210784014E-4,18000.0,66.98888888888888,-0.6163641289623519,21.183180793208635,-10.037037037037027,18000.0,3961104.0
19000.0,187.022789792,1.9164981546507796E-4,19000.0,67.07368421052632,-0.6153804064514631,21.545021319287688,-9.485474273713663,19000.0,3961104.0
20000.0,196.484692884,2.0134581018073277E-4,20000.0,67.205,-0.5911983514269695,21.981681931723575,-9.007811201595485,20000.0,3961104.0
21000.0,206.147494712,2.1124767395504286E-4,21000.0,67.23809523809524,-0.5991274056197896,22.180748784074215,-8.551593562638027,21000.0,3961104.0
22000.0,215.656612695,2.2099205167876537E-4,22000.0,67.4,-0.5586990948034374,22.221017243249115,-8.174962292609328,22000.0,3961104.0
23000.0,225.352464479,2.3092778307945178E-4,23000.0,67.6086956521739,-0.5029098745038479,22.500780193487984,-7.845975680370584,23000.0,3961104.0
24000.0,234.907249036,2.4071895718820178E-4,24000.0,67.73333333333333,-0.4750073609014593,22.737703282450372,-7.525687309080794,24000.0,3961104.0
25000.0,244.385978183,2.5043219424282146E-4,25000.0,67.944,-0.42063691153651045,23.17131626881413,-7.253747323340444,25000.0,3961104.0
26000.0,254.037118198,2.6032210768577393E-4,26000.0,68.08461538461539,-0.3886077868072256,23.5841237683028,-6.988138215575041,26000.0,3961104.0
27000.0,263.531100491,2.7005097525590146E-4,27000.0,68.15555555555555,-0.3768544548841186,23.661546657196137,-6.727904667328681,27000.0,3961104.0
28000.0,272.959745397,2.797128889634786E-4,28000.0,68.30714285714285,-0.3421694145669515,23.834863960175095,-6.505040806529042,28000.0,3961104.0
29000.0,282.435213052,2.8942278383535877E-4,29000.0,68.33448275862068,-0.341539606142212,24.07606448945844,-6.272422173359578,29000.0,3961104.0
30000.0,291.933010567,2.991555610177484E-4,30000.0,68.38333333333333,-0.33423730408539226,24.156404925635695,-6.060606060606063,30000.0,3961104.0
31000.0,301.445264822,3.0890315260621284E-4,31000.0,68.48709677419355,-0.31264365086975443,24.16550225120323,-5.87406524330769,31000.0,3961104.0
32000.0,311.415453189,3.191200077970306E-4,32000.0,68.54375,-0.3028816202791191,24.401051445737902,-5.6908861822763335,32000.0,3961104.0
33000.0,320.968372606,3.289092706214007E-4,33000.0,68.49090909090908,-0.3186630661633455,24.433139534883725,-5.499188311688322,33000.0,3961104.0
34000.0,330.685144944,3.3886644015974926E-4,34000.0,68.59117647058824,-0.29787656650275907,24.556693747792306,-5.346749531419552,34000.0,3961104.0
35000.0,340.291452961,3.4871041244144977E-4,35000.0,68.62857142857143,-0.29157472271924967,24.62415047710579,-5.192565625598787,35000.0,3961104.0
36000.0,349.80962941,3.584640727415857E-4,36000.0,68.63055555555555,-0.29270862722739116,24.698272987930903,-5.0413914984652735,36000.0,3961104.0
37000.0,359.406317289,3.682981868788617E-4,37000.0,68.66756756756757,-0.28591917902410047,24.798910223144794,-4.904533526377713,37000.0,3961104.0
38000.0,368.923666229,3.780509991970628E-4,38000.0,68.66578947368421,-0.28696862087501157,24.862750047327577,-4.7690277166740085,38000.0,3961104.0
39000.0,378.331513519,3.876916007465177E-4,39000.0,68.61282051282052,-0.2977155048625765,24.869575891487152,-4.6328746046670535,39000.0,3961104.0
40000.0,387.810635947,3.9740524081208146E-4,40000.0,68.6225,-0.29541879358592055,24.862308429118762,-4.513281705387647,40000.0,3961104.0
41000.0,397.330664208,4.071607987388568E-4,41000.0,68.59756097560977,-0.29941601124603656,24.957743195197317,-4.394713370631606,41000.0,3961104.0
42000.0,406.836565888,4.1690188058683545E-4,42000.0,68.61428571428571,-0.295267830849523,25.08098891730606,-4.28797468354429,42000.0,3961104.0
43000.0,416.282571005,4.265815840046307E-4,43000.0,68.64651162790697,-0.2882608937540478,25.178977745712867,-4.18856259659967,43000.0,3961104.0
44000.0,425.806502445,4.363411416767628E-4,44000.0,68.63636363636364,-0.2887470264849193,25.16674800715798,-4.088097752300486,44000.0,3961104.0
45000.0,435.309678899,4.4607943087545743E-4,45000.0,68.62,-0.29003959310516997,25.17089714376558,-3.9914573974519376,45000.0,3961104.0
46000.0,444.96729724,4.559759829210305E-4,46000.0,68.5304347826087,-0.3032390437657749,25.134464211832853,-3.889766039902397,46000.0,3961104.0
47000.0,454.497442984,4.657419086417633E-4,47000.0,68.43829787234043,-0.31599571744432864,24.94814065266887,-3.7923313741953626,47000.0,3961104.0
48000.0,463.986615974,4.7546584792462976E-4,48000.0,68.3875,-0.3214376259031819,24.91464199119204,-3.7042099507927944,48000.0,3961104.0
49000.0,473.429905609,4.851427686782119E-4,49000.0,68.3408163265306,-0.3258270091147905,24.883788495060994,-3.620332643110027,49000.0,3961104.0
50000.0,482.838866381,4.947845112576988E-4,50000.0,68.26,-0.33497898040985313,24.861512239003837,-3.5360125260960196,50000.0,3961104.0
51000.0,492.425374279,5.046081935567893E-4,51000.0,68.19411764705883,-0.34137787026545113,24.79833101529904,-3.45685311563235,51000.0,3961104.0
52000.0,502.086743454,5.145085892336371E-4,52000.0,68.075,-0.3549356067028889,24.69835797877166,-3.375054486580752,52000.0,3961104.0
53000.0,511.592282598,5.242492995763165E-4,53000.0,67.93396226415095,-0.37075496119810486,24.493513417451577,-3.294232054944355,53000.0,3961104.0
54000.0,521.324145658,5.34221933187732E-4,54000.0,67.83148148148148,-0.38050236647124824,24.37197962471157,-3.2206310535385447,54000.0,3961104.0
55000.0,531.229128405,5.443719695429727E-4,55000.0,67.68545454545455,-0.3954099072544405,24.260632404329684,-3.1454935871394563,55000.0,3961104.0
56000.0,540.768995703,5.541478573332062E-4,56000.0,67.55357142857143,-0.4076999435525135,24.022579970729666,-3.07465395960971,56000.0,3961104.0
57000.0,550.343250842,5.639589837346765E-4,57000.0,67.42105263157895,-0.41940167997467764,23.890323373908764,-3.0064344353228365,57000.0,3961104.0
58000.0,559.925903917,5.73778715840759E-4,58000.0,67.2551724137931,-0.4345120911359189,23.64104213573497,-2.9376693766937376,58000.0,3961104.0
59000.0,569.379889274,5.834665969331846E-4,59000.0,67.0813559322034,-0.44975340107909983,23.46613074831541,-2.870762711864421,59000.0,3961104.0
60000.0,578.891045253,5.932130630738201E-4,60000.0,66.94666666666666,-0.45970751190600473,23.307165783673003,-2.8097459823742885,60000.0,3961104.0
61000.0,588.365646382,6.029220699814679E-4,61000.0,66.79180327868852,-0.4713892779152692,23.155418990174866,-2.749175754501671,61000.0,3961104.0
62000.0,597.947900971,6.127413937428323E-4,62000.0,66.68387096774194,-0.4773458495218797,23.06603597899362,-2.694640548871453,62000.0,3961104.0
63000.0,607.341465703,6.223673593775512E-4,63000.0,66.52857142857142,-0.48801946317010636,22.87125091441112,-2.6381114626429816,63000.0,3961104.0
64000.0,616.766302602,6.320253708663686E-4,64000.0,66.40468750000001,-0.49488155464613237,22.777717918327784,-2.5860012405171733,64000.0,3961104.0
65000.0,626.344102037,6.418401292512732E-4,65000.0,66.29846153846154,-0.49958589842583134,22.651036333462812,-2.5369780939898825,65000.0,3961104.0
66000.0,635.879218774,6.516111489495484E-4,66000.0,66.17575757575757,-0.5056645373004758,22.475343797749687,-2.4882930860343446,66000.0,3961104.0
67000.0,645.456256378,6.614251266554206E-4,67000.0,66.06417910447762,-0.5103414651371498,22.295888725607472,-2.4419914395133886,67000.0,3961104.0
68000.0,655.1933375,6.714031074259738E-4,68000.0,65.95,-0.5177493529481754,22.176660392578636,-2.4014860023882107,68000.0,3961104.0
69000.0,664.651453085,6.810952209300477E-4,69000.0,65.81014492753623,-0.5245177385513182,21.933220821337567,-2.3559527941687053,69000.0,3961104.0
70000.0,674.287461329,6.909696282353631E-4,70000.0,65.68714285714286,-0.5266409033196344,21.764763362756902,-2.313000511160349,70000.0,3961104.0
71000.0,683.810073867,7.007278343752825E-4,71000.0,65.53802816901408,-0.5309821777100661,21.569381671314545,-2.269592476489014,71000.0,3961104.0
72000.0,693.272426716,7.104242899751223E-4,72000.0,65.44027777777778,-0.538456754329874,21.427894786699916,-2.2392965732599115,72000.0,3961104.0
73000.0,702.728247999,7.201140524151606E-4,73000.0,65.35753424657534,-0.5212163949230049,21.33814426576255,-2.194294027317557,73000.0,3961104.0
74000.0,712.216402799,7.298369483175609E-4,74000.0,65.23918918918919,-0.5329173843482449,21.223164793433984,-2.1727041626946417,74000.0,3961104.0
75000.0,721.689206431,7.395441132573461E-4,75000.0,65.18666666666667,-0.5311819696327648,21.23442637786962,-2.1398114462308597,75000.0,3961104.0
76000.0,731.188719446,7.492786483819564E-4,76000.0,65.08947368421053,-0.5455221054029475,21.138984662941397,-2.124711316397201,76000.0,3961104.0
77000.0,741.182762273,7.595199482025549E-4,77000.0,64.95714285714286,-0.5339022206195914,20.97062355387634,-2.1000454063871685,77000.0,3961104.0
78000.0,750.870859156,7.694477328425965E-4,78000.0,64.88974358974359,-0.4904332524954317,20.936543680351047,-2.0951386817775104,78000.0,3961104.0
79000.0,760.416314946,7.792293473865681E-4,79000.0,64.76455696202532,-0.46305653109190376,20.80571282255542,-2.086771555359956,79000.0,3961104.0
80000.0,770.384656791,7.894443103716234E-4,80000.0,64.6425,-0.4169490220326155,20.63634578154373,-2.1228969600693097,80000.0,3961104.0
81000.0,779.954641695,7.992510608906109E-4,81000.0,64.55185185185185,-0.42253447419230716,20.47141590959449,-2.166951323655017,81000.0,3961104.0
82000.0,789.45628449,8.089877784869106E-4,82000.0,64.44268292682926,-0.44916241721488054,20.32953520780391,-2.201268884293177,82000.0,3961104.0
83000.0,799.078148016,8.18847691127712E-4,83000.0,64.33614457831325,-0.4373430857500967,20.223689529712964,-2.1781152916810727,83000.0,3961104.0
84000.0,808.744973483,8.287536780876119E-4,84000.0,64.275,-0.4267030117174741,20.171845073419888,-2.1409121851599733,84000.0,3961104.0
85000.0,818.842860607,8.391013913585673E-4,85000.0,64.19764705882352,-0.4353035154934694,20.014718637474697,-2.12765957446811,85000.0,3961104.0
86000.0,828.553284099,8.490520549776871E-4,86000.0,64.11976744186046,-0.3993406586521726,19.916430925748102,-2.118013039017778,86000.0,3961104.0
87000.0,838.290164273,8.590298298286989E-4,87000.0,64.03563218390804,-0.34737921617005163,19.817026292860422,-2.0648486430062802,87000.0,3961104.0
88000.0,848.02837291,8.690089660094668E-4,88000.0,63.93636363636364,-0.33552861133004513,19.6597640625791,-2.0778385332904556,88000.0,3961104.0
89000.0,857.6126353,8.788303472457066E-4,89000.0,63.774157303370785,-0.22041604681418908,19.32892959015162,-2.2906818109711855,89000.0,3961104.0
90000.0,867.19159497,8.886462945703329E-4,90000.0,63.54888888888889,-0.03997987300803899,18.881360961376775,-2.7595927956147097,90000.0,3961104.0
91000.0,876.708027767,8.983981680797552E-4,91000.0,63.286813186813184,0.13004312930816136,18.365302382406828,-3.356639029823042,91000.0,3961104.0
92000.0,886.248033313,9.081741975383048E-4,92000.0,63.05652173913043,0.4768987352762878,17.87957862182275,-3.799169313461999,92000.0,3961104.0
93000.0,895.834845651,9.179981918093742E-4,93000.0,62.89354838709678,0.59597558992632,17.57076316732355,-4.04932762467587,93000.0,3961104.0
94000.0,905.460604921,9.278620965765871E-4,94000.0,62.81914893617021,0.5759037200789849,17.50654990912738,-3.983814822528358,94000.0,3961104.0
95000.0,915.17934061,9.378212780400988E-4,95000.0,62.764210526315786,0.5904738248913417,17.4295651362013,-3.940293244791814,95000.0,3961104.0
96000.0,924.9857035,9.478702546399147E-4,96000.0,62.64895833333334,0.6891643547246464,17.22378687843392,-4.066055258880881,96000.0,3961104.0
97000.0,934.567010874,9.576886077517654E-4,97000.0,62.455670103092785,0.8079147838782077,16.86337176121448,-4.448332233917452,97000.0,3961104.0
98000.0,944.12059977,9.67478556618339E-4,98000.0,62.24795918367347,1.0016237050230103,16.48344206415495,-4.866780045351466,98000.0,3961104.0
99000.0,953.899971233,9.774998740114376E-4,99000.0,62.05656565656565,1.2978637817445464,16.138682383408113,-5.200660934830703,99000.0,3961104.0
100000.0,963.496222906,9.873335411507863E-4,100000.0,61.861,1.5807409341628134,15.819096808369753,-5.540028225918045,100000.0,3961104.0
