learning evaluation instances,evaluation time (cpu seconds),model cost (RAM-Hours),classified instances,classifications correct (percent),Kappa Statistic (percent),Kappa Temporal Statistic (percent),Kappa M Statistic (percent),model training instances,model serialized size (bytes)
1000.0,12.496976967,1.2968737587955694E-5,1000.0,58.4,1.6525213362017874,9.17030567685588,-19.197707736389702,1000.0,4011392.0
2000.0,23.904835252,2.4807242286285695E-5,2000.0,57.65,0.6540179409225718,5.151175811870106,-16.186556927297648,2000.0,4011392.0
3000.0,34.402955152,3.570166599447622E-5,3000.0,57.666666666666664,-0.45349082472051705,4.8689138576778905,-17.158671586715883,3000.0,4011392.0
4000.0,44.523088888,4.62038345688261E-5,4000.0,58.75,0.467020802995904,8.536585365853655,-14.74269819193322,4000.0,4011392.0
5000.0,54.82685777,5.689657051212358E-5,5000.0,59.040000000000006,-0.04212711446461401,8.366890380313198,-13.651498335183105,5000.0,4011392.0
6000.0,66.491027792,6.9001062710202E-5,6000.0,59.35,-0.6063605989357358,10.264900662251653,-13.706293706293685,6000.0,4011392.0
7000.0,77.720781897,8.065473979943603E-5,7000.0,59.75714285714285,-0.4815409309791515,11.331444759206788,-12.455089820359287,7000.0,4011392.0
8000.0,88.593167729,9.193755797078646E-5,8000.0,60.275,-0.35287709298747494,12.620291448996419,-11.508771929824572,8000.0,4011392.0
9000.0,99.134416445,1.0287673860688524E-4,9000.0,60.355555555555554,-0.2783511181261027,12.954379116857758,-10.327767470624641,9000.0,4011392.0
10000.0,109.761532537,1.1390502811064466E-4,10000.0,60.3,-0.5566940160611376,13.375518219506876,-9.729132117191822,10000.0,4011392.0
11000.0,120.29778094,1.2483901967203154E-4,11000.0,60.68181818181818,-0.24483549985794573,14.61006910167818,-8.832410669350773,11000.0,4011392.0
12000.0,131.792906978,1.3676808647922483E-4,12000.0,60.875,-0.20718734183663617,15.038002171552666,-8.354488806831299,12000.0,4011392.0
13000.0,143.866523854,1.49297482141538E-4,13000.0,60.96153846153847,-0.2696207928326259,15.683668383452407,-7.955754094873432,13000.0,4011392.0
14000.0,155.350710041,1.6121519611858324E-4,14000.0,61.15714285714285,-0.13266934214972445,16.286945812807872,-7.44912072712902,14000.0,4011392.0
15000.0,167.299355142,1.7361490232398568E-4,15000.0,61.199999999999996,-0.0923830911793468,16.797712651894216,-6.90668626010287,15000.0,4011392.0
16000.0,179.807792046,1.8659553246132512E-4,16000.0,61.19375,-0.09745758664448857,16.93645484949833,-6.519128495453748,16000.0,4011392.0
17000.0,191.489884441,1.9871862360161207E-4,17000.0,61.33529411764705,-0.051509859937055466,17.133131618759446,-6.221719457013589,17000.0,4011392.0
18000.0,203.366828923,2.110439224911364E-4,18000.0,61.477777777777774,-0.13366719780010505,17.284981510199216,-6.105585309869931,18000.0,4011392.0
19000.0,214.818240968,2.2292762510300185E-4,19000.0,61.636842105263156,-0.06524533474183114,17.348905771629433,-5.791001451378816,19000.0,4011392.0
20000.0,225.898047113,2.3442569369986013E-4,20000.0,61.775000000000006,-0.0957305354326779,17.4940643211742,-5.608509462632956,20000.0,4011392.0
21000.0,237.447392506,2.464110266415786E-4,21000.0,60.86666666666667,1.2929593942280182,15.799180327868848,-7.200626141403589,21000.0,4011392.0
22000.0,249.09594484,2.5849931158425935E-4,22000.0,60.14545454545455,2.7825197551629373,14.333170493404982,-8.033514046328222,22000.0,4011392.0
23000.0,259.338803803,2.691288382603796E-4,23000.0,59.38695652173913,3.558731858305893,12.692775025703332,-9.340980920051496,23000.0,4011392.0
24000.0,269.485965947,2.796590555645701E-4,24000.0,58.7125,4.236273245704802,11.518885614787028,-10.406685236768816,24000.0,4011392.0
25000.0,279.680821316,2.9023876651201386E-4,25000.0,58.099999999999994,4.794125398899434,10.162950257289879,-11.329578063556172,25000.0,4011392.0
26000.0,289.764406905,3.0070300724757356E-4,26000.0,57.44230769230769,4.943860278041163,9.17672166133137,-12.689683267135157,26000.0,4011392.0
27000.0,299.98184869,3.113061572477522E-4,27000.0,56.925925925925924,5.326410152583385,8.215610449056904,-13.419153501072758,27000.0,4011392.0
28000.0,310.219119577,3.2192988489811956E-4,28000.0,56.39642857142857,5.488099892010724,7.339101396478434,-14.37002341920376,28000.0,4011392.0
29000.0,320.344796519,3.324378059343808E-4,29000.0,55.96551724137932,5.776304127395311,6.549579216977682,-14.900125967248496,29000.0,4011392.0
30000.0,330.482166965,3.4295786190417516E-4,30000.0,55.61333333333334,6.135368982456648,5.854072398190059,-15.110650069156268,30000.0,4011392.0
31000.0,340.58578771,3.5344289412245775E-4,31000.0,55.21935483870968,6.268123793213699,5.287575902299247,-15.66405599066823,31000.0,4011392.0
32000.0,350.720126574,3.639598040680946E-4,32000.0,54.83125,6.323473393912403,4.600356412118007,-16.283185840707972,32000.0,4011392.0
33000.0,360.811006998,3.7443161501852406E-4,33000.0,54.481818181818184,6.392597039068243,4.098831641448008,-16.776801679235,33000.0,4011392.0
34000.0,370.923304022,3.849256510451587E-4,34000.0,54.11764705882353,6.361852038845665,3.4952056913083793,-17.434507678410142,34000.0,4011392.0
35000.0,381.090001205,3.9547614083566574E-4,35000.0,53.87428571428572,6.536812427600119,3.2308337828927813,-17.49636098981076,35000.0,4011392.0
36000.0,391.187285002,4.059545968862929E-4,36000.0,53.63888888888889,6.668201298838622,2.9312550889845324,-17.58489502606736,36000.0,4011392.0
37000.0,401.314356991,4.1646396563254945E-4,37000.0,53.32702702702703,6.594678563238052,2.385393703012844,-18.159425248032832,37000.0,4011392.0
38000.0,411.380752748,4.269103676203082E-4,38000.0,52.99473684210526,6.447191038442623,1.673455906638777,-18.905605112501682,38000.0,4011392.0
39000.0,421.586636272,4.3750152303537415E-4,39000.0,52.733333333333334,6.407684785087844,1.1422748967662246,-19.31391585760517,39000.0,4011392.0
40000.0,431.709844592,4.4800688225920616E-4,40000.0,52.4725,6.340384964813288,0.6428347444340022,-19.769419769419773,40000.0,4011392.0
41000.0,441.801839624,4.5847984989406444E-4,41000.0,52.22926829268293,6.2802321078953405,0.3003308729956735,-20.174254509755787,41000.0,4011392.0
42000.0,452.001975274,4.6906504045300624E-4,42000.0,51.98571428571429,6.197422858773214,-0.06450652508310377,-20.624476612034908,42000.0,4011392.0
43000.0,462.167229375,4.7961403268519776E-4,43000.0,51.818604651162794,6.225624687564006,-0.2904443799012411,-20.692065711289757,43000.0,4011392.0
44000.0,472.280888468,4.901094821989089E-4,44000.0,51.58636363636364,6.123925712640822,-0.6282771977892118,-21.158002502559416,44000.0,4011392.0
45000.0,482.460676964,5.006735574992099E-4,45000.0,51.388888888888886,6.064366010434971,-1.0439281260104474,-21.467044255649963,45000.0,4011392.0
46000.0,492.46980033,5.110605250643978E-4,46000.0,51.15,5.925107172820264,-1.5546617254937511,-22.038776951067206,46000.0,4011392.0
47000.0,502.569137679,5.215411121885703E-4,47000.0,50.99361702127659,5.90353095832946,-1.8168154893466546,-22.184499496047973,47000.0,4011392.0
48000.0,512.635367799,5.319873422865357E-4,48000.0,50.787499999999994,5.793625560090624,-2.193380921479565,-22.6352403696397,48000.0,4011392.0
49000.0,522.681166113,5.42412369278249E-4,49000.0,50.593877551020405,5.6936879123870385,-2.6457494170023264,-23.044472681067358,49000.0,4011392.0
50000.0,532.853864099,5.529690864019447E-4,50000.0,50.486,5.7094027977493775,-2.790118330911357,-23.003925075768873,50000.0,4011392.0
51000.0,542.906761297,5.634014802603815E-4,51000.0,50.068627450980394,5.2769147924699915,-3.93453328435574,-24.712277780498546,51000.0,4011392.0
52000.0,552.968900564,5.738434650757312E-4,52000.0,49.72692307692308,4.956865038748362,-4.9331674226307385,-26.03413364188602,52000.0,4011392.0
53000.0,562.958659076,5.842103367640828E-4,53000.0,49.33207547169811,4.5691983174871895,-6.112933180542931,-27.693770803613877,53000.0,4011392.0
54000.0,573.031732504,5.94663668504783E-4,54000.0,48.96111111111111,4.22036862550229,-7.091234069008399,-29.25479529146933,54000.0,4011392.0
55000.0,583.174156233,6.051889685189057E-4,55000.0,48.627272727272725,3.925480390588542,-8.062110375951349,-30.63479587590737,55000.0,4011392.0
56000.0,593.255895641,6.15651293380171E-4,56000.0,48.29107142857143,3.631935351324165,-8.901842798044363,-32.06092944771287,56000.0,4011392.0
57000.0,603.245653006,6.260181638782234E-4,57000.0,47.98070175438596,3.374867663965153,-9.790054430332876,-33.364818063239355,57000.0,4011392.0
58000.0,613.325587254,6.364786154347362E-4,58000.0,47.66034482758621,3.1092766075085256,-10.695011668611423,-34.75829005193768,58000.0,4011392.0
59000.0,623.509626246,6.470471016871728E-4,59000.0,47.4135593220339,2.9347621896742404,-11.335988803961676,-35.73365998775044,59000.0,4011392.0
60000.0,633.63790939,6.575577273095054E-4,60000.0,47.14666666666666,2.737812795218588,-11.993219381268549,-36.8548247885379,60000.0,4011392.0
61000.0,643.634229859,6.679314086685975E-4,61000.0,46.863934426229505,2.5249226493181673,-12.744791123169493,-38.09807847982616,61000.0,4011392.0
62000.0,653.719971313,6.783978866530162E-4,62000.0,46.58709677419355,2.3215151179861806,-13.593798236888146,-39.330191854594396,62000.0,4011392.0
63000.0,663.802628187,6.888611636146039E-4,63000.0,46.32380952380952,2.1356802885301294,-14.274128142741274,-40.50191125145421,63000.0,4011392.0
64000.0,673.840163828,6.99277616017583E-4,64000.0,46.050000000000004,1.9409475651738242,-14.970697922216312,-41.76383642634257,64000.0,4011392.0
65000.0,683.959320232,7.097787703656701E-4,65000.0,45.839999999999996,1.8160322517595604,-15.49868766404201,-42.641815235008124,65000.0,4011392.0
66000.0,694.055541907,7.202561241992139E-4,66000.0,45.60454545454545,1.6653875195303665,-16.19574715991843,-43.70171716767403,66000.0,4011392.0
67000.0,704.207250307,7.30791059380474E-4,67000.0,45.35820895522388,1.5053529509882484,-16.923764811088745,-44.85241750415445,67000.0,4011392.0
68000.0,714.254873692,7.412179803395795E-4,68000.0,45.133823529411764,1.3692158489317952,-17.61609028719145,-45.88074291300098,68000.0,4011392.0
69000.0,724.211116871,7.515500714918065E-4,69000.0,44.88550724637681,1.2111701692062238,-18.42982155647599,-47.08567008315608,69000.0,4011392.0
70000.0,734.210872455,7.619273176414185E-4,70000.0,44.67142857142857,1.0882174279439298,-19.019083617590105,-48.08442303280569,70000.0,4011392.0
71000.0,744.28745563,7.723842916219951E-4,71000.0,44.45774647887324,0.9668609169233588,-19.62687699074777,-49.09826458467239,71000.0,4011392.0
72000.0,754.360854001,7.828379605722868E-4,72000.0,44.23611111111111,0.839448471838884,-20.256387216581324,-50.183287199820455,72000.0,4011392.0
73000.0,764.401442031,7.932575805918873E-4,73000.0,44.04383561643835,0.74031177477178,-20.798462220907876,-51.087438970261864,73000.0,4011392.0
74000.0,774.452749374,8.036883245783309E-4,74000.0,43.870270270270275,0.658652001865414,-21.163326624077484,-51.87947930378819,74000.0,4011392.0
75000.0,784.461597108,8.140750061064165E-4,75000.0,43.66133333333334,0.5462045565777696,-21.84670396216622,-52.92797683677164,75000.0,4011392.0
76000.0,794.517232002,8.245102410088205E-4,76000.0,43.455263157894734,0.43762979746565683,-22.52730020243493,-53.97348620566104,76000.0,4011392.0
77000.0,804.518602242,8.34889162767663E-4,77000.0,43.26883116883117,0.3470947589011071,-23.133949712481673,-54.898762455232074,77000.0,4011392.0
78000.0,814.485283663,8.452320862053086E-4,78000.0,43.07435897435897,0.2506864524262162,-23.665227684166563,-55.89495119724739,78000.0,4011392.0
79000.0,824.512265588,8.556375864897279E-4,79000.0,42.90253164556962,0.17402260319202728,-24.196701451031156,-56.74670743996943,79000.0,4011392.0
80000.0,834.608794857,8.661152595289388E-4,80000.0,42.79375,0.14902722232501034,-24.405360589338617,-57.16542463683504,80000.0,4011392.0
81000.0,844.802096664,8.766933582674493E-4,81000.0,42.791358024691355,0.20828050132462636,-24.296558568707926,-56.84210526315788,81000.0,4011392.0
82000.0,854.95446668,8.872289800406997E-4,82000.0,42.81829268292683,0.2877194437652969,-24.192822142762545,-56.322720453408884,82000.0,4011392.0
83000.0,865.15771295,8.978173986454819E-4,83000.0,42.818072289156625,0.3425007915196618,-24.17519164857017,-56.00368142523748,83000.0,4011392.0
84000.0,875.44264516,9.084905868328026E-4,84000.0,42.82261904761905,0.39823464111970663,-24.041838842975192,-55.66034678334143,84000.0,4011392.0
85000.0,885.647534572,9.190807106081611E-4,85000.0,42.82941176470588,0.4530171392899142,-24.023786432545556,-55.310172904215534,85000.0,4011392.0
86000.0,895.734824339,9.295487953543634E-4,86000.0,42.80930232558139,0.48490102564576365,-23.876687487406805,-55.15457413249211,86000.0,4011392.0
87000.0,905.950387509,9.401499958218648E-4,87000.0,42.81609195402299,0.5349158572888696,-23.777772248899055,-54.820439409970724,87000.0,4011392.0
88000.0,916.119879313,9.507033857302566E-4,88000.0,42.80795454545455,0.5715940368674794,-23.664553540714543,-54.596836123483314,88000.0,4011392.0
89000.0,926.271645054,9.612383804171382E-4,89000.0,42.8191011235955,0.6204223662778562,-23.566832584678895,-54.24787076046432,89000.0,4011392.0
90000.0,936.508577928,9.718617572945218E-4,90000.0,42.84888888888889,0.6805928647810552,-23.448375174002788,-53.779000239177236,90000.0,4011392.0
91000.0,946.735655494,9.824749068262331E-4,91000.0,42.854945054945055,0.7214575332738863,-23.288840418217603,-53.479723747122364,91000.0,4011392.0
92000.0,956.847064517,9.929680213298484E-4,92000.0,42.85434782608696,0.7557536986435862,-23.202024699458658,-53.23229379189742,92000.0,4011392.0
93000.0,967.078507251,0.0010035857008145609,93000.0,42.86021505376344,0.79291728886773,-23.054835124120057,-52.94727147133318,93000.0,4011392.0
94000.0,977.336843419,0.0010142312889598484,94000.0,42.851063829787236,0.81798661075346,-22.96845671382137,-52.76987828460925,94000.0,4011392.0
95000.0,987.556318125,0.0010248365486237527,95000.0,42.88,0.8678388922735388,-22.758121436974015,-52.34138124649075,95000.0,4011392.0
96000.0,997.711115339,0.001035374689221677,96000.0,42.905208333333334,0.9133317099497456,-22.578553058257846,-51.944667757048194,96000.0,4011392.0
97000.0,1007.869661698,0.0010459167204947474,97000.0,42.89793814432989,0.9352421267427243,-22.506801141264678,-51.771475544595134,97000.0,4011392.0
98000.0,1017.970028992,0.0010563983764443224,98000.0,42.87448979591837,0.9451687951821821,-22.535951145840176,-51.711335736158915,98000.0,4011392.0
99000.0,1028.116677084,0.0010669280602910605,99000.0,42.87474747474748,0.9698283150581786,-22.493447984578378,-51.4974551299223,99000.0,4011392.0
100000.0,1038.429625103,0.0010776303218835892,100000.0,42.869,0.9893841029413356,-22.454184974815124,-51.32837125526446,100000.0,4011392.0
