learning evaluation instances,evaluation time (cpu seconds),model cost (RAM-Hours),classified instances,classifications correct (percent),Kappa Statistic (percent),Kappa Temporal Statistic (percent),Kappa M Statistic (percent),model training instances,model serialized size (bytes)
1000.0,12.176080519,1.2635576107592924E-5,1000.0,28.9,0.0,-75.55555555555556,-146.02076124567472,1000.0,4011344.0
2000.0,23.543045203,2.443150232152362E-5,2000.0,30.25,0.0,-67.66826923076921,-130.57851239669424,2000.0,4011344.0
3000.0,34.892588136,3.620934933005283E-5,3000.0,30.333333333333336,0.0,-68.14159292035397,-129.67032967032966,3000.0,4011344.0
4000.0,46.165739949,4.79079224039856E-5,4000.0,30.25,0.0,-64.89361702127658,-130.57851239669424,4000.0,4011344.0
5000.0,57.360802832,5.952545966211246E-5,5000.0,30.48,0.0,-64.50544249881686,-128.08398950131237,5000.0,4011344.0
6000.0,68.542178698,7.112879338859221E-5,6000.0,30.216666666666665,0.0,-66.08488694962317,-130.9431880860452,6000.0,4011344.0
7000.0,79.680228813,8.268716635587487E-5,7000.0,29.97142857142857,0.0,-67.1326287078077,-133.6510962821735,7000.0,4011344.0
8000.0,90.778920858,9.420469597556657E-5,8000.0,30.337500000000002,0.0,-64.34680035387791,-129.62505150391434,8000.0,4011344.0
9000.0,102.144214193,1.0599888776786143E-4,9000.0,30.444444444444446,0.0,-63.40381101540069,-128.46715328467155,9000.0,4011344.0
10000.0,113.534612281,1.17819131705319E-4,10000.0,30.459999999999997,0.0,-63.893471600282815,-128.29940906106373,10000.0,4011344.0
11000.0,125.06692027,1.2978664087740676E-4,11000.0,30.44545454545455,0.0,-64.07891915076131,-128.4562555986862,11000.0,4011344.0
12000.0,136.301150071,1.414448231175142E-4,12000.0,30.275000000000002,0.0,-65.35573122529645,-130.30553261767136,12000.0,4011344.0
13000.0,147.414897379,1.5297797614912073E-4,13000.0,30.138461538461534,0.0,-65.72992700729928,-131.80193976518635,13000.0,4011344.0
14000.0,158.506460011,1.6448810730915021E-4,14000.0,30.114285714285714,0.0,-65.69009314140557,-132.06831119544592,14000.0,4011344.0
15000.0,169.661801761,1.760644244555738E-4,15000.0,29.96666666666667,0.0,-66.56096400824481,-133.70411568409347,15000.0,4011344.0
16000.0,180.871615714,1.876972694531134E-4,16000.0,30.043750000000003,0.0,-66.38917793964619,-132.84793010193465,16000.0,4011344.0
17000.0,192.021218523,1.992676310848975E-4,17000.0,30.023529411764706,0.0,-66.98483997754069,-133.07210031347964,17000.0,4011344.0
18000.0,203.15068132,2.1081709266973817E-4,18000.0,29.977777777777774,0.0,-67.36157216837073,-133.5804299481097,18000.0,4011344.0
19000.0,214.286685561,2.2237334255672473E-4,19000.0,30.05263157894737,0.0,-66.85499058380414,-132.74956217162875,19000.0,4011344.0
20000.0,225.412061261,2.3391856280749064E-4,20000.0,30.075000000000003,0.0,-66.46827758600165,-132.50207813798838,20000.0,4011344.0
21000.0,236.604801247,2.455336895081489E-4,21000.0,30.157142857142855,0.0,-66.08538104404937,-131.59639981051632,21000.0,4011344.0
22000.0,247.84405343,2.5719708366270645E-4,22000.0,30.13636363636364,0.0,-66.82948008249211,-131.82503770739063,22000.0,4011344.0
23000.0,259.130354925,2.689093026555737E-4,23000.0,30.017391304347825,0.0,-67.6492032079992,-133.14020857473926,23000.0,4011344.0
24000.0,270.357068697,2.805596852300738E-4,24000.0,29.983333333333334,0.0,-67.888899990009,-133.51862145636468,24000.0,4011344.0
25000.0,281.555777712,2.921810062163316E-4,25000.0,29.864,0.0,-68.3210137275607,-134.851326011251,25000.0,4011344.0
26000.0,292.715255282,3.037616152585172E-4,26000.0,29.788461538461537,0.0,-68.4040590405904,-135.70045190445447,26000.0,4011344.0
27000.0,303.861021332,3.153279953413722E-4,27000.0,29.81111111111111,0.0,-68.51324915525521,-135.44539694371974,27000.0,4011344.0
28000.0,315.132765164,3.2702510730053526E-4,28000.0,29.725,0.0,-69.03187011425138,-136.41715727502103,28000.0,4011344.0
29000.0,326.283195477,3.385963276643025E-4,29000.0,29.76896551724138,0.0,-68.51729273539632,-135.9203058033129,29000.0,4011344.0
30000.0,337.395155927,3.501276264062452E-4,30000.0,29.80333333333333,0.0,-68.55290539458942,-135.53293815009505,30000.0,4011344.0
31000.0,348.610147283,3.6176584418934945E-4,31000.0,29.738709677419354,0.0,-69.18595619077212,-136.2620674693568,31000.0,4011344.0
32000.0,359.780375365,3.7335760944164385E-4,32000.0,29.721874999999997,0.0,-69.10294007068202,-136.45252865103566,32000.0,4011344.0
33000.0,370.721938317,3.847120802995098E-4,33000.0,29.784848484848485,0.0,-68.73725604427614,-135.74117407671181,33000.0,4011344.0
34000.0,381.338297174,3.957290746528092E-4,34000.0,29.75588235294118,0.0,-68.84411452810181,-136.06800434911534,34000.0,4011344.0
35000.0,392.490210889,4.0730183439855085E-4,35000.0,29.751428571428573,0.0,-69.04090752836025,-136.11831364640352,35000.0,4011344.0
36000.0,403.799577247,4.1903798866610626E-4,36000.0,29.78611111111111,0.0,-68.79465776293824,-135.7269420871025,36000.0,4011344.0
37000.0,414.97507579,4.3063522327374727E-4,37000.0,29.783783783783786,0.0,-68.79994802157104,-135.7531760435572,37000.0,4011344.0
38000.0,426.15219671,4.422341414829403E-4,38000.0,29.789473684210527,0.0,-68.74327999494021,-135.6890459363958,38000.0,4011344.0
39000.0,437.371795463,4.538771405349726E-4,39000.0,29.838461538461537,0.0,-68.44988918985474,-135.13792214488274,39000.0,4011344.0
40000.0,449.060376331,4.660068199434575E-4,40000.0,29.8375,0.0,-68.366428699982,-135.1487222454965,40000.0,4011344.0
41000.0,460.397965795,4.77772262388214E-4,41000.0,29.787804878048778,0.0,-68.47310821092057,-135.70785228854496,41000.0,4011344.0
42000.0,472.128732143,4.89945719253849E-4,42000.0,29.752380952380953,0.0,-68.89346842978992,-136.10755441741358,42000.0,4011344.0
43000.0,483.446184598,5.01690264767988E-4,43000.0,29.737209302325578,0.0,-68.8914975683381,-136.27903339329004,43000.0,4011344.0
44000.0,494.752441128,5.134231918502176E-4,44000.0,29.795454545454547,0.0,-68.58593025159635,-135.6216628527841,44000.0,4011344.0
45000.0,506.056070652,5.251533927896466E-4,45000.0,29.81111111111111,0.0,-68.47130360571795,-135.44539694371974,45000.0,4011344.0
46000.0,517.382101214,5.369068401276269E-4,46000.0,29.789130434782606,0.0,-68.485575669049,-135.69291396044665,46000.0,4011344.0
47000.0,528.656405745,5.486066094203263E-4,47000.0,29.76595744680851,0.0,-68.64207622356186,-135.9542530378842,47000.0,4011344.0
48000.0,539.896150986,5.602705152396904E-4,48000.0,29.735416666666666,0.0,-68.66873374674937,-136.29930638268058,48000.0,4011344.0
49000.0,551.237785013,5.720401548793923E-4,49000.0,29.76326530612245,0.0,-68.48289029226025,-135.98464070213936,49000.0,4011344.0
50000.0,562.408849134,5.8363278772076E-4,50000.0,29.772,0.0,-68.33980535979674,-135.88606744592235,50000.0,4011344.0
51000.0,573.914422084,5.955725529386667E-4,51000.0,30.01960784313725,0.0,-67.16627634660423,-133.115610711953,51000.0,4011344.0
52000.0,584.774943551,6.068429240035006E-4,52000.0,30.265384615384615,0.0,-66.06521340904926,-130.41047147032657,52000.0,4011344.0
53000.0,596.209776736,6.187092799101682E-4,53000.0,30.47924528301887,0.0,-65.22129052508855,-128.09211340844377,53000.0,4011344.0
54000.0,608.337042335,6.312941989417108E-4,54000.0,30.703703703703706,0.0,-63.92149991238829,-125.69360675512668,54000.0,4011344.0
55000.0,620.580753984,6.439999584132379E-4,55000.0,30.94181818181818,0.0,-62.949933502080754,-123.18721353860617,55000.0,4011344.0
56000.0,632.647803807,6.565223892722246E-4,56000.0,31.157142857142855,0.0,-61.97638754674175,-120.95369096744611,56000.0,4011344.0
57000.0,644.234895178,6.685467492175651E-4,57000.0,31.34736842105263,0.0,-61.182964000329534,-119.00604432505035,57000.0,4011344.0
58000.0,655.998739306,6.807545321379602E-4,58000.0,31.575862068965517,0.0,-60.19860331812863,-116.69760838702629,58000.0,4011344.0
59000.0,668.12308605,6.933364221640325E-4,59000.0,31.796610169491522,0.0,-59.278024065864486,-114.49893390191899,59000.0,4011344.0
60000.0,680.038376675,7.057013668029368E-4,60000.0,32.02333333333333,0.0,-58.33689196009162,-112.27230144686165,60000.0,4011344.0
61000.0,691.499898936,7.17595418966254E-4,61000.0,32.19344262295082,0.0,-57.54551687361924,-110.62226295956819,61000.0,4011344.0
62000.0,702.886099082,7.294113065416168E-4,62000.0,32.36129032258064,0.0,-56.793539220818076,-109.01116427432216,62000.0,4011344.0
63000.0,715.796446618,7.428088591129922E-4,63000.0,32.53015873015873,0.0,-56.0769626202541,-107.40704596467256,63000.0,4011344.0
64000.0,727.688885928,7.551500900839891E-4,64000.0,32.6859375,0.0,-55.19651284268164,-105.9419666332043,64000.0,4011344.0
65000.0,740.134971499,7.680658605758634E-4,65000.0,32.80307692307692,0.0,-54.60691656932497,-104.8494512709877,65000.0,4011344.0
66000.0,752.762342079,7.811697573309312E-4,66000.0,32.96515151515151,0.0,-54.011905176314976,-103.35064576917775,66000.0,4011344.0
67000.0,764.94409815,7.938112231720174E-4,67000.0,33.0955223880597,0.0,-53.52421398725941,-102.15567782087128,67000.0,4011344.0
68000.0,777.102831535,8.064287975070724E-4,68000.0,33.233823529411765,0.0,-52.92195762740409,-100.89826983494845,68000.0,4011344.0
69000.0,788.717000864,8.184812572665208E-4,69000.0,33.381159420289855,0.0,-52.380163097527,-99.57018191290757,69000.0,4011344.0
70000.0,800.147807235,8.303434343970471E-4,70000.0,33.50714285714286,0.0,-51.83493720437122,-98.4438286079727,70000.0,4011344.0
71000.0,810.863494958,8.414635060455455E-4,71000.0,33.67464788732394,0.0,-51.16525423728814,-96.95930402777199,71000.0,4011344.0
72000.0,821.293318887,8.522869260975095E-4,72000.0,33.78611111111111,0.0,-50.75736014925846,-95.97961029351313,72000.0,4011344.0
73000.0,831.708483819,8.630951339576713E-4,73000.0,33.88904109589041,0.0,-50.313015853240714,-95.08064190145113,73000.0,4011344.0
74000.0,842.142653593,8.739230638562287E-4,74000.0,34.01081081081081,0.0,-49.72252031273955,-94.0241576605213,74000.0,4011344.0
75000.0,852.523634853,8.846957980359627E-4,75000.0,34.08266666666667,0.0,-49.291861694096326,-93.40427196619979,75000.0,4011344.0
76000.0,863.339977814,8.959203234057052E-4,76000.0,34.17236842105263,0.0,-48.886971013630145,-92.63409187170303,76000.0,4011344.0
77000.0,873.637410073,9.066063556488678E-4,77000.0,34.3012987012987,0.0,-48.351906158357785,-91.53415114341968,77000.0,4011344.0
78000.0,883.870182491,9.172252879462977E-4,78000.0,34.37692307692308,0.0,-47.91504117902036,-90.8928171850526,78000.0,4011344.0
79000.0,894.092732133,9.278336116850886E-4,79000.0,34.50126582278481,0.0,-47.35163458252647,-89.84443792192545,79000.0,4011344.0
80000.0,904.301869944,9.38428017463081E-4,80000.0,34.6075,0.0,-46.932928884395025,-88.95470634977966,80000.0,4011344.0
81000.0,914.559111405,9.490723422055285E-4,81000.0,34.68271604938272,0.0,-46.66241614459168,-88.32805325169973,81000.0,4011344.0
82000.0,924.795294707,9.596948141054035E-4,82000.0,34.765853658536585,0.0,-46.33292299275065,-87.63855759786729,82000.0,4011344.0
83000.0,935.051486572,9.703380496426572E-4,83000.0,34.89277108433735,0.0,-45.79915821282107,-86.59231380131902,83000.0,4011344.0
84000.0,945.256042278,9.8092770039818E-4,84000.0,34.96666666666667,0.0,-45.47681819392292,-85.9866539561487,84000.0,4011344.0
85000.0,955.477082398,9.915344576492914E-4,85000.0,35.050588235294114,0.0,-45.23189435193225,-85.30191655758061,85000.0,4011344.0
86000.0,965.69080847,0.001002133624838066,86000.0,35.13488372093023,0.0,-44.912326276139765,-84.61742123378343,86000.0,4011344.0
87000.0,975.949877302,0.001012779845912039,87000.0,35.22758620689655,0.0,-44.551610917299406,-83.86844166014095,87000.0,4011344.0
88000.0,986.073897246,0.0010232859216822827,88000.0,35.32159090909091,0.0,-44.19953890197866,-83.11295563491299,88000.0,4011344.0
89000.0,996.275822222,0.0010338728424304701,89000.0,35.42022471910112,0.0,-43.913065251139265,-82.32457809922599,89000.0,4011344.0
90000.0,1006.507626377,0.0010444907699250156,90000.0,35.467777777777776,0.0,-43.72788240243511,-81.94605432160648,90000.0,4011344.0
91000.0,1016.706663278,0.0010550746936092948,91000.0,35.510989010989015,0.0,-43.515688048714885,-81.60297075661455,91000.0,4011344.0
92000.0,1027.085288309,0.0010658449826416918,92000.0,35.582608695652176,0.0,-43.30552532946441,-81.03616813294234,92000.0,4011344.0
93000.0,1037.420805801,0.0010765705373616805,93000.0,35.6494623655914,0.0,-43.05930724547604,-80.50913916872774,93000.0,4011344.0
94000.0,1047.744908326,0.0010872842463416491,94000.0,35.748936170212765,0.0,-42.6856926856927,-79.72860373765029,94000.0,4011344.0
95000.0,1057.899206955,0.001097821743440633,95000.0,35.811578947368425,0.0,-42.46764169898604,-79.23929337761973,95000.0,4011344.0
96000.0,1068.202169579,0.0011085135147512854,96000.0,35.88645833333333,0.0,-42.211182994454724,-78.65664276798931,96000.0,4011344.0
97000.0,1078.45632805,0.0011191546401592078,97000.0,35.94639175257732,0.0,-41.94462213287034,-78.1920385453711,97000.0,4011344.0
98000.0,1088.628149262,0.0011297103211007468,98000.0,35.99387755102041,0.0,-41.70243527763972,-77.82502693201793,98000.0,4011344.0
99000.0,1098.858054453,0.0011403262779690212,99000.0,36.06363636363636,0.0,-41.41736857391809,-77.28762288883286,99000.0,4011344.0
99500.0,1104.015054799,0.001145677890933233,99500.0,36.10150753768844,0.0,-41.25527660519883,-76.9967428523705,99500.0,4011344.0
