learning evaluation instances,evaluation time (cpu seconds),model cost (RAM-Hours),classified instances,classifications correct (percent),Kappa Statistic (percent),Kappa Temporal Statistic (percent),Kappa M Statistic (percent),model training instances,model serialized size (bytes)
100.0,3.495932876,2.1569470471402802E-5,100.0,100.0,?,?,?,100.0,2.3849472E7
200.0,7.97742795,5.1094580154961665E-5,200.0,99.0,79.50819672131144,50.0,66.66666666666666,200.0,2.54666E7
300.0,11.8973216,7.69339370409102E-5,300.0,98.33333333333333,60.691823899371045,-25.00000000000063,16.666666666666483,300.0,2.5480608E7
400.0,15.864947055,1.0309489818229662E-4,400.0,98.25,52.47793618465727,-74.99999999999945,-16.666666666666295,400.0,2.5487392E7
500.0,19.859750293,1.2944051559200727E-4,500.0,97.6,38.82544861337668,-100.0,-50.0,500.0,2.5492672E7
600.0,23.722049502,1.5491858739210336E-4,600.0,97.16666666666667,35.68726355611614,-112.50000000000031,-69.9999999999994,600.0,2.5498992E7
700.0,27.404543524,1.792244181172704E-4,700.0,96.71428571428572,47.19233796903712,-91.66666666666656,-4.54545454545424,700.0,2.5513544E7
800.0,31.161800907,2.0406808493503425E-4,800.0,95.625,82.42486630344726,-169.2307692307692,71.31147540983609,800.0,2.5559192E7
900.0,35.021372963,2.2960568031482633E-4,900.0,95.33333333333334,86.15536754202836,-50.0,79.10447761194031,900.0,2.5576624E7
1000.0,38.904459338,2.553084903520649E-4,1000.0,94.69999999999999,85.74103568507596,17.187499999999854,79.37743190661477,1000.0,2.5586208E7
1100.0,43.01478191,2.8252583624262614E-4,1100.0,89.81818181818181,73.86231038506416,-16.666666666666647,65.53846153846153,1100.0,2.5596008E7
1200.0,46.693741673,3.068937305104619E-4,1200.0,88.5,70.3507421266539,-17.948717948717903,61.55988857938719,1200.0,2.5603264E7
1300.0,50.608547024,3.3282865310505937E-4,1300.0,85.61538461538461,63.98433148044991,-49.60000000000001,55.36992840095465,1300.0,2.5608088E7
1400.0,54.386561205,3.5786691217763256E-4,1400.0,83.71428571428572,60.52514419699834,-57.24137931034483,52.301255230125534,1400.0,2.5617864E7
1500.0,58.173651845,3.8297047363353306E-4,1500.0,81.33333333333333,55.466488532620794,-56.424581005586624,47.66355140186917,1500.0,2.562312E7
1600.0,61.800715197,4.0701740272817874E-4,1600.0,79.0625,50.79155818163791,-50.224215246636724,43.602693602693606,1600.0,2.5627536E7
1700.0,65.490953167,4.3148647778238583E-4,1700.0,77.47058823529412,48.15587476510494,-59.5833333333333,41.347626339969366,1700.0,2.5631E7
1800.0,69.827898189,4.602561961058804E-4,1800.0,77.16666666666666,47.886728655959416,-44.71830985915495,41.28571428571426,1800.0,2.5642128E7
1900.0,73.800457831,4.8661220833790794E-4,1900.0,76.21052631578948,46.84722600450573,-49.668874172185454,41.14583333333333,1900.0,2.5645528E7
2000.0,77.693137833,5.124417139437634E-4,2000.0,75.94999999999999,46.27859185132236,-44.01197604790419,40.47029702970296,2000.0,2.564896E7
2100.0,81.578812279,5.38230348039462E-4,2100.0,75.42857142857143,46.34389817818819,-39.083557951482476,41.4965986394558,2100.0,2.5654544E7
2200.0,85.559697573,5.646533126096703E-4,2200.0,74.68181818181819,45.66528324642616,-39.94974874371859,41.675392670157066,2200.0,2.5656904E7
2300.0,89.324135343,5.896423267579726E-4,2300.0,74.47826086956522,45.75602465306516,-44.226044226044216,42.16748768472906,2300.0,2.5659688E7
2400.0,93.168534353,6.151673891988883E-4,2400.0,74.54166666666666,46.17735925511578,-41.763341067285424,42.79026217228463,2400.0,2.5664968E7
2500.0,96.907467003,6.399947874666818E-4,2500.0,74.92,47.16643567079583,-36.60130718954251,43.917710196779964,2500.0,2.566764E7
2600.0,100.565211874,6.642867057276119E-4,2600.0,74.96153846153845,48.491004945788646,-41.83006535947715,46.551724137931025,2600.0,2.5671472E7
2700.0,104.67604398,6.915924440641518E-4,2700.0,75.44444444444444,50.42317960761724,-44.44444444444439,49.69650986342944,2700.0,2.5675952E7
2800.0,108.592551194,7.176108623382888E-4,2800.0,75.5,51.227538463413545,-49.455337690631815,50.36179450072359,2800.0,2.5679368E7
2900.0,112.620027595,7.443731055336494E-4,2900.0,75.72413793103449,52.18439734915695,-53.376906318082796,49.05933429811867,2900.0,2.5685728E7
3000.0,116.402861293,7.695134059147079E-4,3000.0,76.16666666666667,53.40129285886219,-55.77342047930277,48.26338639652678,3000.0,2.5689496E7
3100.0,120.350139056,7.957499330418544E-4,3100.0,76.70967741935483,54.66830208061596,-57.29847494553376,47.756874095513744,3100.0,2.5692776E7
3200.0,124.253663905,8.216970839649529E-4,3200.0,76.96875,55.28896101433999,-59.17926565874736,46.90201729106627,3200.0,2.56942E7
3300.0,128.052259992,8.469491913167959E-4,3300.0,77.15151515151516,55.642488655693946,-59.408033826638516,46.93877551020408,3300.0,2.5696672E7
3400.0,131.796043975,8.718378746687541E-4,3400.0,77.67647058823529,56.66294972727517,-59.119496855345965,46.811492641906085,3400.0,2.5697656E7
3500.0,135.543262502,8.967503292630965E-4,3500.0,78.2,57.627011070766464,-56.99588477366249,48.165760869565226,3500.0,2.5698624E7
3600.0,139.181725338,9.209412169586789E-4,3600.0,78.33333333333333,57.85663150216796,-58.215010141987854,48.514851485148505,3600.0,2.5700184E7
3700.0,143.137073608,9.472415864139129E-4,3700.0,78.75675675675676,58.627941972708264,-58.14889336016105,49.647661755285064,3700.0,2.5702744E7
3800.0,146.857247543,9.719794079601535E-4,3800.0,79.15789473684211,59.37567913049699,-52.89575289575295,50.031545741324926,3800.0,2.5703992E7
3900.0,150.39892036,9.955310820784265E-4,3900.0,79.33333333333333,59.71131182398788,-50.654205607476676,50.76359193646914,3900.0,2.5704888E7
4000.0,154.275852832,0.0010213137629434,4000.0,79.60000000000001,60.193422890001415,-52.52336448598124,50.15271838729384,4000.0,2.5706456E7
4100.0,158.138082203,0.0010470013738171386,4100.0,79.53658536585367,60.061293763761256,-56.23836126629419,49.05889496053432,4100.0,2.5709168E7
4200.0,161.894362863,0.0010719850526751794,4200.0,79.88095238095238,60.65228728952468,-54.47897623400358,49.34052757793766,4200.0,2.570992E7
4300.0,165.469785234,0.0010957672544031141,4300.0,80.11627906976744,61.013882938788655,-56.02189781021899,48.80239520958083,4300.0,2.571148E7
4400.0,169.534358422,0.0011228040316364984,4400.0,80.1590909090909,61.05842574336924,-56.45161290322576,48.88758782201406,4400.0,2.5712384E7
4500.0,173.793179458,0.0011511344779676562,4500.0,80.24444444444444,61.191241181811826,-58.467023172905506,48.93739230327397,4500.0,2.5713808E7
4600.0,177.785126047,0.0011776908583029328,4600.0,80.41304347826087,61.42293037549118,-60.32028469750891,48.42587292501431,4600.0,2.5715E7
4700.0,181.67444782,0.0012035654458172028,4700.0,80.70212765957446,61.937835518305796,-60.530973451327505,49.301285634432624,4700.0,2.5715912E7
4800.0,185.439054981,0.0012286344552626428,4800.0,80.8125,62.11747285291215,-59.61871750433273,49.256198347107436,4800.0,2.5740672E7
4900.0,189.280395757,0.0012542162167089033,4900.0,81.0204081632653,62.41676141513551,-59.51972555746148,49.20808301474603,4900.0,2.5742456E7
5000.0,193.043429776,0.0012792774528317223,5000.0,81.0,62.235643542000886,-60.74450084602368,48.3414899401849,5000.0,2.5743448E7
5100.0,196.728322206,0.0013038200471130706,5100.0,81.15686274509804,62.446751484246334,-62.057335581787484,48.11015118790496,5100.0,2.5745304E7
5200.0,200.238616124,0.0013272009057969706,5200.0,81.36538461538461,62.71024883515781,-62.31155778894475,47.79094827586207,5200.0,2.5746568E7
5300.0,203.869455207,0.0013513855459747514,5300.0,81.54716981132076,62.92794429393304,-62.1890547263682,47.47583243823844,5300.0,2.5747496E7
5400.0,207.542787474,0.001375855327064558,5400.0,81.64814814814815,63.02729322809577,-62.72577996715931,47.39915074309979,5400.0,2.5749704E7
5500.0,211.164977181,0.001399987294848039,5500.0,81.81818181818183,63.238773656183355,-62.60162601626011,47.31296101159116,5500.0,2.5752768E7
5600.0,215.053906884,0.0014258986314436754,5600.0,82.03571428571429,63.476050932289105,-63.047001620745455,47.052631578947384,5600.0,2.5755032E7
5700.0,218.71547375,0.0014502961152606459,5700.0,82.21052631578948,63.70443131479031,-61.72248803827749,47.26989079563183,5700.0,2.575612E7
5800.0,222.436330422,0.0014750895401460997,5800.0,82.46551724137932,64.0940370267384,-59.154929577464664,47.55028365136671,5800.0,2.575704E7
5900.0,226.196742387,0.0015001479994965713,5900.0,82.72881355932203,64.56094261137417,-57.49613601236477,48.195221148957806,5900.0,2.5758544E7
6000.0,229.987412972,0.0015254113035238297,6000.0,82.83333333333334,64.68486268640308,-56.77321156773203,48.16305988928034,6000.0,2.5761816E7
6100.0,233.71069519,0.0015502271708736394,6100.0,82.91803278688525,64.82650594649081,-55.29061102831599,48.59398125308337,6100.0,2.576356E7
6200.0,237.269136075,0.0015739459824719115,6200.0,83.06451612903226,65.10298372169441,-52.39477503628449,49.152542372881356,6200.0,2.576532E7
6300.0,241.079963039,0.0015993481951145413,6300.0,83.25396825396825,65.4444725193483,-50.9298998569385,49.69003338102051,6300.0,2.5766456E7
6400.0,244.790035779,0.0016240795833864737,6400.0,83.390625,65.6273563237439,-50.353606789250385,49.83482774893816,6400.0,2.5767272E7
6500.0,248.462805414,0.0016485636921399177,6500.0,83.58461538461538,65.99898421015475,-49.43977591036423,50.487238979118324,6500.0,2.5768728E7
6600.0,252.110816606,0.0016728858545243962,6600.0,83.75757575757575,66.3418449190229,-48.476454293628876,51.05022831050226,6600.0,2.5772016E7
6700.0,255.895795204,0.001698122386347864,6700.0,83.85074626865672,66.48653576441478,-48.01641586867303,51.32703553756186,6700.0,2.5773216E7
6800.0,259.629138881,0.0017230166718667085,6800.0,83.97058823529412,66.63549585315945,-47.496617050067684,51.40436914846188,6800.0,2.577532E7
6900.0,263.367844129,0.0017479477147374059,6900.0,83.73913043478261,66.08063483690286,-51.41700404858306,50.02227171492204,6900.0,2.577636E7
7000.0,267.650872853,0.0017765102236594619,7000.0,83.84285714285714,66.25980115060173,-51.00133511348468,50.37297060114086,7000.0,2.5777912E7
7100.0,271.59217479,0.0018027947507716616,7100.0,83.73239436619718,65.98080405523916,-53.590425531914875,49.60732984293193,7100.0,2.5778808E7
7200.0,275.258194832,0.0018272440613352537,7200.0,83.95833333333333,66.32153939237837,-53.38645418326687,49.891540130151846,7200.0,2.577948E7
7300.0,278.991329833,0.0018521438239014816,7300.0,83.95890410958904,66.31778347586699,-54.6895640686922,49.89302524604193,7300.0,2.5782432E7
7400.0,283.206480567,0.0018802589309002507,7400.0,84.14864864864865,66.53122664854973,-54.953764861294566,49.80744544287549,7400.0,2.5782736E7
7500.0,286.966784734,0.0019053408516635803,7500.0,84.30666666666666,66.69517934084712,-55.072463768116044,49.67935014963658,7500.0,2.57834E7
7600.0,291.097828299,0.0019328962196112724,7600.0,84.51315789473685,66.93902339504282,-55.07246376811587,49.67935014963661,7600.0,2.5783912E7
7700.0,295.192209014,0.001960208119387095,7700.0,84.68831168831169,67.12454193883325,-55.335968379446676,49.59384352287303,7700.0,2.5784936E7
7800.0,299.290189928,0.0019875443907939445,7800.0,84.88461538461539,67.34989907660022,-55.33596837944666,49.593843522873,7800.0,2.5785272E7
7900.0,303.238755183,0.002013884540109792,7900.0,85.07594936708861,67.56659745015045,-55.33596837944658,49.59384352287303,7900.0,2.578584E7
8000.0,307.346015326,0.0020412844187576752,8000.0,85.2,67.65681918338522,-55.99472990777333,49.38007695596409,8000.0,2.578688E7
8100.0,311.097880063,0.0020663141235322657,8100.0,85.38271604938271,67.85857127890672,-55.994729907773376,49.38007695596408,8100.0,2.57876E7
8200.0,315.110059254,0.0020930810460184903,8200.0,85.5609756097561,68.0529916000243,-55.994729907773454,49.380076955964086,8200.0,2.5788168E7
8300.0,319.197611341,0.0021203514554936683,8300.0,85.69879518072288,68.17117813776274,-56.38998682476942,49.25181701581871,8300.0,2.5788776E7
8400.0,322.98499164,0.0021456291227977395,8400.0,85.86904761904762,68.35258624005948,-56.38998682476949,49.25181701581875,8400.0,2.5798856E7
8500.0,326.824855314,0.0021712578207430206,8500.0,86.03529411764706,68.52774150369112,-56.38998682476942,49.2518170158187,8500.0,2.5799608E7
8600.0,330.369802903,0.002194918541057045,8600.0,86.19767441860465,68.69696173904106,-56.38998682476944,49.25181701581874,8600.0,2.5800048E7
8700.0,334.174651063,0.0022203144929529486,8700.0,86.35632183908046,68.86054357768953,-56.38998682476942,49.25181701581875,8700.0,2.5800584E7
8800.0,338.105491072,0.002246552288646845,8800.0,86.51136363636364,69.05476858029242,-55.570117955439116,49.3816631130064,8800.0,2.5801464E7
8900.0,341.766941957,0.0022709928976296645,8900.0,86.64044943820225,69.20002910572656,-55.42483660130717,49.42577626541897,8900.0,2.5802464E7
9000.0,345.467185181,0.0022956938284189707,9000.0,86.74444444444444,69.26119686026186,-55.947712418300696,49.2556358996172,9000.0,2.5803904E7
9100.0,349.073425555,0.002319768908631292,9100.0,86.89010989010988,69.40619792560817,-55.94771241830059,49.25563589961719,9100.0,2.5805688E7
9200.0,353.322287617,0.002348134969617207,9200.0,86.96739130434783,69.41647087788603,-56.73202614379071,49.00042535091451,9200.0,2.580648E7
9300.0,357.426996044,0.002375540915310576,9300.0,86.93548387096774,69.34718663083223,-56.16966580976867,48.992443324937035,9300.0,2.5808624E7
9324.0,359.134063755,0.0023869385564189425,9324.0,86.95838695838695,69.38182249868338,-55.49872122762148,49.05739421868453,9324.0,2.5808728E7
