learning evaluation instances,evaluation time (cpu seconds),model cost (RAM-Hours),classified instances,classifications correct (percent),Kappa Statistic (percent),Kappa Temporal Statistic (percent),Kappa M Statistic (percent),model training instances,model serialized size (bytes)
100.0,3.390599496,2.0870764962892335E-5,100.0,100.0,?,?,?,100.0,2.3793824E7
200.0,7.576789241,4.8390070787579224E-5,200.0,98.0,49.23857868020313,0.0,33.33333333333333,200.0,2.5410952E7
300.0,11.583626828,7.474486605144506E-5,300.0,98.66666666666667,49.494949494949765,0.0,33.33333333333352,300.0,2.542496E7
400.0,15.471555815,1.0032436872494481E-4,400.0,99.0,49.622166246851144,0.0,33.33333333333333,400.0,2.5431744E7
500.0,19.212930257,1.2494476870971924E-4,500.0,98.8,39.6135265700486,0.0,25.0,500.0,2.5437024E7
600.0,22.949377752,1.4953894838826788E-4,600.0,98.66666666666667,32.960893854748576,0.0,20.0000000000004,600.0,2.544344E7
700.0,26.761697858,1.7464685985689205E-4,700.0,97.14285714285714,16.227860220201297,-66.66666666666688,9.090909090909188,700.0,2.545796E7
800.0,30.57924835,1.9983420590205994E-4,800.0,93.25,68.09641970932293,-315.38461538461576,55.73770491803277,800.0,2.5503512E7
900.0,34.078524782,2.2293743132508091E-4,900.0,92.77777777777779,76.56475338909722,-132.1428571428572,67.66169154228858,900.0,2.5520944E7
1000.0,37.920446244,2.483124230044877E-4,1000.0,92.0,77.06777047131466,-25.000000000000043,68.87159533073932,1000.0,2.5530528E7
1100.0,41.644902899,2.7292102962985746E-4,1100.0,87.36363636363636,66.17256637168143,-44.791666666666636,57.230769230769226,1100.0,2.5540328E7
1200.0,45.24789363,2.9673383761022454E-4,1200.0,85.75,61.98113137631272,-46.15384615384607,52.36768802228414,1200.0,2.5547584E7
1300.0,49.268918458,3.2331452558035084E-4,1300.0,82.84615384615385,55.71720109492618,-78.4,46.77804295942721,1300.0,2.5552408E7
1400.0,53.41119431,3.5070721055588134E-4,1400.0,80.64285714285714,51.83738962206187,-86.89655172413804,43.30543933054392,1400.0,2.5562184E7
1500.0,57.522764028,3.779024278690181E-4,1500.0,78.33333333333333,47.22655235126007,-81.56424581005594,39.25233644859813,1500.0,2.556744E7
1600.0,61.239761264,4.0249206487145755E-4,1600.0,76.1875,43.08739669652958,-70.85201793721973,35.85858585858585,1600.0,2.5571856E7
1700.0,64.869702,4.2650903623613583E-4,1700.0,74.1764705882353,39.47420496533739,-82.91666666666656,32.771822358346114,1700.0,2.557532E7
1800.0,68.772230032,4.5234077621295954E-4,1800.0,73.38888888888889,38.04254096004599,-68.66197183098588,31.571428571428573,1800.0,2.5586448E7
1900.0,72.375362172,4.761939144538713E-4,1900.0,71.73684210526315,35.55962014091871,-77.81456953642389,30.07812499999999,1900.0,2.5589848E7
2000.0,76.130558674,5.010570698911701E-4,2000.0,71.1,34.13135438698854,-73.05389221556885,28.465346534653463,2000.0,2.559328E7
2100.0,79.972207251,5.264981740902908E-4,2100.0,69.38095238095238,31.764156549791995,-73.31536388140168,27.097505668934236,2100.0,2.5598864E7
2200.0,83.768809115,5.516432768894059E-4,2200.0,68.36363636363636,30.960786700753417,-74.8743718592965,27.120418848167528,2200.0,2.5601224E7
2300.0,87.598179263,5.770081638339899E-4,2300.0,68.04347826086956,30.986478983637607,-80.5896805896806,27.58620689655172,2300.0,2.5604008E7
2400.0,91.273217037,6.013558077103463E-4,2400.0,67.91666666666667,31.082629242445947,-78.65429234338747,27.902621722846437,2400.0,2.5609288E7
2500.0,95.207110419,6.274211258167221E-4,2500.0,67.52,30.41978463723687,-76.90631808278867,27.370304114490175,2500.0,2.561196E7
2600.0,98.995807227,6.525281516542458E-4,2600.0,65.88461538461539,28.97435044576588,-93.24618736383442,27.175697865353044,2600.0,2.5615792E7
2700.0,102.694980472,6.770462078867338E-4,2700.0,64.44444444444444,27.83208932783611,-109.15032679738555,27.162367223065253,2700.0,2.5620272E7
2800.0,106.650193611,7.032647874118713E-4,2800.0,64.17857142857143,28.897161658951465,-118.5185185185185,27.424023154848044,2800.0,2.5623688E7
2900.0,110.268398839,7.272553396808688E-4,2900.0,64.72413793103449,31.22118277216633,-122.87581699346406,25.976845151953693,2900.0,2.5630048E7
3000.0,113.876810734,7.511844745636074E-4,3000.0,64.86666666666666,32.487945190972425,-129.62962962962962,23.733719247467427,3000.0,2.5633816E7
3100.0,117.73361737,7.767641084741705E-4,3100.0,65.2258064516129,33.926122532263854,-134.85838779956427,21.997105643994203,3100.0,2.5637096E7
3200.0,121.403868786,8.011077977398688E-4,3200.0,65.75,35.34438260079579,-136.71706263498925,21.037463976945233,3200.0,2.563852E7
3300.0,125.534337451,8.285066130137751E-4,3300.0,65.9090909090909,35.5172756383312,-137.84355179704022,20.830401125967633,3300.0,2.5640992E7
3400.0,129.277385526,8.533364874772569E-4,3400.0,66.58823529411765,36.99169949164647,-138.15513626834385,20.392431674842324,3400.0,2.5641976E7
3500.0,132.974978845,8.778657593434237E-4,3500.0,66.65714285714286,36.86201184573463,-140.12345679012336,20.720108695652183,3500.0,2.5642944E7
3600.0,136.853306328,9.035955593619841E-4,3600.0,66.86111111111111,37.013278424540005,-141.98782961460446,21.254125412541256,3600.0,2.5644504E7
3700.0,140.626919288,9.286331560617527E-4,3700.0,66.78378378378378,36.597794691353265,-147.28370221327978,21.268417680973727,3700.0,2.5647064E7
3800.0,144.629424432,9.551907249143657E-4,3800.0,66.86842105263158,36.708056949783966,-143.05019305019314,20.56782334384858,3800.0,2.5648312E7
3900.0,149.266316458,9.859586756736389E-4,3900.0,66.61538461538463,35.88537601210525,-143.36448598130843,20.464263897373254,3900.0,2.5649208E7
4000.0,153.41460171,0.0010134861743197492,4000.0,67.10000000000001,36.87524298354655,-145.98130841121485,19.609040928527804,4000.0,2.5650776E7
4100.0,157.396421414,0.0010399118221781573,4100.0,67.5609756097561,37.6855121615528,-147.6722532588454,19.247115968427458,4100.0,2.5653488E7
4200.0,161.342196006,0.0010660990215450234,4200.0,67.95238095238095,38.240044468216766,-146.06946983546612,19.304556354916066,4200.0,2.565424E7
4300.0,165.259749006,0.001092100501709185,4300.0,68.48837209302326,39.168646874334414,-147.2627737226277,18.86227544910179,4300.0,2.56558E7
4400.0,168.893593386,0.0011162198082821369,4400.0,68.54545454545455,39.120753968507856,-148.02867383512546,18.9695550351288,4400.0,2.5656704E7
4500.0,172.533484194,0.0011403805883614083,4500.0,68.71111111111111,39.331462592427116,-150.98039215686268,19.12693854106834,4500.0,2.5658128E7
4600.0,176.204387474,0.0011647483542860351,4600.0,69.21739130434783,40.11867049768909,-151.95729537366546,18.94676588437322,4600.0,2.565932E7
4700.0,180.117306472,0.001190723564176043,4700.0,69.36170212765957,40.18771935809262,-154.86725663716817,19.508105086640573,4700.0,2.5660232E7
4800.0,183.834549058,0.0012154236218904623,4800.0,69.375,40.01117138900154,-154.76603119584053,19.00826446280992,4800.0,2.5684992E7
4900.0,187.398628664,0.0012391075985015564,4900.0,69.59183673469389,40.24964371568815,-155.57461406518013,18.623702894593134,4900.0,2.5686776E7
5000.0,190.923153871,0.001262529633224715,5000.0,70.0,40.8322581897227,-153.80710659898486,18.433931484502438,5000.0,2.5687768E7
5100.0,194.591137933,0.0012869067769054469,5100.0,70.23529411764706,41.07777934055336,-155.98650927487338,18.034557235421182,5100.0,2.5689624E7
5200.0,198.386112183,0.0013121291286850995,5200.0,70.57692307692308,41.50151407845915,-156.2814070351759,17.5646551724138,5200.0,2.5690888E7
5300.0,202.241772362,0.0013377557400318393,5300.0,70.79245283018868,41.74179837793897,-156.7164179104478,16.863587540279262,5300.0,2.5691816E7
5400.0,206.177759221,0.0013639184902278696,5400.0,70.77777777777777,41.46382479210218,-159.11330049261093,16.242038216560502,5400.0,2.5694024E7
5500.0,210.03255597,0.0013895446202370346,5500.0,71.16363636363636,41.97426139747106,-157.88617886178864,16.438356164383563,5500.0,2.5697088E7
5600.0,213.687992007,0.0014138475701145805,5600.0,71.64285714285714,42.60043374987091,-157.37439222042133,16.42105263157895,5600.0,2.5699352E7
5700.0,217.299246726,0.0014378577995642935,5700.0,71.84210526315789,42.76979551391767,-155.98086124401917,16.536661466458654,5700.0,2.570044E7
5800.0,221.124810184,0.0014632938187883315,5800.0,72.0,42.80396354833542,-154.1471048513301,16.245487364620946,5800.0,2.570136E7
5900.0,224.807555305,0.0014877816774760987,5900.0,72.0,42.566265229208724,-155.33230293663064,16.014234875444835,5900.0,2.5702864E7
6000.0,228.641890521,0.0015132807573006496,6000.0,72.26666666666667,42.89430470212551,-153.2724505327244,16.255661801711142,6000.0,2.5706136E7
6100.0,232.247426588,0.001537259904717217,6100.0,72.22950819672131,42.66195165989805,-152.45901639344262,16.42821904292059,6100.0,2.570788E7
6200.0,235.858523988,0.0015612776827766163,6200.0,72.17741935483872,42.38147932252042,-150.3628447024674,16.464891041162222,6200.0,2.570964E7
6300.0,239.448743155,0.0015851576526814477,6300.0,72.23809523809524,42.296163069544356,-150.21459227467824,16.595135908440618,6300.0,2.5710776E7
6400.0,243.657311167,0.0016131513941341404,6400.0,72.546875,42.72353347225946,-148.5148514851485,17.08352996696554,6400.0,2.5711592E7
6500.0,247.446721828,0.001638358492867465,6500.0,72.66153846153847,42.79682211720845,-148.87955182072832,17.54060324825988,6500.0,2.5713048E7
6600.0,251.831447602,0.001667529347834564,6600.0,72.72727272727273,42.783496217353374,-149.30747922437675,17.80821917808219,6600.0,2.5716336E7
6700.0,255.682846437,0.001693153262565783,6700.0,72.86567164179104,42.904627581668834,-148.70041039671685,18.21862348178137,6700.0,2.5717536E7
6800.0,259.540733292,0.0017188224429066752,6800.0,72.97058823529412,42.93104063912268,-148.71447902571046,18.05617476593848,6800.0,2.571964E7
6900.0,263.480762121,0.0017450392304777325,6900.0,73.30434782608695,43.332906800113605,-148.58299595141705,17.951002227171507,6900.0,2.572068E7
7000.0,267.372912991,0.0017709390028178389,7000.0,73.25714285714285,43.057830977878325,-149.93324432576776,17.858709960508996,7000.0,2.5722232E7
7100.0,271.131875174,0.001795953361023267,7100.0,73.4225352112676,43.18718625674131,-150.93085106382978,17.670157068062807,7100.0,2.5723128E7
7200.0,274.893504458,0.0018209861216441497,7200.0,73.66666666666667,43.47570269259738,-151.79282868525888,17.744034707158352,7200.0,2.57238E7
7300.0,278.908609571,0.0018477087707296101,7300.0,73.63013698630137,43.280174987269554,-154.29326287978864,17.629439452289247,7300.0,2.5726752E7
7400.0,282.722265715,0.0018730909702564347,7400.0,73.95945945945947,43.65550508451003,-154.55746367239095,17.543859649122837,7400.0,2.5727056E7
7500.0,286.385237234,0.0018974709012350773,7500.0,74.30666666666667,44.0797120537559,-153.88669301712793,17.614365113296266,7500.0,2.572772E7
7600.0,290.066656412,0.001921974103387007,7600.0,74.64473684210526,44.468804445043716,-153.88669301712773,17.614365113296284,7600.0,2.5728232E7
7700.0,293.81761228,0.0019469411292935982,7700.0,74.87012987012987,44.66336368903481,-154.94071146245062,17.27233860624201,7700.0,2.5729256E7
7800.0,297.64448023,0.001972413772093483,7800.0,75.1923076923077,45.02460470385115,-154.94071146245057,17.27233860624197,7800.0,2.5729592E7
7900.0,301.271388342,0.0019965559623970996,7900.0,75.48101265822785,45.32831734706843,-155.2042160737812,17.18683197947842,7900.0,2.573016E7
8000.0,305.223413359,0.002022863327663662,8000.0,75.64999999999999,45.424783521926706,-156.65349143610007,16.716545532278747,8000.0,2.57312E7
8100.0,309.300725859,0.0020500054510514264,8100.0,75.92592592592592,45.70696611076605,-156.9169960474307,16.631038905515208,8100.0,2.573192E7
8200.0,312.990749871,0.002074569989049431,8200.0,76.21951219512195,46.0208159127529,-156.9169960474309,16.63103890551519,8200.0,2.5732488E7
8300.0,316.711726709,0.0020993411656865892,8300.0,76.48192771084338,46.281477023308966,-157.18050065876136,16.54553227875163,8300.0,2.5733096E7
8400.0,320.584901846,0.002125135652416694,8400.0,76.69047619047619,46.44891988456003,-157.97101449275382,16.289012398460883,8400.0,2.5743176E7
8500.0,324.277268045,0.0021497267100754817,8500.0,76.94117647058823,46.69132646122882,-158.23451910408423,16.20350577169729,8500.0,2.5743928E7
8600.0,327.990746896,0.0021744588001168237,8600.0,77.20930232558139,46.965942860019474,-158.23451910408434,16.203505771697326,8600.0,2.5744368E7
8700.0,331.686706159,0.0021990747206831166,8700.0,77.47126436781609,47.23152739847903,-158.2345191040843,16.203505771697337,8700.0,2.5744904E7
8800.0,335.342236049,0.0022234222047311284,8800.0,77.625,47.34727787322773,-158.06028833551778,16.03411513859275,8800.0,2.5745784E7
8900.0,339.205142004,0.0022491519065946522,8900.0,77.80898876404494,47.46575583201091,-158.16993464052294,15.993194385367895,8900.0,2.5746784E7
9000.0,342.998218426,0.002274417907120361,9000.0,77.98888888888888,47.59046047023193,-158.95424836601322,15.737983836665242,9000.0,2.5748224E7
9100.0,346.897517496,0.0023003932652357908,9100.0,78.23076923076923,47.82755817193547,-158.95424836601302,15.737983836665235,9100.0,2.5750008E7
9200.0,350.860633568,0.002326794555219458,9200.0,78.42391304347827,47.97922860904285,-159.4771241830063,15.567843470863474,9200.0,2.57508E7
9300.0,355.048868808,0.00235469785592807,9300.0,78.34408602150538,47.689714226346666,-158.8688946015425,15.44920235096557,9300.0,2.5752944E7
9324.0,356.8467937,0.00236667622835355,9324.0,78.35692835692836,47.670478371634026,-158.05626598465471,15.458734813573516,9324.0,2.5753048E7
